<<<<<<< HEAD
last-generated=2022-08-05
=======
last-generated=2024-09-13
>>>>>>> master
statistics-initialization=
{
  "nonlinear": "5, 10, 0, 0",
  "numerical Jacobians": "0"
}
statistics-simulation=
{
  "linear": "0, 0, 0, 0, 0, 0, 0",
  "nonlinear": "1, 10, 0",
  "number of continuous time states": "27",
  "numerical Jacobians": "0"
}
time=[1.296e+06, 1.3824e+06]
senTOut.T=[2.681499938964844e+02, 2.680006103515625e+02, 2.678824462890625e+02, 2.677569885253906e+02, 2.675857238769531e+02, 2.673489074707031e+02, 2.670778503417969e+02, 2.667972106933594e+02, 2.665312194824219e+02, 2.6629833984375e+02, 2.661046142578125e+02, 2.659736938476562e+02, 2.659306640625e+02, 2.660298767089844e+02, 2.6639697265625e+02, 2.6689599609375e+02, 2.673535766601562e+02, 2.676152648925781e+02, 2.678009948730469e+02, 2.679618225097656e+02, 2.680851135253906e+02, 2.681575012207031e+02, 2.681536254882812e+02, 2.681101989746094e+02, 2.680885620117188e+02, 2.681499938964844e+02, 2.682830200195312e+02, 2.684293518066406e+02, 2.685801696777344e+02, 2.687266235351562e+02, 2.688496398925781e+02, 2.689453125e+02, 2.690469055175781e+02, 2.69188232421875e+02, 2.694860229492188e+02, 2.701334228515625e+02, 2.709511413574219e+02, 2.717348327636719e+02, 2.723293762207031e+02, 2.728933410644531e+02, 2.734419860839844e+02, 2.739486999511719e+02, 2.743910217285156e+02, 2.748066101074219e+02, 2.752138061523438e+02, 2.756160583496094e+02, 2.760163269042969e+02, 2.763985595703125e+02, 2.767682189941406e+02, 2.771453247070312e+02, 2.775499877929688e+02, 2.780906677246094e+02, 2.787913208007812e+02, 2.795452575683594e+02, 2.802459106445312e+02, 2.808594970703125e+02, 2.814520263671875e+02, 2.819882507324219e+02, 2.8243017578125e+02, 2.827425842285156e+02, 2.829331359863281e+02, 2.830432434082031e+02, 2.831151733398438e+02, 2.831843566894531e+02, 2.832323608398438e+02, 2.832435302734375e+02, 2.832067260742188e+02, 2.830890808105469e+02, 2.826735534667969e+02, 2.820996398925781e+02, 2.816126098632812e+02, 2.814500122070312e+02, 2.814500122070312e+02, 2.814500122070312e+02, 2.814500122070312e+02, 2.814500122070312e+02, 2.814500122070312e+02, 2.814500122070312e+02, 2.814500122070312e+02, 2.814500122070312e+02, 2.815123901367188e+02, 2.816962585449219e+02, 2.819049987792969e+02, 2.820390930175781e+02, 2.820126342773438e+02, 2.818557434082031e+02, 2.816533203125e+02, 2.81490234375e+02, 2.814390258789062e+02, 2.814595336914062e+02, 2.814947814941406e+02, 2.814945983886719e+02, 2.814153137207031e+02, 2.813063659667969e+02, 2.811892395019531e+02, 2.810629577636719e+02, 2.809265441894531e+02, 2.807815856933594e+02, 2.806335144042969e+02, 2.8048779296875e+02, 2.803500061035156e+02]
<<<<<<< HEAD
boi.T=[2.931499938964844e+02, 3.434050903320312e+02, 3.432326354980469e+02, 3.432236022949219e+02, 3.432167663574219e+02, 3.531861267089844e+02, 3.5654296875e+02, 3.529263610839844e+02, 3.5867724609375e+02, 3.512423400878906e+02, 3.610552368164062e+02, 3.474432373046875e+02, 3.573030395507812e+02, 3.451159057617188e+02, 3.553377685546875e+02, 3.447712097167969e+02, 3.576299743652344e+02, 3.469931030273438e+02, 3.613241882324219e+02, 3.510241394042969e+02, 3.488948059082031e+02, 3.573233032226562e+02, 3.473458862304688e+02, 3.622018127441406e+02, 3.521748352050781e+02, 3.447255859375e+02, 3.586765441894531e+02, 3.488306274414062e+02, 3.5340625e+02, 3.574227600097656e+02, 3.488828125e+02, 3.506012878417969e+02, 3.589794921875e+02, 3.508155212402344e+02, 3.5641357421875e+02, 3.536163940429688e+02, 3.512591552734375e+02, 3.507640991210938e+02, 3.51277587890625e+02, 3.52375732421875e+02, 3.537188720703125e+02, 3.551510925292969e+02, 3.566138305664062e+02, 3.581238708496094e+02, 3.597366943359375e+02, 3.615845031738281e+02, 3.605090637207031e+02, 3.555731811523438e+02, 3.501589965820312e+02, 3.433035888671875e+02, 3.477597961425781e+02, 3.52661376953125e+02, 3.570311889648438e+02, 3.610629272460938e+02, 3.475309448242188e+02, 3.499302673339844e+02, 3.57802001953125e+02, 3.446169738769531e+02, 3.532281799316406e+02, 3.620068664550781e+02, 3.503232727050781e+02, 3.603853759765625e+02, 3.482203063964844e+02, 3.587218017578125e+02, 3.464820556640625e+02, 3.572643432617188e+02, 3.448830261230469e+02, 3.556997680664062e+02, 3.529402465820312e+02, 3.493843078613281e+02, 3.569897155761719e+02, 3.58140869140625e+02, 3.474593200683594e+02, 3.555411376953125e+02, 3.628268432617188e+02, 3.457874755859375e+02, 3.620860290527344e+02, 3.609474792480469e+02, 3.60728515625e+02, 3.612977600097656e+02, 3.629049682617188e+02, 3.595320434570312e+02, 3.556493225097656e+02, 3.516171569824219e+02, 3.479278259277344e+02, 3.445198669433594e+02, 3.44988525390625e+02, 3.474517211914062e+02, 3.498873596191406e+02, 3.521614990234375e+02, 3.5422265625e+02, 3.560737915039062e+02, 3.577750854492188e+02, 3.594247436523438e+02, 3.61093505859375e+02, 3.622748718261719e+02, 3.592666320800781e+02, 3.565703735351562e+02, 3.541665649414062e+02, 3.520282897949219e+02, 3.501016540527344e+02]
temSup.T=[2.931499938964844e+02, 3.036253967285156e+02, 3.110216369628906e+02, 3.156880187988281e+02, 3.190125427246094e+02, 3.182154541015625e+02, 3.185257263183594e+02, 3.187085876464844e+02, 3.188135681152344e+02, 3.189575805664062e+02, 3.192912902832031e+02, 3.194165954589844e+02, 3.193504943847656e+02, 3.194722290039062e+02, 3.191659240722656e+02, 3.186950988769531e+02, 3.184234008789062e+02, 3.185951232910156e+02, 3.180389404296875e+02, 3.176649780273438e+02, 3.17283447265625e+02, 3.176460571289062e+02, 3.182088928222656e+02, 3.178459167480469e+02, 3.175181579589844e+02, 3.172444763183594e+02, 3.176449890136719e+02, 3.178203125e+02, 3.170695495605469e+02, 3.170755615234375e+02, 3.175181884765625e+02, 3.1674658203125e+02, 3.169082946777344e+02, 3.170272216796875e+02, 3.122486267089844e+02, 3.117920837402344e+02, 3.107882080078125e+02, 3.098711853027344e+02, 3.092225341796875e+02, 3.086102905273438e+02, 3.080219116210938e+02, 3.074859008789062e+02, 3.070640258789062e+02, 3.067431945800781e+02, 3.065101928710938e+02, 3.065243835449219e+02, 3.064678344726562e+02, 3.064535827636719e+02, 3.063439331054688e+02, 3.0586376953125e+02, 3.0539892578125e+02, 3.04424560546875e+02, 3.033642272949219e+02, 3.029852600097656e+02, 3.026964721679688e+02, 3.022967529296875e+02, 3.013312377929688e+02, 3.009140014648438e+02, 3.005103759765625e+02, 3.004047546386719e+02, 3.002387084960938e+02, 3.000475158691406e+02, 3.000588989257812e+02, 2.9977001953125e+02, 2.9992138671875e+02, 2.997432556152344e+02, 2.999073486328125e+02, 2.998123474121094e+02, 3.005190734863281e+02, 3.011202697753906e+02, 3.011927795410156e+02, 3.017130737304688e+02, 3.018167114257812e+02, 3.013870239257812e+02, 3.016436462402344e+02, 3.016947326660156e+02, 3.038927612304688e+02, 3.049332580566406e+02, 3.057226257324219e+02, 3.063174438476562e+02, 3.066370849609375e+02, 3.067772521972656e+02, 3.068851623535156e+02, 3.069806213378906e+02, 3.071431884765625e+02, 3.070281982421875e+02, 3.071294860839844e+02, 3.070894165039062e+02, 3.068747863769531e+02, 3.065801696777344e+02, 3.063190612792969e+02, 3.061890869140625e+02, 3.062726440429688e+02, 3.064506530761719e+02, 3.068368835449219e+02, 3.071663818359375e+02, 3.074873657226562e+02, 3.078086853027344e+02, 3.081127014160156e+02, 3.083869934082031e+02, 3.085466918945312e+02]
temRet.T=[2.931499938964844e+02, 3.332731628417969e+02, 3.331942749023438e+02, 3.331846008300781e+02, 3.331781005859375e+02, 3.441787719726562e+02, 3.510294189453125e+02, 3.438455810546875e+02, 3.531898803710938e+02, 3.421910095214844e+02, 3.517962646484375e+02, 3.38173583984375e+02, 3.480977478027344e+02, 3.357405700683594e+02, 3.460868225097656e+02, 3.35614990234375e+02, 3.48573486328125e+02, 3.376759338378906e+02, 3.524028930664062e+02, 3.423855590820312e+02, 3.439861755371094e+02, 3.485404357910156e+02, 3.380914306640625e+02, 3.532853698730469e+02, 3.435886535644531e+02, 3.398191833496094e+02, 3.498381958007812e+02, 3.398138122558594e+02, 3.484725341796875e+02, 3.488902282714844e+02, 3.399241027832031e+02, 3.457616577148438e+02, 3.504317626953125e+02, 3.421443176269531e+02, 3.514346008300781e+02, 3.492669982910156e+02, 3.475550537109375e+02, 3.475029602050781e+02, 3.482786560058594e+02, 3.49622314453125e+02, 3.511998596191406e+02, 3.528542785644531e+02, 3.54493896484375e+02, 3.561144409179688e+02, 3.577884216308594e+02, 3.589193115234375e+02, 3.547203369140625e+02, 3.495726013183594e+02, 3.439906921386719e+02, 3.405324096679688e+02, 3.4528955078125e+02, 3.506966552734375e+02, 3.556891479492188e+02, 3.598381958007812e+02, 3.425300598144531e+02, 3.483425598144531e+02, 3.566900634765625e+02, 3.419412536621094e+02, 3.521720275878906e+02, 3.574091186523438e+02, 3.491968383789062e+02, 3.593841552734375e+02, 3.471405944824219e+02, 3.578654479980469e+02, 3.454879760742188e+02, 3.563733215332031e+02, 3.438902893066406e+02, 3.547708740234375e+02, 3.482098693847656e+02, 3.479227905273438e+02, 3.558076171875e+02, 3.532431945800781e+02, 3.458988952636719e+02, 3.542736511230469e+02, 3.586532287597656e+02, 3.443484191894531e+02, 3.617453308105469e+02, 3.6008349609375e+02, 3.593113708496094e+02, 3.593083801269531e+02, 3.5720947265625e+02, 3.536281433105469e+02, 3.495220031738281e+02, 3.452626953125e+02, 3.413272705078125e+02, 3.395537719726562e+02, 3.420129699707031e+02, 3.445703125e+02, 3.472096862792969e+02, 3.497358093261719e+02, 3.520375366210938e+02, 3.540544738769531e+02, 3.557903747558594e+02, 3.574081726074219e+02, 3.587901000976562e+02, 3.563338623046875e+02, 3.531240539550781e+02, 3.502105407714844e+02, 3.476024475097656e+02, 3.452619018554688e+02, 3.432312622070312e+02]
temRoo.T=[2.931499938964844e+02, 2.834315795898438e+02, 2.862369384765625e+02, 2.89302978515625e+02, 2.915608520507812e+02, 2.924735412597656e+02, 2.924447937011719e+02, 2.924623107910156e+02, 2.924407653808594e+02, 2.924468078613281e+02, 2.924203491210938e+02, 2.924198608398438e+02, 2.924198913574219e+02, 2.923788452148438e+02, 2.924306335449219e+02, 2.924316711425781e+02, 2.92481689453125e+02, 2.924657897949219e+02, 2.925125732421875e+02, 2.925469665527344e+02, 2.925274658203125e+02, 2.925347290039062e+02, 2.924908447265625e+02, 2.925250549316406e+02, 2.925555419921875e+02, 2.925192260742188e+02, 2.925343017578125e+02, 2.925282897949219e+02, 2.925560607910156e+02, 2.925778198242188e+02, 2.925462646484375e+02, 2.925683288574219e+02, 2.925880432128906e+02, 2.925881958007812e+02, 2.927038879394531e+02, 2.928497009277344e+02, 2.92955078125e+02, 2.930295715332031e+02, 2.930791015625e+02, 2.93124755859375e+02, 2.931702575683594e+02, 2.932147216796875e+02, 2.932552185058594e+02, 2.932918701171875e+02, 2.933213806152344e+02, 2.933397827148438e+02, 2.933455200195312e+02, 2.933385314941406e+02, 2.933268432617188e+02, 2.933243713378906e+02, 2.933427124023438e+02, 2.934051513671875e+02, 2.935039367675781e+02, 2.935743408203125e+02, 2.935799560546875e+02, 2.935752563476562e+02, 2.936528625488281e+02, 2.93686279296875e+02, 2.936958923339844e+02, 2.937381591796875e+02, 2.937196350097656e+02, 2.937534790039062e+02, 2.937359313964844e+02, 2.937704772949219e+02, 2.93756103515625e+02, 2.937661437988281e+02, 2.937535705566406e+02, 2.937472229003906e+02, 2.937240905761719e+02, 2.936531677246094e+02, 2.93662109375e+02, 2.936569519042969e+02, 2.936127624511719e+02, 2.936336059570312e+02, 2.936567993164062e+02, 2.936255493164062e+02, 2.934395141601562e+02, 2.934166870117188e+02, 2.933788146972656e+02, 2.933500366210938e+02, 2.933335266113281e+02, 2.933224182128906e+02, 2.93307373046875e+02, 2.932852478027344e+02, 2.932583312988281e+02, 2.932354736328125e+02, 2.932213134765625e+02, 2.932200317382812e+02, 2.932341613769531e+02, 2.932583312988281e+02, 2.932858581542969e+02, 2.933087768554688e+02, 2.933197631835938e+02, 2.933207702636719e+02, 2.933117065429688e+02, 2.9329443359375e+02, 2.932712097167969e+02, 2.93244384765625e+02, 2.932165222167969e+02, 2.9318994140625e+02, 2.931666259765625e+02]
conBoiRet.yVal=[0e+00, 4.213244915008545e-01, 4.577724933624268e-01, 4.847103357315063e-01, 5.066402554512024e-01, 1e+00, 1e+00, 1e+00, 1e+00, 1e+00, 1e+00, 1e+00, 1e+00, 1e+00, 1e+00, 1e+00, 1e+00, 1e+00, 1e+00, 1e+00, 1e+00, 1e+00, 1e+00, 1e+00, 1e+00, 1e+00, 1e+00, 1e+00, 1e+00, 1e+00, 1e+00, 1e+00, 1e+00, 1e+00, 1e+00, 1e+00, 1e+00, 1e+00, 1e+00, 1e+00, 1e+00, 1e+00, 1e+00, 1e+00, 1e+00, 1e+00, 1e+00, 1e+00, 1e+00, 1e+00, 1e+00, 1e+00, 1e+00, 1e+00, 1e+00, 1e+00, 1e+00, 1e+00, 1e+00, 1e+00, 1e+00, 1e+00, 1e+00, 1e+00, 1e+00, 1e+00, 1e+00, 1e+00, 1e+00, 1e+00, 1e+00, 1e+00, 1e+00, 1e+00, 1e+00, 1e+00, 1e+00, 1e+00, 1e+00, 1e+00, 1e+00, 1e+00, 1e+00, 1e+00, 1e+00, 1e+00, 1e+00, 1e+00, 1e+00, 1e+00, 1e+00, 1e+00, 1e+00, 1e+00, 1e+00, 1e+00, 1e+00, 1e+00, 1e+00, 1e+00, 1e+00]
conRadSup.yVal=[1e+00, 1e+00, 1e+00, 1e+00, 1e+00, 8.397793173789978e-01, 8.164352774620056e-01, 8.300772905349731e-01, 7.90052592754364e-01, 8.431556224822998e-01, 7.88699209690094e-01, 8.790528774261475e-01, 8.077079653739929e-01, 9.233958125114441e-01, 8.210667967796326e-01, 8.984905481338501e-01, 7.941912412643433e-01, 8.789250254631042e-01, 7.616313695907593e-01, 8.092449307441711e-01, 8.23194146156311e-01, 7.826112508773804e-01, 8.706574440002441e-01, 7.558485865592957e-01, 7.997103333473206e-01, 8.616814613342285e-01, 7.759952545166016e-01, 8.420446515083313e-01, 7.828882336616516e-01, 7.662888169288635e-01, 8.388115763664246e-01, 8.044662475585938e-01, 7.568536400794983e-01, 8.059068322181702e-01, 7.795475125312805e-01, 7.551015615463257e-01, 7.095125317573547e-01, 6.747691631317139e-01, 6.484575867652893e-01, 6.195774078369141e-01, 5.88361382484436e-01, 5.555411577224731e-01, 5.226618647575378e-01, 4.920474588871002e-01, 4.730817973613739e-01, 4.602546989917755e-01, 4.865429699420929e-01, 5.296538472175598e-01, 5.78594446182251e-01, 6.194611787796021e-01, 5.911345481872559e-01, 5.184758305549622e-01, 3.991866707801819e-01, 3.382151424884796e-01, 4.402437806129456e-01, 4.509212970733643e-01, 3.302955031394958e-01, 3.771394491195679e-01, 3.393352925777435e-01, 2.946656048297882e-01, 3.595645725727081e-01, 2.810848951339722e-01, 3.569155633449554e-01, 2.522623836994171e-01, 3.400326073169708e-01, 2.700008749961853e-01, 3.508498966693878e-01, 2.963657379150391e-01, 3.624695539474487e-01, 4.325911104679108e-01, 3.492098450660706e-01, 3.680191338062286e-01, 4.540181159973145e-01, 3.791129291057587e-01, 3.466553390026093e-01, 4.429016411304474e-01, 1.316146999597549e-01, 3.080160617828369e-01, 4.031331241130829e-01, 4.437699317932129e-01, 4.721608459949493e-01, 5.046277046203613e-01, 5.447013974189758e-01, 5.916821956634521e-01, 6.282819509506226e-01, 6.686323285102844e-01, 6.614985466003418e-01, 6.444441080093384e-01, 6.170348525047302e-01, 5.831665396690369e-01, 5.460318922996521e-01, 5.133489370346069e-01, 4.913309216499329e-01, 4.840812981128693e-01, 4.799677133560181e-01, 5.016119480133057e-01, 5.323541760444641e-01, 5.653904676437378e-01, 5.970033407211304e-01, 6.248515248298645e-01, 6.535171270370483e-01]
conEquSta.onBoi=[0e+00, 1e+00, 1e+00, 1e+00, 1e+00, 1e+00, 0e+00, 1e+00, 0e+00, 1e+00, 1e+00, 1e+00, 1e+00, 1e+00, 1e+00, 1e+00, 1e+00, 1e+00, 1e+00, 1e+00, 0e+00, 1e+00, 1e+00, 1e+00, 1e+00, 0e+00, 1e+00, 1e+00, 0e+00, 1e+00, 1e+00, 0e+00, 1e+00, 1e+00, 0e+00, 0e+00, 0e+00, 0e+00, 0e+00, 0e+00, 0e+00, 0e+00, 0e+00, 0e+00, 0e+00, 0e+00, 1e+00, 1e+00, 1e+00, 1e+00, 0e+00, 0e+00, 0e+00, 0e+00, 1e+00, 0e+00, 0e+00, 1e+00, 0e+00, 1e+00, 0e+00, 0e+00, 0e+00, 0e+00, 0e+00, 0e+00, 0e+00, 0e+00, 1e+00, 0e+00, 0e+00, 1e+00, 0e+00, 0e+00, 0e+00, 0e+00, 0e+00, 0e+00, 0e+00, 0e+00, 1e+00, 1e+00, 1e+00, 1e+00, 1e+00, 1e+00, 0e+00, 0e+00, 0e+00, 0e+00, 0e+00, 0e+00, 0e+00, 0e+00, 0e+00, 1e+00, 1e+00, 1e+00, 1e+00, 1e+00, 1e+00]
=======
boi.T=[2.931499938964844e+02, 3.434833679199219e+02, 3.432331848144531e+02, 3.432239074707031e+02, 3.43217041015625e+02, 3.528956604003906e+02, 3.576978759765625e+02, 3.526015930175781e+02, 3.602760009765625e+02, 3.509493713378906e+02, 3.608724975585938e+02, 3.475165710449219e+02, 3.572972106933594e+02, 3.452764892578125e+02, 3.555399169921875e+02, 3.449403991699219e+02, 3.5786083984375e+02, 3.474909973144531e+02, 3.617934265136719e+02, 3.517604370117188e+02, 3.456141967773438e+02, 3.582394714355469e+02, 3.485054321289062e+02, 3.604246520996094e+02, 3.540896301269531e+02, 3.455384216308594e+02, 3.605604858398438e+02, 3.511347351074219e+02, 3.440261840820312e+02, 3.601527709960938e+02, 3.515797119140625e+02, 3.449183349609375e+02, 3.620229797363281e+02, 3.54238037109375e+02, 3.535430297851562e+02, 3.526867980957031e+02, 3.512720031738281e+02, 3.514784240722656e+02, 3.523876037597656e+02, 3.536019592285156e+02, 3.549525756835938e+02, 3.563995971679688e+02, 3.579619445800781e+02, 3.596748352050781e+02, 3.617506408691406e+02, 3.60470458984375e+02, 3.559532775878906e+02, 3.508215637207031e+02, 3.44654296875e+02, 3.469327392578125e+02, 3.512892456054688e+02, 3.554247436523438e+02, 3.594942016601562e+02, 3.558909912109375e+02, 3.466330871582031e+02, 3.546285400390625e+02, 3.61640380859375e+02, 3.472928466796875e+02, 3.571298522949219e+02, 3.440164184570312e+02, 3.547879028320312e+02, 3.50660888671875e+02, 3.528243408203125e+02, 3.604035949707031e+02, 3.512106018066406e+02, 3.614145812988281e+02, 3.494896545410156e+02, 3.59525634765625e+02, 3.456096496582031e+02, 3.542845764160156e+02, 3.612555541992188e+02, 3.444588012695312e+02, 3.529975280761719e+02, 3.599310607910156e+02, 3.433215026855469e+02, 3.517929382324219e+02, 3.618186340332031e+02, 3.601310119628906e+02, 3.603203125e+02, 3.617422485351562e+02, 3.611863098144531e+02, 3.574175415039062e+02, 3.532514038085938e+02, 3.489363098144531e+02, 3.44717529296875e+02, 3.452042236328125e+02, 3.477545776367188e+02, 3.501216125488281e+02, 3.523743286132812e+02, 3.544904174804688e+02, 3.565160217285156e+02, 3.58537841796875e+02, 3.606431579589844e+02, 3.6238623046875e+02, 3.589515991210938e+02, 3.558465270996094e+02, 3.530482177734375e+02, 3.505100708007812e+02, 3.4816259765625e+02, 3.459473266601562e+02, 3.432810974121094e+02]
temSup.T=[2.931499938964844e+02, 3.036293640136719e+02, 3.1101025390625e+02, 3.156801452636719e+02, 3.190068054199219e+02, 3.181846313476562e+02, 3.185993957519531e+02, 3.186600036621094e+02, 3.189481201171875e+02, 3.189635925292969e+02, 3.192712707519531e+02, 3.194983520507812e+02, 3.193892211914062e+02, 3.19415771484375e+02, 3.19120849609375e+02, 3.185459899902344e+02, 3.183751525878906e+02, 3.185407409667969e+02, 3.180388793945312e+02, 3.17714111328125e+02, 3.173306274414062e+02, 3.176727905273438e+02, 3.180802001953125e+02, 3.177732849121094e+02, 3.1754443359375e+02, 3.1768505859375e+02, 3.176912536621094e+02, 3.175335998535156e+02, 3.1697998046875e+02, 3.172467651367188e+02, 3.172243041992188e+02, 3.168643493652344e+02, 3.170609436035156e+02, 3.167634582519531e+02, 3.124078369140625e+02, 3.115540161132812e+02, 3.104700927734375e+02, 3.09622802734375e+02, 3.090401306152344e+02, 3.084966735839844e+02, 3.080016174316406e+02, 3.075909729003906e+02, 3.073069152832031e+02, 3.071300659179688e+02, 3.070762329101562e+02, 3.0696240234375e+02, 3.068350830078125e+02, 3.065877990722656e+02, 3.060327758789062e+02, 3.05546142578125e+02, 3.04848876953125e+02, 3.040871276855469e+02, 3.036488342285156e+02, 3.034918823242188e+02, 3.028552856445312e+02, 3.018724060058594e+02, 3.015412902832031e+02, 3.011158752441406e+02, 3.004388427734375e+02, 3.002837829589844e+02, 2.999995422363281e+02, 3.00043701171875e+02, 2.999257507324219e+02, 3.000049133300781e+02, 2.998818969726562e+02, 2.999306335449219e+02, 2.9996142578125e+02, 2.999478454589844e+02, 3.005303039550781e+02, 3.008473205566406e+02, 3.015175476074219e+02, 3.016997375488281e+02, 3.014815673828125e+02, 3.01451904296875e+02, 3.016185607910156e+02, 3.015406188964844e+02, 3.041492309570312e+02, 3.055158386230469e+02, 3.062835388183594e+02, 3.067785949707031e+02, 3.0699365234375e+02, 3.070588684082031e+02, 3.070314331054688e+02, 3.069041442871094e+02, 3.067091979980469e+02, 3.067263793945312e+02, 3.067084350585938e+02, 3.066339721679688e+02, 3.064884033203125e+02, 3.063646240234375e+02, 3.063402099609375e+02, 3.064747619628906e+02, 3.068072814941406e+02, 3.071504516601562e+02, 3.074424133300781e+02, 3.077146606445312e+02, 3.07935302734375e+02, 3.080780029296875e+02, 3.081256103515625e+02, 3.080643005371094e+02, 3.080347290039062e+02]
temRet.T=[2.931499938964844e+02, 3.333218994140625e+02, 3.331938171386719e+02, 3.331850891113281e+02, 3.331782531738281e+02, 3.439313049316406e+02, 3.521710815429688e+02, 3.435746459960938e+02, 3.540379943847656e+02, 3.419050598144531e+02, 3.516350402832031e+02, 3.381692199707031e+02, 3.480570373535156e+02, 3.359356079101562e+02, 3.463271789550781e+02, 3.358786010742188e+02, 3.488461608886719e+02, 3.382138671875e+02, 3.528662414550781e+02, 3.430753173828125e+02, 3.406753540039062e+02, 3.494378662109375e+02, 3.393665466308594e+02, 3.544672241210938e+02, 3.454693603515625e+02, 3.366733703613281e+02, 3.516876525878906e+02, 3.423803405761719e+02, 3.391623840332031e+02, 3.514603271484375e+02, 3.428921813964844e+02, 3.364239501953125e+02, 3.533380126953125e+02, 3.458009033203125e+02, 3.485299377441406e+02, 3.486251525878906e+02, 3.479062805175781e+02, 3.484880981445312e+02, 3.496084899902344e+02, 3.510238037109375e+02, 3.525453491210938e+02, 3.541170349121094e+02, 3.557326965332031e+02, 3.574421081542969e+02, 3.583822631835938e+02, 3.54431396484375e+02, 3.497737121582031e+02, 3.4457080078125e+02, 3.400477905273438e+02, 3.445541381835938e+02, 3.492832641601562e+02, 3.538783874511719e+02, 3.580769958496094e+02, 3.506819458007812e+02, 3.449400329589844e+02, 3.533544921875e+02, 3.604164428710938e+02, 3.460746459960938e+02, 3.561886291503906e+02, 3.43033935546875e+02, 3.53843994140625e+02, 3.461331176757812e+02, 3.518097534179688e+02, 3.558353271484375e+02, 3.501661682128906e+02, 3.604344177246094e+02, 3.484012756347656e+02, 3.585531311035156e+02, 3.44355224609375e+02, 3.53044189453125e+02, 3.599440002441406e+02, 3.430190734863281e+02, 3.516394958496094e+02, 3.587284851074219e+02, 3.419649047851562e+02, 3.503922729492188e+02, 3.612626953125e+02, 3.587860717773438e+02, 3.584432373046875e+02, 3.585357666015625e+02, 3.551532897949219e+02, 3.512120056152344e+02, 3.469041137695312e+02, 3.425299377441406e+02, 3.397169799804688e+02, 3.424599914550781e+02, 3.451210632324219e+02, 3.476570739746094e+02, 3.501051940917969e+02, 3.523716735839844e+02, 3.544588317871094e+02, 3.564186096191406e+02, 3.583626403808594e+02, 3.563072509765625e+02, 3.5266748046875e+02, 3.493633422851562e+02, 3.464041137695312e+02, 3.437685852050781e+02, 3.413943481445312e+02, 3.393263549804688e+02, 3.402254333496094e+02]
temRoo.T=[2.931499938964844e+02, 2.834371643066406e+02, 2.862301330566406e+02, 2.892975769042969e+02, 2.91556884765625e+02, 2.924832458496094e+02, 2.924545288085938e+02, 2.924683837890625e+02, 2.924432373046875e+02, 2.924492492675781e+02, 2.924227600097656e+02, 2.924105529785156e+02, 2.924169616699219e+02, 2.923835754394531e+02, 2.924335021972656e+02, 2.92436279296875e+02, 2.924851379394531e+02, 2.92466064453125e+02, 2.92510986328125e+02, 2.925418090820312e+02, 2.925221252441406e+02, 2.925343627929688e+02, 2.925024719238281e+02, 2.925279846191406e+02, 2.925511169433594e+02, 2.925020446777344e+02, 2.925323486328125e+02, 2.925522766113281e+02, 2.925442810058594e+02, 2.925641479492188e+02, 2.925733642578125e+02, 2.925527038574219e+02, 2.925766296386719e+02, 2.926077575683594e+02, 2.926939697265625e+02, 2.928887329101562e+02, 2.929942016601562e+02, 2.930628662109375e+02, 2.931092224121094e+02, 2.931529235839844e+02, 2.931947021484375e+02, 2.932321166992188e+02, 2.932615661621094e+02, 2.932836303710938e+02, 2.932965393066406e+02, 2.933004455566406e+02, 2.932983093261719e+02, 2.9329638671875e+02, 2.933058471679688e+02, 2.933336181640625e+02, 2.933860168457031e+02, 2.934620361328125e+02, 2.9352392578125e+02, 2.935338439941406e+02, 2.935364685058594e+02, 2.936015930175781e+02, 2.936659240722656e+02, 2.936662292480469e+02, 2.937183837890625e+02, 2.93729248046875e+02, 2.937367858886719e+02, 2.93751220703125e+02, 2.937371520996094e+02, 2.937605590820312e+02, 2.9374072265625e+02, 2.9376611328125e+02, 2.937378234863281e+02, 2.937599182128906e+02, 2.937034606933594e+02, 2.936749572753906e+02, 2.936654968261719e+02, 2.936250610351562e+02, 2.936240539550781e+02, 2.936634216308594e+02, 2.936337585449219e+02, 2.936203308105469e+02, 2.934090576171875e+02, 2.933837890625e+02, 2.933442687988281e+02, 2.933167724609375e+02, 2.93299072265625e+02, 2.932864074707031e+02, 2.932745056152344e+02, 2.932637939453125e+02, 2.932545471191406e+02, 2.932497253417969e+02, 2.93251953125e+02, 2.932626342773438e+02, 2.932821960449219e+02, 2.933033752441406e+02, 2.933187866210938e+02, 2.933218994140625e+02, 2.933094177246094e+02, 2.932885131835938e+02, 2.932628479003906e+02, 2.932356872558594e+02, 2.932101135253906e+02, 2.931886291503906e+02, 2.931727905273438e+02, 2.931629943847656e+02, 2.931585388183594e+02]
conBoiRet.yVal=[0e+00, 4.212586879730225e-01, 4.565469026565552e-01, 4.838089942932129e-01, 5.058921575546265e-01, 1e+00, 1e+00, 1e+00, 1e+00, 1e+00, 1e+00, 1e+00, 1e+00, 1e+00, 1e+00, 1e+00, 1e+00, 1e+00, 1e+00, 1e+00, 1e+00, 1e+00, 1e+00, 1e+00, 1e+00, 1e+00, 1e+00, 1e+00, 1e+00, 1e+00, 1e+00, 1e+00, 1e+00, 1e+00, 1e+00, 1e+00, 1e+00, 1e+00, 1e+00, 1e+00, 1e+00, 1e+00, 1e+00, 1e+00, 1e+00, 1e+00, 1e+00, 1e+00, 1e+00, 1e+00, 1e+00, 1e+00, 1e+00, 1e+00, 1e+00, 1e+00, 1e+00, 1e+00, 1e+00, 1e+00, 1e+00, 1e+00, 1e+00, 1e+00, 1e+00, 1e+00, 1e+00, 1e+00, 1e+00, 1e+00, 1e+00, 1e+00, 1e+00, 1e+00, 1e+00, 1e+00, 1e+00, 1e+00, 1e+00, 1e+00, 1e+00, 1e+00, 1e+00, 1e+00, 1e+00, 1e+00, 1e+00, 1e+00, 1e+00, 1e+00, 1e+00, 1e+00, 1e+00, 1e+00, 1e+00, 1e+00, 1e+00, 1e+00, 1e+00, 1e+00, 1e+00]
conRadSup.yVal=[1e+00, 1e+00, 1e+00, 1e+00, 1e+00, 8.280595541000366e-01, 7.872971296310425e-01, 8.308314681053162e-01, 7.737717032432556e-01, 8.45884382724762e-01, 7.899181246757507e-01, 8.887307047843933e-01, 8.119707107543945e-01, 9.11929726600647e-01, 8.20879340171814e-01, 8.946013450622559e-01, 7.933893203735352e-01, 8.787143230438232e-01, 7.640860676765442e-01, 8.136985301971436e-01, 8.346748352050781e-01, 7.783265709877014e-01, 8.606112599372864e-01, 7.530050873756409e-01, 7.947607636451721e-01, 8.739627599716187e-01, 7.674879431724548e-01, 8.19435715675354e-01, 8.412542939186096e-01, 7.598286271095276e-01, 8.11187207698822e-01, 8.60146701335907e-01, 7.479205131530762e-01, 7.793366312980652e-01, 7.707185745239258e-01, 7.100793719291687e-01, 6.651185154914856e-01, 6.312261819839478e-01, 6.057806611061096e-01, 5.786939859390259e-01, 5.525615811347961e-01, 5.297839641571045e-01, 5.137857794761658e-01, 5.052066445350647e-01, 5.072216391563416e-01, 5.342182517051697e-01, 5.682747364044189e-01, 6.019164323806763e-01, 6.211527585983276e-01, 5.796337723731995e-01, 5.148346424102783e-01, 4.289049804210663e-01, 3.828279078006744e-01, 4.464203715324402e-01, 4.837310612201691e-01, 3.770953714847565e-01, 3.231187760829926e-01, 3.936016857624054e-01, 2.861414849758148e-01, 3.561140298843384e-01, 2.963634729385376e-01, 3.350069522857666e-01, 3.215218186378479e-01, 3.020563423633575e-01, 3.348166346549988e-01, 2.826885282993317e-01, 3.521836698055267e-01, 2.805283963680267e-01, 4.067943096160889e-01, 3.671534657478333e-01, 3.562982380390167e-01, 4.50657069683075e-01, 3.975051045417786e-01, 3.344292342662811e-01, 4.426386952400208e-01, 4.100818932056427e-01, 1.92404180765152e-01, 3.860281109809875e-01, 4.618188738822937e-01, 4.974184334278107e-01, 5.309092998504639e-01, 5.643199682235718e-01, 5.983712077140808e-01, 6.284129619598389e-01, 6.471862196922302e-01, 6.299030184745789e-01, 6.065564751625061e-01, 5.782372355461121e-01, 5.462060570716858e-01, 5.177878141403198e-01, 4.990358650684357e-01, 4.948543012142181e-01, 5.048975348472595e-01, 5.306417942047119e-01, 5.654724836349487e-01, 5.986533761024475e-01, 6.277169585227966e-01, 6.511507034301758e-01, 6.683641076087952e-01, 6.80217981338501e-01, 6.74770712852478e-01]
conEquSta.onBoi=[0e+00, 1e+00, 1e+00, 1e+00, 1e+00, 1e+00, 0e+00, 1e+00, 0e+00, 1e+00, 1e+00, 1e+00, 1e+00, 1e+00, 1e+00, 1e+00, 1e+00, 1e+00, 1e+00, 1e+00, 0e+00, 1e+00, 1e+00, 0e+00, 1e+00, 1e+00, 1e+00, 1e+00, 0e+00, 1e+00, 1e+00, 1e+00, 1e+00, 1e+00, 0e+00, 0e+00, 0e+00, 0e+00, 0e+00, 0e+00, 0e+00, 0e+00, 0e+00, 0e+00, 0e+00, 1e+00, 1e+00, 1e+00, 1e+00, 0e+00, 0e+00, 0e+00, 0e+00, 1e+00, 0e+00, 0e+00, 0e+00, 0e+00, 0e+00, 0e+00, 0e+00, 1e+00, 0e+00, 1e+00, 0e+00, 0e+00, 0e+00, 0e+00, 0e+00, 0e+00, 0e+00, 0e+00, 0e+00, 0e+00, 0e+00, 0e+00, 0e+00, 0e+00, 0e+00, 0e+00, 1e+00, 1e+00, 1e+00, 1e+00, 1e+00, 0e+00, 0e+00, 0e+00, 0e+00, 0e+00, 0e+00, 0e+00, 0e+00, 1e+00, 1e+00, 1e+00, 1e+00, 1e+00, 1e+00, 1e+00, 0e+00]
>>>>>>> master
conSysSta.onSys=[0e+00, 1e+00, 1e+00, 1e+00, 1e+00, 1e+00, 1e+00, 1e+00, 1e+00, 1e+00, 1e+00, 1e+00, 1e+00, 1e+00, 1e+00, 1e+00, 1e+00, 1e+00, 1e+00, 1e+00, 1e+00, 1e+00, 1e+00, 1e+00, 1e+00, 1e+00, 1e+00, 1e+00, 1e+00, 1e+00, 1e+00, 1e+00, 1e+00, 1e+00, 1e+00, 1e+00, 1e+00, 1e+00, 1e+00, 1e+00, 1e+00, 1e+00, 1e+00, 1e+00, 1e+00, 1e+00, 1e+00, 1e+00, 1e+00, 1e+00, 1e+00, 1e+00, 1e+00, 1e+00, 1e+00, 1e+00, 1e+00, 1e+00, 1e+00, 1e+00, 1e+00, 1e+00, 1e+00, 1e+00, 1e+00, 1e+00, 1e+00, 1e+00, 1e+00, 1e+00, 1e+00, 1e+00, 1e+00, 1e+00, 1e+00, 1e+00, 1e+00, 1e+00, 1e+00, 1e+00, 1e+00, 1e+00, 1e+00, 1e+00, 1e+00, 1e+00, 1e+00, 1e+00, 1e+00, 1e+00, 1e+00, 1e+00, 1e+00, 1e+00, 1e+00, 1e+00, 1e+00, 1e+00, 1e+00, 1e+00, 1e+00]
