<<<<<<< HEAD
last-generated=2022-09-10
=======
last-generated=2022-10-24
>>>>>>> master
statistics-simulation=
{
  "linear": "0",
  "nonlinear": "0",
  "number of continuous time states": "18",
  "numerical Jacobians": "0"
}
time=[0e+00, 3.6e+03]
<<<<<<< HEAD
hex.Q2_flow=[0e+00, -5.213763671875e+03, -5.21331640625e+03, -5.2133154296875e+03, -5.2133154296875e+03, -5.2133154296875e+03, -5.2133154296875e+03, -5.2133154296875e+03, -5.2133154296875e+03, -5.2133154296875e+03, -5.2133154296875e+03, -5.07566162109375e+03, -4.9118564453125e+03, -4.714359375e+03, -4.4717109375e+03, -4.16667041015625e+03, -3.7720654296875e+03, -3.242352294921875e+03, -2.493907958984375e+03, -1.4073095703125e+03, -3.297163696289062e+02, -2.798298034667969e+02, -2.461291351318359e+02, -2.186131744384766e+02, -1.961677398681641e+02, -1.778794555664062e+02, -1.629957122802734e+02, -1.508971862792968e+02, -1.410742492675781e+02, -1.331084442138672e+02, -1.266563949584961e+02, -1.214364318847656e+02, -1.172177963256836e+02, -1.138119201660156e+02, -1.110650329589844e+02, -1.088517761230469e+02, -1.070700988769531e+02, -1.056370162963867e+02, -1.044852294921875e+02, -1.035602111816406e+02, -1.028178253173828e+02, -1.022223892211914e+02, -1.017450942993164e+02, -1.013626937866211e+02, -1.010564956665039e+02, -1.008115692138672e+02, -1.006158752441406e+02, -1.004594879150391e+02, -1.003343505859375e+02, -1.002344589233398e+02, -1.001543045043945e+02, -9.620626068115234e+01, -9.179111480712891e+01, -8.45460205078125e+01, -7.269266510009798e+01, -6.919045257568379e+01, -5.971244049072285e+01, -9.458328247070312e+01, -1.076641998291016e+02, -1.128770904541016e+02, -1.147968673706055e+02, -1.080918579101562e+02, -1.037140579223633e+02, -9.950881195068359e+01, -9.522456359863281e+01, -9.053060150146484e+01, -8.494061279296875e+01, -7.764312744140625e+01, -6.715605163574219e+01, -5.013478851318359e+01, -3.214492034912109e+01, -2.833075523376465e+01, -2.503467559814453e+01, -2.277539253234863e+01, -2.120649719238281e+01, -2.008974838256836e+01, -1.926826667785645e+01, -1.969584083557129e+01, -2.237420272827148e+01, -2.323627853393555e+01, -2.316907691955566e+01, -2.264612770080566e+01, -2.191707229614258e+01, -2.11099967956543e+01, -2.028903770446777e+01, -1.948419570922852e+01, -1.909024429321289e+01, -2.081670379638672e+01, -2.127594184875488e+01, -2.10594654083252e+01, -2.04936695098877e+01, -1.975822257995605e+01, -1.89510612487793e+01, -1.812468528747559e+01, -1.730696868896484e+01, -1.651205444335938e+01, -1.689941024780273e+01, -1.782936859130859e+01, -1.792542839050293e+01, -1.757821273803711e+01, -1.700433540344238e+01]
hex.QLat2_flow=[0e+00, -3.272111083984375e+03, -3.271626708984375e+03, -3.271625732421875e+03, -3.271625732421875e+03, -3.271625732421875e+03, -3.271625732421875e+03, -3.271625732421875e+03, -3.271625732421875e+03, -3.271625732421875e+03, -3.271625732421875e+03, -3.18985400390625e+03, -3.091605224609375e+03, -2.971244140625e+03, -2.820641845703125e+03, -2.62727685546875e+03, -2.37088671875e+03, -2.016487915039062e+03, -1.497710205078125e+03, -7.276611938476562e+02, 0e+00, 0e+00, 0e+00, 0e+00, 0e+00, 0e+00, 0e+00, 0e+00, 0e+00, 0e+00, 0e+00, 0e+00, 0e+00, 0e+00, 0e+00, 0e+00, 0e+00, 0e+00, 0e+00, 0e+00, 0e+00, 0e+00, 0e+00, 0e+00, 0e+00, 0e+00, 0e+00, 0e+00, 0e+00, 0e+00, 0e+00, 0e+00, 0e+00, 0e+00, -3.393250703812136e+00, -3.40901184082031e+01, 0e+00, 0e+00, 0e+00, 0e+00, 0e+00, 0e+00, 0e+00, 0e+00, 0e+00, 0e+00, 0e+00, 0e+00, 0e+00, 0e+00, 0e+00, 0e+00, 0e+00, 0e+00, 0e+00, 0e+00, 0e+00, -1.059732913970947e+00, -4.247140884399414e+00, -5.546220302581787e+00, -5.876299381256104e+00, -5.730748653411865e+00, -5.371343612670898e+00, -4.933377265930176e+00, -4.485040187835693e+00, -4.05833625793457e+00, -4.048650741577148e+00, -6.162509441375732e+00, -7.01369047164917e+00, -7.19427490234375e+00, -7.029773712158203e+00, -6.69846248626709e+00, -6.296736717224121e+00, -5.875582218170166e+00, -5.461461067199707e+00, -5.067235469818115e+00, -5.850647926330566e+00, -7.169188022613525e+00, -7.647804260253906e+00, -7.677186012268066e+00, -7.473424434661865e+00]
hex.port_a2.m_flow=[0e+00, 1.400000005960464e-01, 1.400000005960464e-01, 1.400000005960464e-01, 1.400000005960464e-01, 1.400000005960464e-01, 1.400000005960464e-01, 1.400000005960464e-01, 1.400000005960464e-01, 1.400000005960464e-01, 1.400000005960464e-01, 1.400000005960464e-01, 1.400000005960464e-01, 1.400000005960464e-01, 1.400000005960464e-01, 1.400000005960464e-01, 1.400000005960464e-01, 1.400000005960464e-01, 1.400000005960464e-01, 1.400000005960464e-01, 1.400000005960464e-01, 1.400000005960464e-01, 1.400000005960464e-01, 1.400000005960464e-01, 1.400000005960464e-01, 1.400000005960464e-01, 1.400000005960464e-01, 1.400000005960464e-01, 1.400000005960464e-01, 1.400000005960464e-01, 1.400000005960464e-01, 1.400000005960464e-01, 1.400000005960464e-01, 1.400000005960464e-01, 1.400000005960464e-01, 1.400000005960464e-01, 1.400000005960464e-01, 1.400000005960464e-01, 1.400000005960464e-01, 1.400000005960464e-01, 1.400000005960464e-01, 1.400000005960464e-01, 1.400000005960464e-01, 1.400000005960464e-01, 1.400000005960464e-01, 1.400000005960464e-01, 1.400000005960464e-01, 1.400000005960464e-01, 1.400000005960464e-01, 1.400000005960464e-01, 1.400000005960464e-01, 1.120196580886841e-01, 8.401474356651306e-02, 5.600982904434204e-02, 2.800491452217084e-02, 8.733769048426962e-07, -2.799517288804072e-02, -5.599018186330795e-02, -8.398524671792984e-02, -1.119803562760353e-01, -1.39975443482399e-01, -1.260110586881638e-01, -1.120098307728767e-01, -9.800859540700912e-02, -8.400736749172211e-02, -7.000613957643509e-02, -5.600491538643837e-02, -4.200368374586105e-02, -2.800245583057404e-02, -1.402119547128677e-02, -4.115112801628129e-07, 0e+00, 0e+00, 0e+00, 0e+00, 0e+00, 0e+00, 0e+00, 0e+00, 2.86490828890068e-13, 1.718944973340408e-12, -5.729816577801361e-13, -4.297362379140912e-12, 5.873062019351449e-12, 1.718944973340408e-12, -9.167706524482178e-12, -1.43245414445034e-13, 2.86490828890068e-13, 0e+00, 2.86490828890068e-13, 0e+00, -1.43245414445034e-13, -1.43245414445034e-13, 0e+00, 0e+00, -1.43245414445034e-13, -1.43245414445034e-13, -4.297362433351021e-13, -1.43245414445034e-13, -8.594724866702041e-13, 0e+00]
=======
hex.Q2_flow=[0e+00, -3.35724072265625e+03, -3.357767333984375e+03, -3.357768310546875e+03, -3.357768310546875e+03, -3.357768310546875e+03, -3.357768310546875e+03, -3.357768310546875e+03, -3.357768310546875e+03, -3.357768310546875e+03, -3.357768310546875e+03, -3.168927978515625e+03, -2.9569150390625e+03, -2.72322265625e+03, -2.465009765625e+03, -2.17897607421875e+03, -1.861218994140625e+03, -1.506970947265625e+03, -1.109794799804688e+03, -6.705421752929688e+02, -3.106574401855469e+02, -2.653862609863281e+02, -2.344584655761719e+02, -2.091911163330078e+02, -1.88567138671875e+02, -1.717531585693359e+02, -1.580616149902344e+02, -1.469261627197265e+02, -1.378809661865234e+02, -1.305425262451172e+02, -1.245958480834961e+02, -1.197823333740234e+02, -1.158906402587891e+02, -1.127478637695312e+02, -1.102123794555664e+02, -1.081687698364258e+02, -1.065231857299805e+02, -1.051992874145508e+02, -1.041350326538086e+02, -1.032801208496094e+02, -1.02593864440918e+02, -1.020433654785156e+02, -1.016021270751953e+02, -1.012488555908203e+02, -1.009661026000977e+02, -1.007395858764648e+02, -1.005583190917969e+02, -1.004132385253906e+02, -1.002971115112305e+02, -1.002042846679688e+02, -1.001300048828125e+02, -9.618783569335938e+01, -9.177724456787109e+01, -8.453600311279297e+01, -7.147490692138665e+01, -4.789737701416021e+01, -6.068303680419939e+01, -9.319237518310547e+01, -1.06378288269043e+02, -1.117118225097656e+02, -1.137777633666992e+02, -1.072667465209961e+02, -1.030388107299805e+02, -9.895878601074219e+01, -9.4779296875e+01, -9.017328643798828e+01, -8.465779113769531e+01, -7.742474365234375e+01, -6.699613189697266e+01, -5.00341796875e+01, -3.209357070922852e+01, -2.829903984069824e+01, -2.501693534851074e+01, -2.276683807373047e+01, -2.120395088195801e+01, -2.009111785888672e+01, -1.927214622497559e+01, -1.936154937744141e+01, -2.010227394104004e+01, -2.035745811462402e+01, -2.034500885009766e+01, -2.014759254455566e+01, -1.982255554199219e+01, -1.941039848327637e+01, -1.893982887268066e+01, -1.843121337890625e+01, -1.789899063110352e+01, -1.826669883728027e+01, -1.83482837677002e+01, -1.820833778381348e+01, -1.791902732849121e+01, -1.752860832214355e+01, -1.707154846191406e+01, -1.657179641723633e+01, -1.60472297668457e+01, -1.551001071929932e+01, -1.496914100646973e+01, -1.495097064971924e+01, -1.500405120849609e+01, -1.487465572357178e+01, -1.462920570373535e+01]
hex.QLat2_flow=[0e+00, -2.098688232421875e+03, -2.098994873046875e+03, -2.098995361328125e+03, -2.098995361328125e+03, -2.098995361328125e+03, -2.098995361328125e+03, -2.098995361328125e+03, -2.098995361328125e+03, -2.098995361328125e+03, -2.098995361328125e+03, -1.970843383789062e+03, -1.825814208984375e+03, -1.6640048828125e+03, -1.4829140625e+03, -1.279585327148438e+03, -1.05047412109375e+03, -7.9121240234375e+02, -4.959490661621094e+02, -1.815043792724609e+02, 0e+00, 0e+00, 0e+00, 0e+00, 0e+00, 0e+00, 0e+00, 0e+00, 0e+00, 0e+00, 0e+00, 0e+00, 0e+00, 0e+00, 0e+00, 0e+00, 0e+00, 0e+00, 0e+00, 0e+00, 0e+00, 0e+00, 0e+00, 0e+00, 0e+00, 0e+00, 0e+00, 0e+00, 0e+00, 0e+00, 0e+00, 0e+00, 0e+00, 0e+00, -2.455220460891908e+00, -1.837917327880847e+01, 0e+00, 0e+00, 0e+00, 0e+00, 0e+00, 0e+00, 0e+00, 0e+00, 0e+00, 0e+00, 0e+00, 0e+00, 0e+00, 0e+00, 0e+00, 0e+00, 0e+00, 0e+00, 0e+00, 0e+00, 0e+00, -8.451767563819885e-01, -2.873377084732056e+00, -3.853460311889648e+00, -4.276582717895508e+00, -4.386573791503906e+00, -4.322734832763672e+00, -4.165163993835449e+00, -3.960661172866821e+00, -3.735880374908447e+00, -3.506083965301514e+00, -4.552416801452637e+00, -5.313923358917236e+00, -5.642339706420898e+00, -5.722771644592285e+00, -5.660356521606445e+00, -5.516557216644287e+00, -5.327263355255127e+00, -5.114163398742676e+00, -4.890089988708496e+00, -4.663125038146973e+00, -5.105936050415039e+00, -5.826255798339844e+00, -6.150755882263184e+00, -6.249382972717285e+00]
hex.port_a2.m_flow=[0e+00, 1.400000005960464e-01, 1.400000005960464e-01, 1.400000005960464e-01, 1.400000005960464e-01, 1.400000005960464e-01, 1.400000005960464e-01, 1.400000005960464e-01, 1.400000005960464e-01, 1.400000005960464e-01, 1.400000005960464e-01, 1.400000005960464e-01, 1.400000005960464e-01, 1.400000005960464e-01, 1.400000005960464e-01, 1.400000005960464e-01, 1.400000005960464e-01, 1.400000005960464e-01, 1.400000005960464e-01, 1.400000005960464e-01, 1.400000005960464e-01, 1.400000005960464e-01, 1.400000005960464e-01, 1.400000005960464e-01, 1.400000005960464e-01, 1.400000005960464e-01, 1.400000005960464e-01, 1.400000005960464e-01, 1.400000005960464e-01, 1.400000005960464e-01, 1.400000005960464e-01, 1.400000005960464e-01, 1.400000005960464e-01, 1.400000005960464e-01, 1.400000005960464e-01, 1.400000005960464e-01, 1.400000005960464e-01, 1.400000005960464e-01, 1.400000005960464e-01, 1.400000005960464e-01, 1.400000005960464e-01, 1.400000005960464e-01, 1.400000005960464e-01, 1.400000005960464e-01, 1.400000005960464e-01, 1.400000005960464e-01, 1.400000005960464e-01, 1.400000005960464e-01, 1.400000005960464e-01, 1.400000005960464e-01, 1.400000005960464e-01, 1.120196580886841e-01, 8.401474356651306e-02, 5.600982904434204e-02, 2.800491452217084e-02, 8.726744338724143e-07, -2.799491956830042e-02, -5.599016696214676e-02, -8.398543298244476e-02, -1.119803339242935e-01, -1.39975443482399e-01, -1.260110586881638e-01, -1.120098307728767e-01, -9.800859540700912e-02, -8.400736749172211e-02, -7.000613957643509e-02, -5.600491538643837e-02, -4.200368374586105e-02, -2.800245583057404e-02, -1.402120571583509e-02, -4.114786236186774e-07, 0e+00, -1.43245414445034e-13, 0e+00, 2.86490828890068e-13, 0e+00, 0e+00, 2.86490828890068e-13, 0e+00, -4.297362433351021e-13, 0e+00, 0e+00, 1.145963315560272e-12, -1.43245414445034e-13, -1.43245414445034e-13, 0e+00, 0e+00, 7.162270993302244e-13, 2.86490828890068e-13, 2.86490828890068e-13, 2.148681189570456e-12, -1.43245414445034e-13, 0e+00, 0e+00, 0e+00, 0e+00, 0e+00, 0e+00, -1.43245414445034e-13, -8.594724866702041e-13, 0e+00]
>>>>>>> master
hex.port_b2.m_flow=[-1.400000005960464e-01, -1.400000005960464e-01, -1.400000005960464e-01, -1.400000005960464e-01, -1.400000005960464e-01, -1.400000005960464e-01, -1.400000005960464e-01, -1.400000005960464e-01, -1.400000005960464e-01, -1.400000005960464e-01, -1.400000005960464e-01, -1.400000005960464e-01, -1.400000005960464e-01, -1.400000005960464e-01, -1.400000005960464e-01, -1.400000005960464e-01, -1.400000005960464e-01, -1.400000005960464e-01, -1.400000005960464e-01, -1.400000005960464e-01, -1.400000005960464e-01, -1.400000005960464e-01, -1.400000005960464e-01, -1.400000005960464e-01, -1.400000005960464e-01, -1.400000005960464e-01, -1.400000005960464e-01, -1.400000005960464e-01, -1.400000005960464e-01, -1.400000005960464e-01, -1.400000005960464e-01, -1.400000005960464e-01, -1.400000005960464e-01, -1.400000005960464e-01, -1.400000005960464e-01, -1.400000005960464e-01, -1.400000005960464e-01, -1.400000005960464e-01, -1.400000005960464e-01, -1.400000005960464e-01, -1.400000005960464e-01, -1.400000005960464e-01, -1.400000005960464e-01, -1.400000005960464e-01, -1.400000005960464e-01, -1.400000005960464e-01, -1.400000005960464e-01, -1.400000005960464e-01, -1.400000005960464e-01, -1.400000005960464e-01, -1.400000005960464e-01, -1.120000034570694e-01, -8.399999886751175e-02, -5.60000017285347e-02, -2.800000086426717e-02, 4.255373436036178e-16, 2.800000086426753e-02, 5.60000017285347e-02, 8.399999886751175e-02, 1.120000034570694e-01, 1.400000005960464e-01, 1.260000020265579e-01, 1.120000034570694e-01, 9.799999743700027e-02, 8.399999886751175e-02, 7.000000029802322e-02, 5.60000017285347e-02, 4.199999943375587e-02, 2.800000086426735e-02, 1.400000043213367e-02, -0e+00, -0e+00, -0e+00, -0e+00, -0e+00, -0e+00, -0e+00, -0e+00, -0e+00, -0e+00, -0e+00, -0e+00, -0e+00, -0e+00, -0e+00, -0e+00, -0e+00, -0e+00, -0e+00, -0e+00, -0e+00, -0e+00, -0e+00, -0e+00, -0e+00, -0e+00, -0e+00, -0e+00, -0e+00, -0e+00, -0e+00]
