<<<<<<< HEAD
last-generated=2022-09-10
=======
last-generated=2024-06-04
>>>>>>> master
statistics-initialization=
{
  "linear": "0",
  "nonlinear": "0",
  "numerical Jacobians": "0"
}
statistics-simulation=
{
  "linear": "0",
  "nonlinear": "0",
  "number of continuous time states": "98",
  "numerical Jacobians": "0"
}
time=[0e+00, 3.6e+03]
<<<<<<< HEAD
hex.Q2_flow=[0e+00, -4.38732861328125e+03, -4.7513857421875e+03, -4.78766845703125e+03, -4.79085009765625e+03, -4.7911220703125e+03, -4.79115283203125e+03, -4.79115087890625e+03, -4.7911435546875e+03, -4.791142578125e+03, -4.7911455078125e+03, -4.765521484375e+03, -4.71013525390625e+03, -4.6392861328125e+03, -4.550126953125e+03, -4.4354501953125e+03, -4.28378662109375e+03, -4.0759521484375e+03, -3.781533447265625e+03, -3.350046875e+03, -2.7104443359375e+03, -1.939654541015625e+03, -1.266015380859375e+03, -7.570610961914062e+02, -4.836357116699219e+02, -3.826850891113281e+02, -3.106258544921875e+02, -2.593629150390624e+02, -2.22967559814453e+02, -1.971803588867188e+02, -1.789403686523438e+02, -1.660631408691406e+02, -1.569798431396484e+02, -1.505818481445312e+02, -1.460806732177734e+02, -1.429157257080078e+02, -1.406963043212891e+02, -1.39146240234375e+02, -1.380652465820312e+02, -1.373092346191406e+02, -1.367803039550781e+02, -1.364112548828125e+02, -1.361555023193359e+02, -1.359798431396484e+02, -1.358594818115234e+02, -1.357763366699219e+02, -1.357191925048828e+02, -1.356778564453125e+02, -1.356481475830078e+02, -1.356264495849609e+02, -1.356115570068359e+02, -1.239378509521484e+02, -1.147602767944336e+02, -1.014845733642578e+02, -7.308675384521456e+01, -6.487371444702475e+00, -7.280665588378946e+01, -1.25925422668457e+02, -1.540143890380859e+02, -1.630893096923828e+02, -1.609065093994141e+02, -1.388268280029297e+02, -1.234251098632812e+02, -1.119929580688477e+02, -1.027516708374023e+02, -9.438295745849609e+01, -8.566283416748047e+01, -7.530207824707031e+01, -6.132124328613281e+01, -3.878396987915039e+01, -2.645426273345947e+00, -1.516823410987854e+00, -1.510164976119995e+00, -1.505065321922302e+00, -1.500208258628845e+00, -1.494744181632996e+00, -2.18799877166748e+00, -2.082433700561523e+00, -1.99336850643158e+00, -1.918261289596558e+00, -1.853722929954529e+00, -1.797528624534607e+00, -1.750241160392761e+00, -1.706829309463501e+00, -1.66889762878418e+00, -1.63568651676178e+00, -1.606038331985474e+00, -1.579093217849731e+00, -1.554568290710449e+00, -1.919322729110718e+00, -1.86760401725769e+00, -1.819288492202759e+00, -1.772884011268616e+00, -1.730432152748108e+00, -1.690699934959412e+00, -1.653749465942383e+00, -1.61931312084198e+00, -1.586823105812073e+00, -1.556680679321289e+00, -1.526640295982361e+00, -1.499019145965576e+00]
hex.QLat2_flow=[0e+00, -2.77015283203125e+03, -2.986007080078125e+03, -3.00695849609375e+03, -3.0087880859375e+03, -3.0089443359375e+03, -3.008962158203125e+03, -3.0089609375e+03, -3.00895654296875e+03, -3.0089560546875e+03, -3.008957763671875e+03, -2.9942041015625e+03, -2.962140625e+03, -2.920789794921875e+03, -2.868232666015625e+03, -2.799808837890625e+03, -2.707950927734375e+03, -2.579698974609375e+03, -2.393677001953125e+03, -2.1129033203125e+03, -1.681698852539062e+03, -1.139555419921875e+03, -6.464654541015625e+02, -2.75044189453125e+02, -1.045193328857422e+02, -7.991792297363281e+01, -6.430178833007812e+01, -5.447010040283201e+01, -4.8302921295166e+01, -4.444830322265625e+01, -4.204262161254883e+01, -4.054651641845703e+01, -3.961204147338867e+01, -3.902795028686523e+01, -3.866205596923828e+01, -3.843122482299805e+01, -3.828644180297852e+01, -3.819671249389648e+01, -3.814106369018555e+01, -3.810508728027344e+01, -3.808150863647461e+01, -3.806604766845703e+01, -3.805648803710938e+01, -3.80504264831543e+01, -3.8047119140625e+01, -3.804502487182617e+01, -3.804377365112305e+01, -3.804290390014648e+01, -3.804199981689453e+01, -3.804103469848633e+01, -3.804059600830078e+01, -3.87524528503418e+01, -4.29852180480957e+01, -4.657569122314453e+01, -4.15578041076659e+01, -4.410821437835613e+00, 0e+00, 0e+00, 0e+00, 0e+00, 0e+00, 0e+00, 0e+00, 0e+00, 0e+00, 0e+00, 0e+00, 0e+00, 0e+00, 0e+00, 0e+00, 0e+00, 0e+00, 0e+00, 0e+00, 0e+00, -6.95513129234314e-01, -5.964394807815552e-01, -5.138204097747803e-01, -4.451313316822052e-01, -3.870254158973694e-01, -3.373086452484131e-01, -2.965137362480164e-01, -2.597417831420898e-01, -2.285012304782867e-01, -2.021316438913345e-01, -1.794441640377045e-01, -1.596423983573914e-01, -1.424524635076523e-01, -5.128723978996277e-01, -4.692141711711884e-01, -4.291821122169495e-01, -3.913184404373169e-01, -3.576761484146118e-01, -3.270607590675354e-01, -2.995449900627136e-01, -2.748858630657196e-01, -2.525359988212585e-01, -2.328994125127792e-01, -2.137697339057922e-01, -1.97432354092598e-01]
hex.port_a2.m_flow=[0e+00, 1.400000005960464e-01, 1.400000005960464e-01, 1.400000005960464e-01, 1.400000005960464e-01, 1.400000005960464e-01, 1.400000005960464e-01, 1.400000005960464e-01, 1.400000005960464e-01, 1.400000005960464e-01, 1.400000005960464e-01, 1.400000005960464e-01, 1.400000005960464e-01, 1.400000005960464e-01, 1.400000005960464e-01, 1.400000005960464e-01, 1.400000005960464e-01, 1.400000005960464e-01, 1.400000005960464e-01, 1.400000005960464e-01, 1.400000005960464e-01, 1.400000005960464e-01, 1.400000005960464e-01, 1.400000005960464e-01, 1.400000005960464e-01, 1.400000005960464e-01, 1.400000005960464e-01, 1.400000005960464e-01, 1.400000005960464e-01, 1.400000005960464e-01, 1.400000005960464e-01, 1.400000005960464e-01, 1.400000005960464e-01, 1.400000005960464e-01, 1.400000005960464e-01, 1.400000005960464e-01, 1.400000005960464e-01, 1.400000005960464e-01, 1.400000005960464e-01, 1.400000005960464e-01, 1.400000005960464e-01, 1.400000005960464e-01, 1.400000005960464e-01, 1.400000005960464e-01, 1.400000005960464e-01, 1.400000005960464e-01, 1.400000005960464e-01, 1.400000005960464e-01, 1.400000005960464e-01, 1.400000005960464e-01, 1.400000005960464e-01, 1.120029240846634e-01, 8.400219678878784e-02, 5.600151419639587e-02, 2.799329161643964e-02, -3.60944659423179e-06, -2.799926884472388e-02, -5.599848553538322e-02, -8.399330079555511e-02, -1.12014427781105e-01, -1.399954259395599e-01, -1.260016411542892e-01, -1.120014637708664e-01, -9.800127893686295e-02, -8.40010941028595e-02, -7.000091671943665e-02, -5.600074678659439e-02, -4.200035333633423e-02, -2.800901979207993e-02, -1.414381619542837e-02, 1.527812491985969e-05, 0e+00, 0e+00, 0e+00, 0e+00, 0e+00, 0e+00, 0e+00, 0e+00, 0e+00, 0e+00, 0e+00, 0e+00, 0e+00, 0e+00, 0e+00, 0e+00, 0e+00, 0e+00, 0e+00, -2.86490828890068e-13, 0e+00, 0e+00, 0e+00, 0e+00, 0e+00, 0e+00, 0e+00, 0e+00, 0e+00, 0e+00]
hex.port_b2.m_flow=[-1.400000005960464e-01, -1.400000005960464e-01, -1.400000005960464e-01, -1.400000005960464e-01, -1.400000005960464e-01, -1.400000005960464e-01, -1.400000005960464e-01, -1.400000005960464e-01, -1.400000005960464e-01, -1.400000005960464e-01, -1.400000005960464e-01, -1.400000005960464e-01, -1.400000005960464e-01, -1.400000005960464e-01, -1.400000005960464e-01, -1.400000005960464e-01, -1.400000005960464e-01, -1.400000005960464e-01, -1.400000005960464e-01, -1.400000005960464e-01, -1.400000005960464e-01, -1.400000005960464e-01, -1.400000005960464e-01, -1.400000005960464e-01, -1.400000005960464e-01, -1.400000005960464e-01, -1.400000005960464e-01, -1.400000005960464e-01, -1.400000005960464e-01, -1.400000005960464e-01, -1.400000005960464e-01, -1.400000005960464e-01, -1.400000005960464e-01, -1.400000005960464e-01, -1.400000005960464e-01, -1.400000005960464e-01, -1.400000005960464e-01, -1.400000005960464e-01, -1.400000005960464e-01, -1.400000005960464e-01, -1.400000005960464e-01, -1.400000005960464e-01, -1.400000005960464e-01, -1.400000005960464e-01, -1.400000005960464e-01, -1.400000005960464e-01, -1.400000005960464e-01, -1.400000005960464e-01, -1.400000005960464e-01, -1.400000005960464e-01, -1.400000005960464e-01, -1.120000034570694e-01, -8.399999886751175e-02, -5.60000017285347e-02, -2.800000086426717e-02, 7.140166331002833e-15, 2.800000086426753e-02, 5.60000017285347e-02, 8.399999886751175e-02, 1.120000034570694e-01, 1.400000005960464e-01, 1.260000020265579e-01, 1.120000034570694e-01, 9.799999743700027e-02, 8.399999886751175e-02, 7.000000029802322e-02, 5.60000017285347e-02, 4.199999943375587e-02, 2.800000086426735e-02, 1.400000043213367e-02, -0e+00, -0e+00, -0e+00, -0e+00, -0e+00, -0e+00, -0e+00, -0e+00, -0e+00, -0e+00, -0e+00, -0e+00, -0e+00, -0e+00, -0e+00, -0e+00, -0e+00, -0e+00, -0e+00, -0e+00, -0e+00, -0e+00, -0e+00, -0e+00, -0e+00, -0e+00, -0e+00, -0e+00, -0e+00, -0e+00, -0e+00]
=======
hex.Q2_flow=[0e+00, -3.217663818359375e+03, -3.29960009765625e+03, -3.301896240234375e+03, -3.301952392578125e+03, -3.30195361328125e+03, -3.30195361328125e+03, -3.3019541015625e+03, -3.3019541015625e+03, -3.301953857421875e+03, -3.30195361328125e+03, -3.2538271484375e+03, -3.164407470703125e+03, -3.05560546875e+03, -2.922644775390625e+03, -2.757383544921875e+03, -2.548380615234375e+03, -2.278524169921875e+03, -1.926637939453125e+03, -1.46704052734375e+03, -8.853316040039062e+02, -4.583419799804688e+02, -3.384273681640625e+02, -2.674842529296875e+02, -2.197428894042969e+02, -1.857921905517578e+02, -1.612291564941406e+02, -1.434139709472656e+02, -1.305257720947265e+02, -1.212371215820312e+02, -1.145660247802734e+02, -1.097954483032227e+02, -1.063984603881836e+02, -1.039881744384766e+02, -1.022829360961914e+02, -1.010763854980469e+02, -1.002243194580078e+02, -9.962702178955078e+01, -9.921120452880859e+01, -9.892307281494141e+01, -9.872383117675781e+01, -9.858596038818359e+01, -9.8488525390625e+01, -9.842122650146484e+01, -9.837165832519531e+01, -9.833942413330078e+01, -9.831645202636719e+01, -9.830300140380859e+01, -9.829441070556641e+01, -9.828975677490234e+01, -9.828701782226562e+01, -8.906713104248047e+01, -8.020509338378906e+01, -6.853559875488281e+01, -4.92461738586424e+01, -8.524071693420678e+00, -6.372993087768591e+01, -1.129459381103516e+02, -1.408844299316406e+02, -1.516740570068359e+02, -1.518315124511719e+02, -1.327280578613281e+02, -1.192751922607422e+02, -1.091634521484375e+02, -1.008280639648438e+02, -9.311508178710938e+01, -8.486345672607422e+01, -7.473222351074219e+01, -6.088954162597656e+01, -3.915933227539062e+01, -4.057492733001709e+00, -2.110563039779663e+00, -2.102781534194946e+00, -2.097463369369507e+00, -2.091137170791626e+00, -2.081430435180664e+00, -2.958573818206787e+00, -2.870971918106079e+00, -2.754252433776855e+00, -2.655791044235229e+00, -2.570685863494873e+00, -2.496624708175659e+00, -2.432275056838989e+00, -2.375327348709106e+00, -2.324448108673096e+00, -2.278575897216797e+00, -2.234650611877441e+00, -2.19878625869751e+00, -2.170016527175903e+00, -2.54475736618042e+00, -2.584989547729492e+00, -2.524047136306763e+00, -2.463186502456665e+00, -2.406277179718018e+00, -2.354028224945068e+00, -2.30475115776062e+00, -2.257300615310669e+00, -2.212996006011963e+00, -2.171471118927002e+00, -2.131813764572144e+00, -2.094058752059937e+00]
hex.QLat2_flow=[0e+00, -2.02897412109375e+03, -2.083503173828125e+03, -2.0850263671875e+03, -2.08506298828125e+03, -2.085063720703125e+03, -2.085063720703125e+03, -2.08506396484375e+03, -2.08506396484375e+03, -2.085063720703125e+03, -2.0850634765625e+03, -2.053106201171875e+03, -1.993400390625e+03, -1.920185668945312e+03, -1.82990625e+03, -1.716501708984375e+03, -1.571314453125e+03, -1.381154174804688e+03, -1.129077026367188e+03, -7.937589111328125e+02, -3.612647094726562e+02, -5.907624053955078e+01, -2.344907569885254e+01, -1.413197708129883e+01, -1.168910503387451e+01, -1.102140712738037e+01, -1.081450653076172e+01, -1.073577880859375e+01, -1.069959163665771e+01, -1.068047618865967e+01, -1.066826057434082e+01, -1.066049098968506e+01, -1.06557731628418e+01, -1.065264892578125e+01, -1.065040493011475e+01, -1.064880752563477e+01, -1.064774513244629e+01, -1.064706993103027e+01, -1.064662647247314e+01, -1.064631843566895e+01, -1.064609813690186e+01, -1.064594173431396e+01, -1.064582347869873e+01, -1.064574909210205e+01, -1.064568996429443e+01, -1.064565944671631e+01, -1.064563846588135e+01, -1.064562702178955e+01, -1.064562034606934e+01, -1.064561557769775e+01, -1.064561176300049e+01, -1.264777755737305e+01, -1.639428520202637e+01, -2.036240005493164e+01, -2.171291732788083e+01, -5.772341251373239e+00, 0e+00, 0e+00, 0e+00, 0e+00, 0e+00, 0e+00, 0e+00, 0e+00, 0e+00, 0e+00, 0e+00, 0e+00, 0e+00, 0e+00, 0e+00, 0e+00, 0e+00, 0e+00, 0e+00, 0e+00, -9.091425538063049e-01, -8.180691003799438e-01, -7.08095908164978e-01, -6.166338920593262e-01, -5.388142466545105e-01, -4.723216891288757e-01, -4.158004224300385e-01, -3.669517338275909e-01, -3.24451208114624e-01, -2.872453629970551e-01, -2.522968053817749e-01, -2.256645560264587e-01, -2.064393162727356e-01, -5.998429656028748e-01, -6.500948667526245e-01, -5.987274050712585e-01, -5.48493504524231e-01, -5.027661919593811e-01, -4.622716307640076e-01, -4.252488017082214e-01, -3.904445171356201e-01, -3.593875765800476e-01, -3.317306935787201e-01, -3.065188527107239e-01, -2.837739884853363e-01]
hex.port_a2.m_flow=[0e+00, 1.400000005960464e-01, 1.400000005960464e-01, 1.400000005960464e-01, 1.400000005960464e-01, 1.400000005960464e-01, 1.400000005960464e-01, 1.400000005960464e-01, 1.400000005960464e-01, 1.400000005960464e-01, 1.400000005960464e-01, 1.400000005960464e-01, 1.400000005960464e-01, 1.400000005960464e-01, 1.400000005960464e-01, 1.400000005960464e-01, 1.400000005960464e-01, 1.400000005960464e-01, 1.400000005960464e-01, 1.400000005960464e-01, 1.400000005960464e-01, 1.400000005960464e-01, 1.400000005960464e-01, 1.400000005960464e-01, 1.400000005960464e-01, 1.400000005960464e-01, 1.400000005960464e-01, 1.400000005960464e-01, 1.400000005960464e-01, 1.400000005960464e-01, 1.400000005960464e-01, 1.400000005960464e-01, 1.400000005960464e-01, 1.400000005960464e-01, 1.400000005960464e-01, 1.400000005960464e-01, 1.400000005960464e-01, 1.400000005960464e-01, 1.400000005960464e-01, 1.400000005960464e-01, 1.400000005960464e-01, 1.400000005960464e-01, 1.400000005960464e-01, 1.400000005960464e-01, 1.400000005960464e-01, 1.400000005960464e-01, 1.400000005960464e-01, 1.400000005960464e-01, 1.400000005960464e-01, 1.400000005960464e-01, 1.400000005960464e-01, 1.120040938258171e-01, 8.400306850671768e-02, 5.600712075829506e-02, 2.800142765045148e-02, 9.612455185611152e-07, -2.799896150827426e-02, -5.599909275770187e-02, -8.396590501070023e-02, -1.120309308171272e-01, -1.400431543588638e-01, -1.260022968053818e-01, -1.12002044916153e-01, -9.800179302692413e-02, -8.400153368711472e-02, -7.000128179788589e-02, -5.600102618336678e-02, -4.200097173452377e-02, -2.803007327020168e-02, -1.421913411468267e-02, 2.312475771759637e-05, 0e+00, 0e+00, 0e+00, 0e+00, 0e+00, 0e+00, 0e+00, 0e+00, 0e+00, 0e+00, 0e+00, 0e+00, 0e+00, 0e+00, 0e+00, -1.43245414445034e-13, -1.43245414445034e-13, 1.43245414445034e-13, 0e+00, 0e+00, 0e+00, 0e+00, 0e+00, -1.43245414445034e-13, -1.43245414445034e-13, 0e+00, 0e+00, 0e+00, 0e+00, 0e+00]
hex.port_b2.m_flow=[-1.400000005960464e-01, -1.400000005960464e-01, -1.400000005960464e-01, -1.400000005960464e-01, -1.400000005960464e-01, -1.400000005960464e-01, -1.400000005960464e-01, -1.400000005960464e-01, -1.400000005960464e-01, -1.400000005960464e-01, -1.400000005960464e-01, -1.400000005960464e-01, -1.400000005960464e-01, -1.400000005960464e-01, -1.400000005960464e-01, -1.400000005960464e-01, -1.400000005960464e-01, -1.400000005960464e-01, -1.400000005960464e-01, -1.400000005960464e-01, -1.400000005960464e-01, -1.400000005960464e-01, -1.400000005960464e-01, -1.400000005960464e-01, -1.400000005960464e-01, -1.400000005960464e-01, -1.400000005960464e-01, -1.400000005960464e-01, -1.400000005960464e-01, -1.400000005960464e-01, -1.400000005960464e-01, -1.400000005960464e-01, -1.400000005960464e-01, -1.400000005960464e-01, -1.400000005960464e-01, -1.400000005960464e-01, -1.400000005960464e-01, -1.400000005960464e-01, -1.400000005960464e-01, -1.400000005960464e-01, -1.400000005960464e-01, -1.400000005960464e-01, -1.400000005960464e-01, -1.400000005960464e-01, -1.400000005960464e-01, -1.400000005960464e-01, -1.400000005960464e-01, -1.400000005960464e-01, -1.400000005960464e-01, -1.400000005960464e-01, -1.400000005960464e-01, -1.120000034570694e-01, -8.399999886751175e-02, -5.60000017285347e-02, -2.800000086426717e-02, 4.255373436036178e-16, 2.800000086426753e-02, 5.60000017285347e-02, 8.399999886751175e-02, 1.120000034570694e-01, 1.400000005960464e-01, 1.260000020265579e-01, 1.120000034570694e-01, 9.799999743700027e-02, 8.399999886751175e-02, 7.000000029802322e-02, 5.60000017285347e-02, 4.199999943375587e-02, 2.800000086426735e-02, 1.400000043213367e-02, -0e+00, -0e+00, -0e+00, -0e+00, -0e+00, -0e+00, -0e+00, -0e+00, -0e+00, -0e+00, -0e+00, -0e+00, -0e+00, -0e+00, -0e+00, -0e+00, -0e+00, -0e+00, -0e+00, -0e+00, -0e+00, -0e+00, -0e+00, -0e+00, -0e+00, -0e+00, -0e+00, -0e+00, -0e+00, -0e+00, -0e+00]
>>>>>>> master
