<<<<<<< HEAD
last-generated=2022-05-26
=======
last-generated=2023-06-22
>>>>>>> master
statistics-initialization=
{
  "nonlinear": "0, 1",
  "numerical Jacobians": "0"
}
statistics-simulation=
{
  "linear": " ",
  "nonlinear": "0",
  "number of continuous time states": "50",
  "numerical Jacobians": "0"
}
time=[0e+00, 3.6e+03]
hex.sta_a1.T=[2.781499938964844e+02, 2.781499938964844e+02, 2.781499938964844e+02, 2.781499938964844e+02, 2.781499938964844e+02, 2.781499938964844e+02, 2.781499938964844e+02, 2.781499938964844e+02, 2.781499938964844e+02, 2.781499938964844e+02, 2.781499938964844e+02, 2.781499938964844e+02, 2.781499938964844e+02, 2.781499938964844e+02, 2.781499938964844e+02, 2.781499938964844e+02, 2.781499938964844e+02, 2.781499938964844e+02, 2.781499938964844e+02, 2.781499938964844e+02, 2.781499938964844e+02, 2.781499938964844e+02, 2.781499938964844e+02, 2.781499938964844e+02, 2.781499938964844e+02, 2.781499938964844e+02, 2.781499938964844e+02, 2.781499938964844e+02, 2.781499938964844e+02, 2.781499938964844e+02, 2.781499938964844e+02, 2.781499938964844e+02, 2.781499938964844e+02, 2.781499938964844e+02, 2.781499938964844e+02, 2.781499938964844e+02, 2.781499938964844e+02, 2.781499938964844e+02, 2.781499938964844e+02, 2.781499938964844e+02, 2.781499938964844e+02, 2.781499938964844e+02, 2.781499938964844e+02, 2.781499938964844e+02, 2.781499938964844e+02, 2.781499938964844e+02, 2.781499938964844e+02, 2.781499938964844e+02, 2.781499938964844e+02, 2.781499938964844e+02, 2.781499938964844e+02, 2.781499938964844e+02, 2.781499938964844e+02, 2.781499938964844e+02, 2.781499938964844e+02, 2.781499938964844e+02, 2.781499938964844e+02, 2.781499938964844e+02, 2.781499938964844e+02, 2.781499938964844e+02, 2.781499938964844e+02, 2.781499938964844e+02, 2.781499938964844e+02, 2.781499938964844e+02, 2.781499938964844e+02, 2.781499938964844e+02, 2.781499938964844e+02, 2.781499938964844e+02, 2.781499938964844e+02, 2.781499938964844e+02, 2.781499938964844e+02, 2.781499938964844e+02, 2.781499938964844e+02, 2.781499938964844e+02, 2.781499938964844e+02, 2.781499938964844e+02, 2.781499938964844e+02, 2.781499938964844e+02, 2.781499938964844e+02, 2.781499938964844e+02, 2.781499938964844e+02, 2.781499938964844e+02, 2.781499938964844e+02, 2.781499938964844e+02, 2.881499938964844e+02, 2.881499938964844e+02, 2.881499938964844e+02, 2.881499938964844e+02, 2.881499938964844e+02, 2.881499938964844e+02, 2.881499938964844e+02, 2.881499938964844e+02, 2.881499938964844e+02, 2.881499938964844e+02, 2.881499938964844e+02, 2.881499938964844e+02, 2.881499938964844e+02, 2.881499938964844e+02, 2.881499938964844e+02, 2.881499938964844e+02, 2.881499938964844e+02]
<<<<<<< HEAD
hex.sta_b1.T=[2.931499938964844e+02, 2.933303833007812e+02, 2.924511413574219e+02, 2.907601318359375e+02, 2.906940612792969e+02, 2.906873779296875e+02, 2.907875061035156e+02, 2.909783935546875e+02, 2.912432556152344e+02, 2.914555969238281e+02, 2.915213623046875e+02, 2.91859375e+02, 2.922623901367188e+02, 2.925308227539062e+02, 2.927081298828125e+02, 2.927974243164062e+02, 2.928229675292969e+02, 2.928045959472656e+02, 2.924076843261719e+02, 2.914923400878906e+02, 2.900277099609375e+02, 2.882465209960938e+02, 2.869084777832031e+02, 2.864751586914062e+02, 2.862996826171875e+02, 2.863385009765625e+02, 2.864956665039062e+02, 2.865559387207031e+02, 2.865046691894531e+02, 2.864259033203125e+02, 2.863935852050781e+02, 2.864238586425781e+02, 2.864695129394531e+02, 2.864925537109375e+02, 2.864775085449219e+02, 2.864529418945312e+02, 2.86439697265625e+02, 2.864516906738281e+02, 2.864735412597656e+02, 2.864848327636719e+02, 2.864703979492188e+02, 2.864509887695312e+02, 2.864413452148438e+02, 2.86455078125e+02, 2.864749450683594e+02, 2.864844055175781e+02, 2.864678649902344e+02, 2.864496459960938e+02, 2.864415588378906e+02, 2.864574584960938e+02, 2.864761657714844e+02, 2.865761413574219e+02, 2.868235473632812e+02, 2.871346435546875e+02, 2.87510498046875e+02, 2.879435729980469e+02, 2.884167175292969e+02, 2.8889599609375e+02, 2.893611755371094e+02, 2.89814697265625e+02, 2.902523193359375e+02, 2.906883850097656e+02, 2.910938110351562e+02, 2.915019836425781e+02, 2.919033813476562e+02, 2.922753601074219e+02, 2.926548156738281e+02, 2.930433044433594e+02, 2.936590270996094e+02, 2.942327880859375e+02, 2.945466003417969e+02, 2.947279968261719e+02, 2.948651428222656e+02, 2.949637756347656e+02, 2.95030517578125e+02, 2.95074462890625e+02, 2.950751342773438e+02, 2.950636596679688e+02, 2.95053466796875e+02, 2.950450134277344e+02, 2.950255126953125e+02, 2.950037536621094e+02, 2.949924621582031e+02, 2.949912109375e+02, 2.949734802246094e+02, 2.949146423339844e+02, 2.948935546875e+02, 2.9493603515625e+02, 2.950206298828125e+02, 2.950744018554688e+02, 2.950956115722656e+02, 2.950996398925781e+02, 2.950970764160156e+02, 2.950918884277344e+02, 2.950843811035156e+02, 2.950742492675781e+02, 2.950618286132812e+02, 2.950482788085938e+02, 2.950349426269531e+02, 2.95026123046875e+02, 2.950299377441406e+02]
hex.sta_a2.T=[3.031499938964844e+02, 3.031499938964844e+02, 3.031499938964844e+02, 3.031499938964844e+02, 3.031499938964844e+02, 3.031499938964844e+02, 3.031499938964844e+02, 3.031499938964844e+02, 3.031499938964844e+02, 3.031499938964844e+02, 3.031499938964844e+02, 3.031499938964844e+02, 3.031499938964844e+02, 3.031499938964844e+02, 3.031499938964844e+02, 3.031499938964844e+02, 3.031499938964844e+02, 3.031499938964844e+02, 3.031499938964844e+02, 3.031499938964844e+02, 3.031499938964844e+02, 3.031499938964844e+02, 3.031499938964844e+02, 3.031499938964844e+02, 3.031499938964844e+02, 3.031499938964844e+02, 3.031499938964844e+02, 3.031499938964844e+02, 3.031499938964844e+02, 3.031499938964844e+02, 3.031499938964844e+02, 3.031499938964844e+02, 3.031499938964844e+02, 3.031499938964844e+02, 3.031499938964844e+02, 3.031499938964844e+02, 3.031499938964844e+02, 3.031499938964844e+02, 3.031499938964844e+02, 3.031499938964844e+02, 3.031499938964844e+02, 3.031499938964844e+02, 3.031499938964844e+02, 3.031499938964844e+02, 3.031499938964844e+02, 3.031499938964844e+02, 3.031499938964844e+02, 3.031499938964844e+02, 3.031499938964844e+02, 3.031499938964844e+02, 3.031499938964844e+02, 3.031499938964844e+02, 3.031499938964844e+02, 3.031499938964844e+02, 3.031499938964844e+02, 3.031499938964844e+02, 3.031499938964844e+02, 3.031499938964844e+02, 3.031499938964844e+02, 3.031499938964844e+02, 3.031499938964844e+02, 3.031499938964844e+02, 3.031499938964844e+02, 3.031499938964844e+02, 3.031499938964844e+02, 3.031499938964844e+02, 3.031499938964844e+02, 3.031499938964844e+02, 3.031499938964844e+02, 3.031499938964844e+02, 3.031499938964844e+02, 3.031499938964844e+02, 3.031499938964844e+02, 3.031499938964844e+02, 3.031499938964844e+02, 3.031499938964844e+02, 3.031499938964844e+02, 3.031499938964844e+02, 3.031499938964844e+02, 3.031499938964844e+02, 3.031499938964844e+02, 3.031499938964844e+02, 3.031499938964844e+02, 3.031499938964844e+02, 3.001499938964844e+02, 3.001499938964844e+02, 3.001499938964844e+02, 3.001499938964844e+02, 3.001499938964844e+02, 3.001499938964844e+02, 3.001499938964844e+02, 3.001499938964844e+02, 3.001499938964844e+02, 3.001499938964844e+02, 3.001499938964844e+02, 3.001499938964844e+02, 3.001499938964844e+02, 3.001499938964844e+02, 3.001499938964844e+02, 3.001499938964844e+02, 3.001499938964844e+02]
hex.sta_b2.T=[2.931499938964844e+02, 2.947007141113281e+02, 2.922730712890625e+02, 2.901822509765625e+02, 2.904118347167969e+02, 2.910508422851562e+02, 2.91699951171875e+02, 2.923398132324219e+02, 2.929657897949219e+02, 2.935550537109375e+02, 2.937760314941406e+02, 2.936512145996094e+02, 2.934209899902344e+02, 2.933678283691406e+02, 2.933715515136719e+02, 2.933658752441406e+02, 2.933758850097656e+02, 2.934430541992188e+02, 2.930095825195312e+02, 2.918298645019531e+02, 2.905292053222656e+02, 2.894466552734375e+02, 2.887678527832031e+02, 2.887024841308594e+02, 2.888941955566406e+02, 2.890126647949219e+02, 2.890125122070312e+02, 2.889263000488281e+02, 2.888600158691406e+02, 2.888579711914062e+02, 2.888863830566406e+02, 2.889285278320312e+02, 2.889560852050781e+02, 2.889373474121094e+02, 2.889031066894531e+02, 2.888814086914062e+02, 2.888997192382812e+02, 2.889297790527344e+02, 2.889520263671875e+02, 2.889332275390625e+02, 2.889012145996094e+02, 2.888825988769531e+02, 2.889021301269531e+02, 2.889323120117188e+02, 2.889512634277344e+02, 2.889308776855469e+02, 2.88898681640625e+02, 2.8888330078125e+02, 2.889042358398438e+02, 2.889349975585938e+02, 2.889503784179688e+02, 2.889898376464844e+02, 2.892977600097656e+02, 2.897287292480469e+02, 2.901630249023438e+02, 2.9057763671875e+02, 2.909587707519531e+02, 2.913260192871094e+02, 2.917094421386719e+02, 2.92096435546875e+02, 2.925030212402344e+02, 2.928971557617188e+02, 2.932959899902344e+02, 2.937055358886719e+02, 2.940960083007812e+02, 2.945050659179688e+02, 2.949188537597656e+02, 2.953157958984375e+02, 2.955945434570312e+02, 2.954994812011719e+02, 2.952939147949219e+02, 2.952872009277344e+02, 2.953198852539062e+02, 2.953482666015625e+02, 2.953731994628906e+02, 2.953426208496094e+02, 2.952893981933594e+02, 2.953123474121094e+02, 2.953482360839844e+02, 2.953765869140625e+02, 2.953272399902344e+02, 2.953013305664062e+02, 2.953429870605469e+02, 2.953795166015625e+02, 2.948233642578125e+02, 2.949364013671875e+02, 2.951619262695312e+02, 2.953724670410156e+02, 2.95462158203125e+02, 2.954703063964844e+02, 2.954641418457031e+02, 2.954548950195312e+02, 2.954445495605469e+02, 2.95433837890625e+02, 2.954231262207031e+02, 2.954129028320312e+02, 2.954036254882812e+02, 2.953956909179688e+02, 2.953891906738281e+02, 2.953854675292969e+02, 2.954151000976562e+02]
hex.hexReg[1].ele[1, 1].vol1.T=[2.931499938964844e+02, 2.795619812011719e+02, 2.789750366210938e+02, 2.800579833984375e+02, 2.828024291992188e+02, 2.851943359375e+02, 2.873037719726562e+02, 2.891652526855469e+02, 2.908079223632812e+02, 2.88451171875e+02, 2.817759704589844e+02, 2.803378295898438e+02, 2.806063232421875e+02, 2.812137451171875e+02, 2.814617614746094e+02, 2.815662231445312e+02, 2.818591003417969e+02, 2.815242614746094e+02, 2.797129516601562e+02, 2.79373046875e+02, 2.793386535644531e+02, 2.793346252441406e+02, 2.794894714355469e+02, 2.799501037597656e+02, 2.798101196289062e+02, 2.795680236816406e+02, 2.794800109863281e+02, 2.795022583007812e+02, 2.795972900390625e+02, 2.796201171875e+02, 2.7962353515625e+02, 2.796240844726562e+02, 2.795652770996094e+02, 2.795499572753906e+02, 2.795478515625e+02, 2.796063537597656e+02, 2.796209411621094e+02, 2.796231384277344e+02, 2.795678405761719e+02, 2.795507507324219e+02, 2.795484313964844e+02, 2.796075744628906e+02, 2.796213989257812e+02, 2.796234741210938e+02, 2.795650024414062e+02, 2.795506286621094e+02, 2.795486755371094e+02, 2.796098327636719e+02, 2.796219482421875e+02, 2.796238098144531e+02, 2.795624389648438e+02, 2.799306640625e+02, 2.805956420898438e+02, 2.808710632324219e+02, 2.809682312011719e+02, 2.810029296875e+02, 2.810202026367188e+02, 2.813137512207031e+02, 2.817735290527344e+02, 2.82200927734375e+02, 2.826523742675781e+02, 2.829014892578125e+02, 2.836435546875e+02, 2.841002502441406e+02, 2.84597900390625e+02, 2.855942687988281e+02, 2.863152160644531e+02, 2.867395935058594e+02, 2.830756530761719e+02, 2.812983093261719e+02, 2.816595153808594e+02, 2.823333435058594e+02, 2.826872253417969e+02, 2.828778076171875e+02, 2.829733276367188e+02, 2.825192260742188e+02, 2.827272033691406e+02, 2.829586181640625e+02, 2.830840759277344e+02, 2.82823486328125e+02, 2.8249609375e+02, 2.827951965332031e+02, 2.830193176269531e+02, 2.827925109863281e+02, 2.851119689941406e+02, 2.868816528320312e+02, 2.884447631835938e+02, 2.895125732421875e+02, 2.896838989257812e+02, 2.897000122070312e+02, 2.897073059082031e+02, 2.89710205078125e+02, 2.897113647460938e+02, 2.897118225097656e+02, 2.897120056152344e+02, 2.897120666503906e+02, 2.897120971679688e+02, 2.897120971679688e+02, 2.897120971679688e+02, 2.89770751953125e+02, 2.898910217285156e+02]
hex.hexReg[1].ele[1, 1].vol2.T=[2.931499938964844e+02, 2.964634094238281e+02, 2.95608154296875e+02, 2.957507019042969e+02, 2.96486572265625e+02, 2.972637329101562e+02, 2.979542846679688e+02, 2.985638122558594e+02, 2.99101806640625e+02, 2.991314697265625e+02, 2.969833679199219e+02, 2.961262512207031e+02, 2.960499267578125e+02, 2.962300415039062e+02, 2.963358154296875e+02, 2.963809509277344e+02, 2.964414978027344e+02, 2.964788513183594e+02, 2.959745788574219e+02, 2.957313842773438e+02, 2.95696044921875e+02, 2.956907653808594e+02, 2.957063598632812e+02, 2.958411254882812e+02, 2.958634338378906e+02, 2.95785888671875e+02, 2.957422180175781e+02, 2.957361755371094e+02, 2.957627868652344e+02, 2.957776489257812e+02, 2.957803649902344e+02, 2.957808837890625e+02, 2.957692565917969e+02, 2.957590026855469e+02, 2.957572631835938e+02, 2.957691650390625e+02, 2.957786865234375e+02, 2.957804260253906e+02, 2.957704162597656e+02, 2.957593688964844e+02, 2.957574462890625e+02, 2.95769775390625e+02, 2.957789001464844e+02, 2.957805480957031e+02, 2.957688598632812e+02, 2.957591552734375e+02, 2.957575073242188e+02, 2.9577099609375e+02, 2.957792053222656e+02, 2.957806701660156e+02, 2.957673034667969e+02, 2.958221435546875e+02, 2.960201110839844e+02, 2.961454162597656e+02, 2.961921081542969e+02, 2.962093505859375e+02, 2.962160034179688e+02, 2.962864379882812e+02, 2.9641259765625e+02, 2.965250854492188e+02, 2.966849975585938e+02, 2.96780029296875e+02, 2.96968505859375e+02, 2.971363830566406e+02, 2.972557983398438e+02, 2.975512390136719e+02, 2.978024291992188e+02, 2.979869384765625e+02, 2.972677001953125e+02, 2.964613952636719e+02, 2.9635302734375e+02, 2.965713195800781e+02, 2.967086486816406e+02, 2.967830810546875e+02, 2.96823486328125e+02, 2.967274475097656e+02, 2.96720458984375e+02, 2.968044128417969e+02, 2.968536071777344e+02, 2.968330993652344e+02, 2.967124633789062e+02, 2.967406005859375e+02, 2.968242492675781e+02, 2.968194274902344e+02, 2.952220458984375e+02, 2.958073425292969e+02, 2.963183898925781e+02, 2.967244567871094e+02, 2.968614807128906e+02, 2.968744812011719e+02, 2.968778381347656e+02, 2.968790893554688e+02, 2.968795471191406e+02, 2.968796997070312e+02, 2.968797607421875e+02, 2.968797607421875e+02, 2.968797607421875e+02, 2.968797607421875e+02, 2.968797607421875e+02, 2.96884521484375e+02, 2.969251098632812e+02]
hex.hexReg[1].ele[1, 2].vol1.T=[2.931499938964844e+02, 2.819501342773438e+02, 2.79795654296875e+02, 2.811177978515625e+02, 2.837300720214844e+02, 2.860097045898438e+02, 2.880208740234375e+02, 2.897959289550781e+02, 2.913626098632812e+02, 2.920068359375e+02, 2.862955017089844e+02, 2.830627746582031e+02, 2.828471069335938e+02, 2.835851745605469e+02, 2.8406689453125e+02, 2.843429565429688e+02, 2.847421264648438e+02, 2.846029968261719e+02, 2.817138671875e+02, 2.806525573730469e+02, 2.8048876953125e+02, 2.80464599609375e+02, 2.806573791503906e+02, 2.814111022949219e+02, 2.8140576171875e+02, 2.8098583984375e+02, 2.807668762207031e+02, 2.807635498046875e+02, 2.809219665527344e+02, 2.809901733398438e+02, 2.8100537109375e+02, 2.810084838867188e+02, 2.809214782714844e+02, 2.808763122558594e+02, 2.808670043945312e+02, 2.809532165527344e+02, 2.809960327148438e+02, 2.81005615234375e+02, 2.809266967773438e+02, 2.808782958984375e+02, 2.808682250976562e+02, 2.809560546875e+02, 2.809971313476562e+02, 2.810062866210938e+02, 2.809200134277344e+02, 2.808772888183594e+02, 2.808684692382812e+02, 2.809613952636719e+02, 2.80998779296875e+02, 2.81007080078125e+02, 2.809135437011719e+02, 2.813756713867188e+02, 2.823861694335938e+02, 2.830135498046875e+02, 2.833181762695312e+02, 2.834557495117188e+02, 2.835195007324219e+02, 2.839030456542969e+02, 2.845252990722656e+02, 2.851354064941406e+02, 2.858229064941406e+02, 2.863138427734375e+02, 2.871881408691406e+02, 2.878846435546875e+02, 2.8855810546875e+02, 2.895952453613281e+02, 2.904806213378906e+02, 2.911719970703125e+02, 2.881810302734375e+02, 2.850794372558594e+02, 2.84824462890625e+02, 2.854940490722656e+02, 2.860162048339844e+02, 2.863882751464844e+02, 2.866321411132812e+02, 2.862473754882812e+02, 2.863721618652344e+02, 2.866502990722656e+02, 2.8685986328125e+02, 2.867002563476562e+02, 2.862879943847656e+02, 2.864848937988281e+02, 2.867529296875e+02, 2.866304931640625e+02, 2.872261657714844e+02, 2.8877099609375e+02, 2.901092529296875e+02, 2.908889770507812e+02, 2.910156860351562e+02, 2.910369567871094e+02, 2.910513610839844e+02, 2.910592346191406e+02, 2.910632019042969e+02, 2.910650939941406e+02, 2.910659790039062e+02, 2.9106640625e+02, 2.910665588378906e+02, 2.91066650390625e+02, 2.910666809082031e+02, 2.911234741210938e+02, 2.91289794921875e+02]
hex.hexReg[1].ele[1, 2].vol2.T=[2.931499938964844e+02, 2.975998229980469e+02, 2.959372253417969e+02, 2.960536804199219e+02, 2.967858276367188e+02, 2.975294494628906e+02, 2.981880187988281e+02, 2.987694396972656e+02, 2.992826843261719e+02, 2.996765441894531e+02, 2.984883422851562e+02, 2.971336059570312e+02, 2.967746887207031e+02, 2.969453125e+02, 2.971203918457031e+02, 2.972270812988281e+02, 2.973257751464844e+02, 2.974168395996094e+02, 2.967358093261719e+02, 2.961812438964844e+02, 2.960617065429688e+02, 2.960419616699219e+02, 2.960589294433594e+02, 2.962607421875e+02, 2.963537902832031e+02, 2.962441711425781e+02, 2.961513671875e+02, 2.961273803710938e+02, 2.961650695800781e+02, 2.961981506347656e+02, 2.96207275390625e+02, 2.962093200683594e+02, 2.961939086914062e+02, 2.961720275878906e+02, 2.961662292480469e+02, 2.96181640625e+02, 2.962021484375e+02, 2.962078552246094e+02, 2.96195556640625e+02, 2.961728820800781e+02, 2.961666870117188e+02, 2.961827697753906e+02, 2.9620263671875e+02, 2.962081298828125e+02, 2.961930236816406e+02, 2.961721496582031e+02, 2.961666564941406e+02, 2.961849060058594e+02, 2.962034301757812e+02, 2.962084350585938e+02, 2.961903381347656e+02, 2.96251220703125e+02, 2.965342712402344e+02, 2.967745666503906e+02, 2.969015502929688e+02, 2.969611206054688e+02, 2.969876708984375e+02, 2.970782470703125e+02, 2.972477722167969e+02, 2.97422119140625e+02, 2.976477355957031e+02, 2.978209838867188e+02, 2.980565795898438e+02, 2.982922058105469e+02, 2.984848937988281e+02, 2.98792724609375e+02, 2.990849609375e+02, 2.993331604003906e+02, 2.988667602539062e+02, 2.977784118652344e+02, 2.973839721679688e+02, 2.97550537109375e+02, 2.97727783203125e+02, 2.978596801757812e+02, 2.979501953125e+02, 2.978911743164062e+02, 2.978638610839844e+02, 2.979507141113281e+02, 2.980235900878906e+02, 2.980342407226562e+02, 2.979075622558594e+02, 2.978987731933594e+02, 2.979841003417969e+02, 2.98008056640625e+02, 2.960068664550781e+02, 2.964260864257812e+02, 2.968618774414062e+02, 2.971828918457031e+02, 2.97279296875e+02, 2.972911987304688e+02, 2.972965698242188e+02, 2.972995910644531e+02, 2.973011474609375e+02, 2.973019104003906e+02, 2.9730224609375e+02, 2.973024291992188e+02, 2.97302490234375e+02, 2.973025207519531e+02, 2.973025512695312e+02, 2.973070068359375e+02, 2.973560791015625e+02]
hex.hexReg[1].ele[1, 1].Gc_1=[2.42601513671875e+03, 2.42601513671875e+03]
hex.hexReg[1].ele[1, 1].Gc_2=[1.213007568359375e+03, 1.213007568359375e+03]
hex.Q1_flow=[0e+00, 8.11898046875e+04, 9.5732125e+04, 6.85728984375e+04, 5.50355625e+04, 5.194098828125e+04, 4.920033984375e+04, 4.650140234375e+04, 4.385299609375e+04, 4.804457421875e+04, 5.864351171875e+04, 6.003284375e+04, 5.48115859375e+04, 5.165931640625e+04, 5.16051796875e+04, 5.168698046875e+04, 5.00927890625e+04, 5.3914203125e+04, 7.15413359375e+04, 7.755634375e+04, 8.00950859375e+04, 8.10408203125e+04, 7.82916875e+04, 7.29326171875e+04, 7.402534375e+04, 7.584446875e+04, 7.684225e+04, 7.68433359375e+04, 7.58638984375e+04, 7.56423046875e+04, 7.54705e+04, 7.53333359375e+04, 7.6023046875e+04, 7.6231671875e+04, 7.6354375e+04, 7.565975e+04, 7.54879609375e+04, 7.53798984375e+04, 7.60252109375e+04, 7.62319765625e+04, 7.63441328125e+04, 7.564065625e+04, 7.54765234375e+04, 7.53713359375e+04, 7.6056453125e+04, 7.62385390625e+04, 7.63474296875e+04, 7.56176171875e+04, 7.54650625e+04, 7.53608203125e+04, 7.60828984375e+04, 7.1813203125e+04, 6.7009859375e+04, 6.52050390625e+04, 6.368725390624999e+04, 6.228840234374999e+04, 6.100673046874997e+04, 5.84616875e+04, 5.563034375e+04, 5.305755859375e+04, 5.10547421875e+04, 4.95053125e+04, 4.630636328125e+04, 4.46157578125e+04, 4.217880859375e+04, 3.95057109375e+04, 3.77669296875e+04, 3.654490625e+04, 4.652794921875e+04, 4.932402734375e+04, 4.298689453125e+04, 4.1066984375e+04, 4.090630078125e+04, 4.082570703125e+04, 4.081296484375e+04, 4.305232421875e+04, 4.11497578125e+04, 4.07896640625e+04, 4.063513671875e+04, 4.233619140625e+04, 4.3007e+04, 4.089301953125e+04, 4.0546484375e+04, 4.228130078125e+04, 2.649787109375e+04, 2.2391720703125e+04, 2.1335529296875e+04, 2.2770201171875e+04, 2.4817611328125e+04, 2.5081474609375e+04, 2.512910546875e+04, 2.5170890625e+04, 2.5211904296875e+04, 2.5252787109375e+04, 2.5292505859375e+04, 2.532891796875e+04, 2.536040234375e+04, 2.5385755859375e+04, 2.5405068359375e+04, 2.4916255859375e+04, 2.4448158203125e+04]
hex.Q2_flow=[0e+00, -5.066450390625e+04, -7.01679453125e+04, -7.719853125e+04, -6.8193578125e+04, -6.29589140625e+04, -5.960446875e+04, -5.629526953125e+04, -5.3054328125e+04, -5.069229296875e+04, -5.116522265625e+04, -5.37368671875e+04, -5.418197265625e+04, -5.34928359375e+04, -5.31945546875e+04, -5.31148984375e+04, -5.2702421875e+04, -5.270605078125e+04, -5.8489703125e+04, -6.7414015625e+04, -7.5732875e+04, -8.1941671875e+04, -8.5422234375e+04, -8.30917734375e+04, -8.07194296875e+04, -8.07405625e+04, -8.1873390625e+04, -8.28093984375e+04, -8.2747921875e+04, -8.22915e+04, -8.19261875e+04, -8.163140625e+04, -8.173803125e+04, -8.21197578125e+04, -8.24260078125e+04, -8.23057421875e+04, -8.1951265625e+04, -8.16699140625e+04, -8.1750140625e+04, -8.2128984375e+04, -8.24264140625e+04, -8.22843828125e+04, -8.19301640625e+04, -8.16518046875e+04, -8.17824296875e+04, -8.2154265625e+04, -8.24427734375e+04, -8.22568515625e+04, -8.190496875e+04, -8.16305703125e+04, -8.18159453125e+04, -8.04404609375e+04, -7.603671875e+04, -7.2469546875e+04, -7.015922656249999e+04, -6.801696874999999e+04, -6.606699999999999e+04, -6.38276640625e+04, -6.133321484375e+04, -5.890117578125e+04, -5.630321875e+04, -5.407339453125e+04, -5.180769140625e+04, -4.968751171875e+04, -4.759828125e+04, -4.531593359375e+04, -4.317122265625e+04, -4.11350078125e+04, -4.109755078125e+04, -4.28796484375e+04, -4.319283203125e+04, -4.230270703125e+04, -4.175750390625e+04, -4.14610625e+04, -4.133681640625e+04, -4.19075625e+04, -4.18977734375e+04, -4.1622546875e+04, -4.1439875e+04, -4.15024453125e+04, -4.201841796875e+04, -4.175566015625e+04, -4.145651171875e+04, -4.148675390625e+04, -2.82300625e+04, -2.7097681640625e+04, -2.5922802734375e+04, -2.5101123046875e+04, -2.4948244140625e+04, -2.4946708984375e+04, -2.4979150390625e+04, -2.502630859375e+04, -2.507892578125e+04, -2.513359765625e+04, -2.5188189453125e+04, -2.524034375e+04, -2.5287666015625e+04, -2.5328328125e+04, -2.5361435546875e+04, -2.5334384765625e+04, -2.512801171875e+04]
hex.m1_flow=[2.820636749267578e+00, 4.579715251922607e+00, 3.538679838180542e+00, 2.733685076236725e-01, 4.921875188301783e-06, 4.921875188301783e-06, 4.921875188301783e-06, 4.21874983658199e-06, 2.109374918290996e-06, 1.094484925270081e+00, 1.715574264526367e+00, 1.563956022262573e+00, 9.700673222541809e-01, 8.198292255401611e-01, 8.198292255401611e-01, 8.198292255401611e-01, 6.645733714103699e-01, 1.425918102264404e+00, 2.672612428665161e+00, 2.672612428665161e+00, 2.672612428665161e+00, 2.672612428665161e+00, 1.957316160202026e+00, 1.554109930992126e+00, 2.1118004322052e+00, 2.386594772338867e+00, 2.386594772338867e+00, 2.254026174545288e+00, 2.120988845825195e+00, 2.120988845825195e+00, 2.120988845825195e+00, 2.120988845825195e+00, 2.244575023651123e+00, 2.244575023651123e+00, 2.244575023651123e+00, 2.1219482421875e+00, 2.1219482421875e+00, 2.1219482421875e+00, 2.243634223937988e+00, 2.243634223937988e+00, 2.243634223937988e+00, 2.121481418609619e+00, 2.121481418609619e+00, 2.121481418609619e+00, 2.24314546585083e+00, 2.24314546585083e+00, 2.24314546585083e+00, 2.121044635772705e+00, 2.121044635772705e+00, 2.121044635772705e+00, 2.242763042449951e+00, 1.347288489341736e+00, 1.025111675262451e+00, 1.025111675262451e+00, 1.025111675262451e+00, 1.025111675262451e+00, 9.496836662292366e-01, 8.573567271232605e-01, 6.930975317955017e-01, 5.282184481620789e-01, 5.282184481620789e-01, 4.592032730579376e-01, 3.615877330303192e-01, 3.615877330303192e-01, 1.943424493074417e-01, 1.943424493074417e-01, 1.943424493074417e-01, 4.055234789848328e-01, 1.243525147438049e+00, 1.239002704620361e+00, 5.397018790245056e-01, 5.397018790245056e-01, 5.397018790245056e-01, 5.397018790245056e-01, 6.129266619682312e-01, 7.0057213306427e-01, 5.219425559043884e-01, 5.219425559043884e-01, 5.219425559043884e-01, 6.878068447113037e-01, 6.878068447113037e-01, 5.1473069190979e-01, 5.1473069190979e-01, 6.836425065994263e-01, 1.406250021318556e-06, 1.406250021318556e-06, 1.406250021318556e-06, 6.041496992111206e-01, 8.893576264381409e-01, 8.893576264381409e-01, 8.893576264381409e-01, 8.893576264381409e-01, 8.893576264381409e-01, 8.893576264381409e-01, 8.893576264381409e-01, 8.893576264381409e-01, 8.893576264381409e-01, 8.893576264381409e-01, 8.893576264381409e-01, 7.363219857215881e-01, 7.363219857215881e-01]
hex.m2_flow=[5.25e+00, 5.25e+00]
con.u_s=[2.931499938964844e+02, 2.931499938964844e+02, 2.931499938964844e+02, 2.931499938964844e+02, 2.931499938964844e+02, 2.931499938964844e+02, 2.931499938964844e+02, 2.931499938964844e+02, 2.931499938964844e+02, 2.931499938964844e+02, 2.931499938964844e+02, 2.931499938964844e+02, 2.931499938964844e+02, 2.931499938964844e+02, 2.931499938964844e+02, 2.931499938964844e+02, 2.931499938964844e+02, 2.881499938964844e+02, 2.881499938964844e+02, 2.881499938964844e+02, 2.881499938964844e+02, 2.881499938964844e+02, 2.881499938964844e+02, 2.881499938964844e+02, 2.881499938964844e+02, 2.881499938964844e+02, 2.881499938964844e+02, 2.881499938964844e+02, 2.881499938964844e+02, 2.881499938964844e+02, 2.881499938964844e+02, 2.881499938964844e+02, 2.881499938964844e+02, 2.881499938964844e+02, 2.881499938964844e+02, 2.881499938964844e+02, 2.881499938964844e+02, 2.881499938964844e+02, 2.881499938964844e+02, 2.881499938964844e+02, 2.881499938964844e+02, 2.881499938964844e+02, 2.881499938964844e+02, 2.881499938964844e+02, 2.881499938964844e+02, 2.881499938964844e+02, 2.881499938964844e+02, 2.881499938964844e+02, 2.881499938964844e+02, 2.881499938964844e+02, 2.881499938964844e+02, 2.885700073242188e+02, 2.88989990234375e+02, 2.894100036621094e+02, 2.898299865722656e+02, 2.9025e+02, 2.906700134277344e+02, 2.910899963378906e+02, 2.91510009765625e+02, 2.919299926757812e+02, 2.923500061035156e+02, 2.927699890136719e+02, 2.931900024414062e+02, 2.936099853515625e+02, 2.940299987792969e+02, 2.944500122070312e+02, 2.948699951171875e+02, 2.951499938964844e+02, 2.951499938964844e+02, 2.951499938964844e+02, 2.951499938964844e+02, 2.951499938964844e+02, 2.951499938964844e+02, 2.951499938964844e+02, 2.951499938964844e+02, 2.951499938964844e+02, 2.951499938964844e+02, 2.951499938964844e+02, 2.951499938964844e+02, 2.951499938964844e+02, 2.951499938964844e+02, 2.951499938964844e+02, 2.951499938964844e+02, 2.951499938964844e+02, 2.951499938964844e+02, 2.951499938964844e+02, 2.951499938964844e+02, 2.951499938964844e+02, 2.951499938964844e+02, 2.951499938964844e+02, 2.951499938964844e+02, 2.951499938964844e+02, 2.951499938964844e+02, 2.951499938964844e+02, 2.951499938964844e+02, 2.951499938964844e+02, 2.951499938964844e+02, 2.951499938964844e+02, 2.951499938964844e+02, 2.951499938964844e+02, 2.951499938964844e+02]
con.u_m=[2.931499938964844e+02, 2.947237854003906e+02, 2.923622436523438e+02, 2.902032165527344e+02, 2.90395263671875e+02, 2.910327453613281e+02, 2.916820373535156e+02, 2.923222045898438e+02, 2.929486083984375e+02, 2.935413208007812e+02, 2.937759704589844e+02, 2.936573791503906e+02, 2.934255065917969e+02, 2.933677368164062e+02, 2.9337158203125e+02, 2.933661193847656e+02, 2.933742980957031e+02, 2.934432373046875e+02, 2.930340881347656e+02, 2.918662109375e+02, 2.90563720703125e+02, 2.894719543457031e+02, 2.887792663574219e+02, 2.886984252929688e+02, 2.888893127441406e+02, 2.890108337402344e+02, 2.89013916015625e+02, 2.889290771484375e+02, 2.888607788085938e+02, 2.888575744628906e+02, 2.888853149414062e+02, 2.889273376464844e+02, 2.889561157226562e+02, 2.889381408691406e+02, 2.889041137695312e+02, 2.888812866210938e+02, 2.888990173339844e+02, 2.889288940429688e+02, 2.889521179199219e+02, 2.889339904785156e+02, 2.889021606445312e+02, 2.888824157714844e+02, 2.889013977050781e+02, 2.889314270019531e+02, 2.889514465332031e+02, 2.889316711425781e+02, 2.888996276855469e+02, 2.888830261230469e+02, 2.889034729003906e+02, 2.889341125488281e+02, 2.889506530761719e+02, 2.889854431152344e+02, 2.892864990234375e+02, 2.89716552734375e+02, 2.901511535644531e+02, 2.905664978027344e+02, 2.9094873046875e+02, 2.913157043457031e+02, 2.91698486328125e+02, 2.920855407714844e+02, 2.924917297363281e+02, 2.928865356445312e+02, 2.932844848632812e+02, 2.936943969726562e+02, 2.940853881835938e+02, 2.94493408203125e+02, 2.949075622558594e+02, 2.953049926757812e+02, 2.955919189453125e+02, 2.9550537109375e+02, 2.952970275878906e+02, 2.952863159179688e+02, 2.953190307617188e+02, 2.953475341796875e+02, 2.953725280761719e+02, 2.953446350097656e+02, 2.952893676757812e+02, 2.953114624023438e+02, 2.9534716796875e+02, 2.953770141601562e+02, 2.953289489746094e+02, 2.953005981445312e+02, 2.953416442871094e+02, 2.953797607421875e+02, 2.948282775878906e+02, 2.949305725097656e+02, 2.951554870605469e+02, 2.953680419921875e+02, 2.954612426757812e+02, 2.954703674316406e+02, 2.9546435546875e+02, 2.954551696777344e+02, 2.954448547363281e+02, 2.954341125488281e+02, 2.954234008789062e+02, 2.954131774902344e+02, 2.954038696289062e+02, 2.953958740234375e+02, 2.953893737792969e+02, 2.953852844238281e+02, 2.954140014648438e+02]
=======
hex.sta_b1.T=[2.931499938964844e+02, 2.933267822265625e+02, 2.924633178710938e+02, 2.907270812988281e+02, 2.906814270019531e+02, 2.906903686523438e+02, 2.908004455566406e+02, 2.909992980957031e+02, 2.912706909179688e+02, 2.914471740722656e+02, 2.915380554199219e+02, 2.919110717773438e+02, 2.923166809082031e+02, 2.925682678222656e+02, 2.927333374023438e+02, 2.928294067382812e+02, 2.928499755859375e+02, 2.928037414550781e+02, 2.923728332519531e+02, 2.914378051757812e+02, 2.89959716796875e+02, 2.882305603027344e+02, 2.869030151367188e+02, 2.863734741210938e+02, 2.862509765625e+02, 2.863167724609375e+02, 2.864475708007812e+02, 2.865086975097656e+02, 2.864716186523438e+02, 2.864049682617188e+02, 2.863746032714844e+02, 2.863851623535156e+02, 2.864211730957031e+02, 2.8643798828125e+02, 2.864290771484375e+02, 2.863980712890625e+02, 2.863831787109375e+02, 2.863914794921875e+02, 2.864222717285156e+02, 2.864368286132812e+02, 2.864286499023438e+02, 2.863978881835938e+02, 2.863833312988281e+02, 2.863912048339844e+02, 2.864217224121094e+02, 2.864365539550781e+02, 2.86428955078125e+02, 2.863979187011719e+02, 2.863833618164062e+02, 2.86390869140625e+02, 2.864212341308594e+02, 2.865201110839844e+02, 2.867707824707031e+02, 2.870988464355469e+02, 2.874877319335938e+02, 2.879327697753906e+02, 2.884176330566406e+02, 2.889107971191406e+02, 2.893807983398438e+02, 2.8982861328125e+02, 2.902630310058594e+02, 2.906914367675781e+02, 2.910945434570312e+02, 2.915016479492188e+02, 2.919034423828125e+02, 2.92275146484375e+02, 2.926543579101562e+02, 2.930418701171875e+02, 2.936559448242188e+02, 2.942325134277344e+02, 2.945558166503906e+02, 2.947266235351562e+02, 2.948665161132812e+02, 2.949896850585938e+02, 2.950443115234375e+02, 2.950598449707031e+02, 2.950578002929688e+02, 2.95045166015625e+02, 2.950277099609375e+02, 2.950102233886719e+02, 2.949964599609375e+02, 2.949888305664062e+02, 2.949874572753906e+02, 2.949809265136719e+02, 2.949591979980469e+02, 2.948954772949219e+02, 2.948689575195312e+02, 2.94902587890625e+02, 2.949944152832031e+02, 2.950623474121094e+02, 2.950931091308594e+02, 2.951020812988281e+02, 2.951013488769531e+02, 2.950961608886719e+02, 2.950875854492188e+02, 2.950755920410156e+02, 2.950606994628906e+02, 2.950443420410156e+02, 2.950404663085938e+02, 2.950447082519531e+02, 2.950471801757812e+02]
hex.sta_a2.T=[3.031499938964844e+02, 3.031499938964844e+02, 3.031499938964844e+02, 3.031499938964844e+02, 3.031499938964844e+02, 3.031499938964844e+02, 3.031499938964844e+02, 3.031499938964844e+02, 3.031499938964844e+02, 3.031499938964844e+02, 3.031499938964844e+02, 3.031499938964844e+02, 3.031499938964844e+02, 3.031499938964844e+02, 3.031499938964844e+02, 3.031499938964844e+02, 3.031499938964844e+02, 3.031499938964844e+02, 3.031499938964844e+02, 3.031499938964844e+02, 3.031499938964844e+02, 3.031499938964844e+02, 3.031499938964844e+02, 3.031499938964844e+02, 3.031499938964844e+02, 3.031499938964844e+02, 3.031499938964844e+02, 3.031499938964844e+02, 3.031499938964844e+02, 3.031499938964844e+02, 3.031499938964844e+02, 3.031499938964844e+02, 3.031499938964844e+02, 3.031499938964844e+02, 3.031499938964844e+02, 3.031499938964844e+02, 3.031499938964844e+02, 3.031499938964844e+02, 3.031499938964844e+02, 3.031499938964844e+02, 3.031499938964844e+02, 3.031499938964844e+02, 3.031499938964844e+02, 3.031499938964844e+02, 3.031499938964844e+02, 3.031499938964844e+02, 3.031499938964844e+02, 3.031499938964844e+02, 3.031499938964844e+02, 3.031499938964844e+02, 3.031499938964844e+02, 3.031499938964844e+02, 3.031499938964844e+02, 3.031499938964844e+02, 3.031499938964844e+02, 3.031499938964844e+02, 3.031499938964844e+02, 3.031499938964844e+02, 3.031499938964844e+02, 3.031499938964844e+02, 3.031499938964844e+02, 3.031499938964844e+02, 3.031499938964844e+02, 3.031499938964844e+02, 3.031499938964844e+02, 3.031499938964844e+02, 3.031499938964844e+02, 3.031499938964844e+02, 3.031499938964844e+02, 3.031499938964844e+02, 3.031499938964844e+02, 3.031499938964844e+02, 3.031499938964844e+02, 3.031499938964844e+02, 3.031499938964844e+02, 3.031499938964844e+02, 3.031499938964844e+02, 3.031499938964844e+02, 3.031499938964844e+02, 3.031499938964844e+02, 3.031499938964844e+02, 3.031499938964844e+02, 3.031499938964844e+02, 3.031499938964844e+02, 3.001499938964844e+02, 3.001499938964844e+02, 3.001499938964844e+02, 3.001499938964844e+02, 3.001499938964844e+02, 3.001499938964844e+02, 3.001499938964844e+02, 3.001499938964844e+02, 3.001499938964844e+02, 3.001499938964844e+02, 3.001499938964844e+02, 3.001499938964844e+02, 3.001499938964844e+02, 3.001499938964844e+02, 3.001499938964844e+02, 3.001499938964844e+02, 3.001499938964844e+02]
hex.sta_b2.T=[2.931499938964844e+02, 2.947129516601562e+02, 2.923639221191406e+02, 2.903102416992188e+02, 2.905143737792969e+02, 2.911238708496094e+02, 2.917708740234375e+02, 2.924100646972656e+02, 2.930348815917969e+02, 2.936078491210938e+02, 2.937811889648438e+02, 2.936429443359375e+02, 2.934126281738281e+02, 2.933665161132812e+02, 2.934387817382812e+02, 2.934521179199219e+02, 2.934354553222656e+02, 2.934144287109375e+02, 2.929722595214844e+02, 2.91821533203125e+02, 2.905875854492188e+02, 2.89593505859375e+02, 2.889881896972656e+02, 2.888222351074219e+02, 2.889274291992188e+02, 2.890289306640625e+02, 2.890526428222656e+02, 2.89029296875e+02, 2.889834594726562e+02, 2.889442749023438e+02, 2.889544372558594e+02, 2.88981201171875e+02, 2.890089416503906e+02, 2.890042419433594e+02, 2.889781494140625e+02, 2.8894921875e+02, 2.889567260742188e+02, 2.889816284179688e+02, 2.890081787109375e+02, 2.890039978027344e+02, 2.889785461425781e+02, 2.889498291015625e+02, 2.889561767578125e+02, 2.889811706542969e+02, 2.890079650878906e+02, 2.890040893554688e+02, 2.889789733886719e+02, 2.889502868652344e+02, 2.889556884765625e+02, 2.889807434082031e+02, 2.890077819824219e+02, 2.890554504394531e+02, 2.893240661621094e+02, 2.897382507324219e+02, 2.9017822265625e+02, 2.9060107421875e+02, 2.909896850585938e+02, 2.91341064453125e+02, 2.917078247070312e+02, 2.920944213867188e+02, 2.925019226074219e+02, 2.928934631347656e+02, 2.932979125976562e+02, 2.937077026367188e+02, 2.940975952148438e+02, 2.9450390625e+02, 2.949164123535156e+02, 2.953121337890625e+02, 2.955962219238281e+02, 2.955076904296875e+02, 2.953012084960938e+02, 2.952904663085938e+02, 2.953791809082031e+02, 2.953658447265625e+02, 2.952884826660156e+02, 2.952801513671875e+02, 2.952835083007812e+02, 2.952915344238281e+02, 2.953038024902344e+02, 2.953199768066406e+02, 2.953395385742188e+02, 2.953616333007812e+02, 2.953841552734375e+02, 2.953376770019531e+02, 2.947802429199219e+02, 2.948963623046875e+02, 2.9512158203125e+02, 2.953443298339844e+02, 2.954588317871094e+02, 2.954747619628906e+02, 2.954690856933594e+02, 2.95458740234375e+02, 2.954465942382812e+02, 2.954337463378906e+02, 2.954207763671875e+02, 2.954083557128906e+02, 2.953970642089844e+02, 2.953872985839844e+02, 2.954000854492188e+02, 2.954374084472656e+02, 2.954570007324219e+02]
hex.hexReg[1].ele[1, 1].vol1.T=[2.931499938964844e+02, 2.795875244140625e+02, 2.790513305664062e+02, 2.802283020019531e+02, 2.831670227050781e+02, 2.855373840332031e+02, 2.876064453125e+02, 2.894319152832031e+02, 2.910428466796875e+02, 2.874212036132812e+02, 2.814507751464844e+02, 2.803532409667969e+02, 2.807920837402344e+02, 2.815686645507812e+02, 2.818910217285156e+02, 2.817431640625e+02, 2.8169482421875e+02, 2.813723449707031e+02, 2.797675170898438e+02, 2.794903259277344e+02, 2.794708557128906e+02, 2.794692993164062e+02, 2.795006408691406e+02, 2.797802429199219e+02, 2.798233337402344e+02, 2.796615905761719e+02, 2.796180725097656e+02, 2.796142578125e+02, 2.796139221191406e+02, 2.796556091308594e+02, 2.796800537109375e+02, 2.79682373046875e+02, 2.796643981933594e+02, 2.796195373535156e+02, 2.796159362792969e+02, 2.796437683105469e+02, 2.796793518066406e+02, 2.796826171875e+02, 2.796668701171875e+02, 2.796201171875e+02, 2.796163635253906e+02, 2.796399536132812e+02, 2.796794128417969e+02, 2.796829833984375e+02, 2.79667236328125e+02, 2.796204223632812e+02, 2.796166687011719e+02, 2.796367492675781e+02, 2.79679443359375e+02, 2.796832885742188e+02, 2.796676025390625e+02, 2.799765319824219e+02, 2.806409301757812e+02, 2.810079345703125e+02, 2.811129760742188e+02, 2.811435852050781e+02, 2.81152587890625e+02, 2.813683776855469e+02, 2.818405456542969e+02, 2.823669128417969e+02, 2.827628173828125e+02, 2.830433044433594e+02, 2.837199401855469e+02, 2.841336669921875e+02, 2.845831604003906e+02, 2.85567138671875e+02, 2.862756652832031e+02, 2.867102966308594e+02, 2.830844421386719e+02, 2.813107299804688e+02, 2.816943664550781e+02, 2.826741027832031e+02, 2.829533081054688e+02, 2.824573974609375e+02, 2.825676574707031e+02, 2.827635803222656e+02, 2.828523559570312e+02, 2.828973693847656e+02, 2.829212341308594e+02, 2.829339294433594e+02, 2.829407043457031e+02, 2.829443359375e+02, 2.827925109863281e+02, 2.823887329101562e+02, 2.846876525878906e+02, 2.865148315429688e+02, 2.881214294433594e+02, 2.893469848632812e+02, 2.896522827148438e+02, 2.89682373046875e+02, 2.896958923339844e+02, 2.897012634277344e+02, 2.89703369140625e+02, 2.897042236328125e+02, 2.897045593261719e+02, 2.897046813964844e+02, 2.897047119140625e+02, 2.897047424316406e+02, 2.898540344238281e+02, 2.899228515625e+02, 2.897818908691406e+02]
hex.hexReg[1].ele[1, 1].vol2.T=[2.931499938964844e+02, 2.965089721679688e+02, 2.959000549316406e+02, 2.960538330078125e+02, 2.966721801757812e+02, 2.973753356933594e+02, 2.980513916015625e+02, 2.986493530273438e+02, 2.991771850585938e+02, 2.989554138183594e+02, 2.968168334960938e+02, 2.962509155273438e+02, 2.962698974609375e+02, 2.9643994140625e+02, 2.965650634765625e+02, 2.96537109375e+02, 2.965216674804688e+02, 2.964986267089844e+02, 2.961581420898438e+02, 2.96013671875e+02, 2.959979248046875e+02, 2.959956665039062e+02, 2.959963073730469e+02, 2.960523681640625e+02, 2.960835571289062e+02, 2.960521545410156e+02, 2.960325622558594e+02, 2.960300903320312e+02, 2.960297546386719e+02, 2.960341796875e+02, 2.9604443359375e+02, 2.960458374023438e+02, 2.960455322265625e+02, 2.960326232910156e+02, 2.960304260253906e+02, 2.960317687988281e+02, 2.960439147949219e+02, 2.960458374023438e+02, 2.960457153320312e+02, 2.960328063964844e+02, 2.96030517578125e+02, 2.960313110351562e+02, 2.960438232421875e+02, 2.960459289550781e+02, 2.960458068847656e+02, 2.960328674316406e+02, 2.960306091308594e+02, 2.960310363769531e+02, 2.960437622070312e+02, 2.960459594726562e+02, 2.960458984375e+02, 2.960824279785156e+02, 2.962255249023438e+02, 2.963389282226562e+02, 2.96376220703125e+02, 2.963876953125e+02, 2.963915405273438e+02, 2.964219970703125e+02, 2.965218505859375e+02, 2.966316223144531e+02, 2.967424011230469e+02, 2.968057861328125e+02, 2.969976196289062e+02, 2.97150634765625e+02, 2.9725732421875e+02, 2.975434875488281e+02, 2.977907104492188e+02, 2.979723815917969e+02, 2.972743530273438e+02, 2.965210876464844e+02, 2.964711303710938e+02, 2.966810607910156e+02, 2.968274536132812e+02, 2.96730712890625e+02, 2.967032470703125e+02, 2.967566528320312e+02, 2.967850341796875e+02, 2.968027954101562e+02, 2.968123779296875e+02, 2.968175354003906e+02, 2.968203430175781e+02, 2.968218994140625e+02, 2.968133544921875e+02, 2.967018432617188e+02, 2.95107177734375e+02, 2.956863098144531e+02, 2.962112121582031e+02, 2.966528930664062e+02, 2.968431091308594e+02, 2.96867431640625e+02, 2.968737182617188e+02, 2.968760681152344e+02, 2.968769836425781e+02, 2.968772888183594e+02, 2.968773803710938e+02, 2.968774108886719e+02, 2.9687744140625e+02, 2.9687744140625e+02, 2.9691064453125e+02, 2.969393005371094e+02, 2.9691357421875e+02]
hex.hexReg[1].ele[1, 2].vol1.T=[2.931499938964844e+02, 2.820084228515625e+02, 2.798929138183594e+02, 2.813406677246094e+02, 2.840431213378906e+02, 2.862908935546875e+02, 2.88268798828125e+02, 2.90014404296875e+02, 2.915551452636719e+02, 2.916647338867188e+02, 2.857113037109375e+02, 2.828915405273438e+02, 2.829069519042969e+02, 2.838327941894531e+02, 2.845383911132812e+02, 2.846121215820312e+02, 2.846065673828125e+02, 2.842954711914062e+02, 2.816873779296875e+02, 2.807906188964844e+02, 2.806881103515625e+02, 2.806776123046875e+02, 2.807107238769531e+02, 2.811487731933594e+02, 2.813165283203125e+02, 2.810771789550781e+02, 2.809598083496094e+02, 2.809423217773438e+02, 2.809400939941406e+02, 2.80992919921875e+02, 2.810522766113281e+02, 2.81062255859375e+02, 2.810446472167969e+02, 2.809593811035156e+02, 2.809450073242188e+02, 2.809750671386719e+02, 2.810491943359375e+02, 2.810623474121094e+02, 2.810477294921875e+02, 2.809606323242188e+02, 2.809458312988281e+02, 2.809700927734375e+02, 2.810487060546875e+02, 2.810628967285156e+02, 2.810484008789062e+02, 2.809612426757812e+02, 2.809464111328125e+02, 2.809662170410156e+02, 2.810483093261719e+02, 2.810633239746094e+02, 2.810489807128906e+02, 2.814266357421875e+02, 2.823883666992188e+02, 2.830909118652344e+02, 2.834143981933594e+02, 2.835558471679688e+02, 2.836139526367188e+02, 2.838616333007812e+02, 2.84474609375e+02, 2.852080383300781e+02, 2.859039916992188e+02, 2.864430847167969e+02, 2.872894592285156e+02, 2.87952392578125e+02, 2.885820617675781e+02, 2.896002197265625e+02, 2.90468505859375e+02, 2.911555480957031e+02, 2.881932983398438e+02, 2.850740051269531e+02, 2.847604675292969e+02, 2.856882019042969e+02, 2.863133544921875e+02, 2.860530090332031e+02, 2.860924987792969e+02, 2.863365478515625e+02, 2.865112609863281e+02, 2.866260986328125e+02, 2.866986083984375e+02, 2.867432556152344e+02, 2.86770263671875e+02, 2.86786376953125e+02, 2.866602478027344e+02, 2.861437072753906e+02, 2.8704052734375e+02, 2.886021423339844e+02, 2.899595947265625e+02, 2.908483276367188e+02, 2.910067138671875e+02, 2.910173950195312e+02, 2.910328674316406e+02, 2.910430297851562e+02, 2.910486145019531e+02, 2.910514526367188e+02, 2.910527954101562e+02, 2.910534362792969e+02, 2.910537109375e+02, 2.910538330078125e+02, 2.91228271484375e+02, 2.913545532226562e+02, 2.912295532226562e+02]
hex.hexReg[1].ele[1, 2].vol2.T=[2.931499938964844e+02, 2.976284790039062e+02, 2.961328430175781e+02, 2.9629541015625e+02, 2.9690478515625e+02, 2.976199340820312e+02, 2.982674865722656e+02, 2.988394470214844e+02, 2.993443908691406e+02, 2.996736450195312e+02, 2.982904052734375e+02, 2.970368957519531e+02, 2.967702026367188e+02, 2.969896850585938e+02, 2.972608032226562e+02, 2.973317565917969e+02, 2.973374633789062e+02, 2.973153076171875e+02, 2.967076110839844e+02, 2.963388061523438e+02, 2.962833557128906e+02, 2.962769470214844e+02, 2.962773742675781e+02, 2.963585510253906e+02, 2.964248046875e+02, 2.9638720703125e+02, 2.963470458984375e+02, 2.963388977050781e+02, 2.963377380371094e+02, 2.963427124023438e+02, 2.963612365722656e+02, 2.963656311035156e+02, 2.963658142089844e+02, 2.963456726074219e+02, 2.963393859863281e+02, 2.963401184082031e+02, 2.9635986328125e+02, 2.963655090332031e+02, 2.963660583496094e+02, 2.963460388183594e+02, 2.96339599609375e+02, 2.963396911621094e+02, 2.963595581054688e+02, 2.963656005859375e+02, 2.963662109375e+02, 2.9634619140625e+02, 2.963397216796875e+02, 2.963394470214844e+02, 2.963593139648438e+02, 2.963656616210938e+02, 2.963663635253906e+02, 2.964081726074219e+02, 2.966075134277344e+02, 2.968008422851562e+02, 2.96929931640625e+02, 2.969920349121094e+02, 2.970186462402344e+02, 2.970635375976562e+02, 2.972244567871094e+02, 2.97434326171875e+02, 2.976718444824219e+02, 2.978446960449219e+02, 2.980903625488281e+02, 2.983163146972656e+02, 2.984974365234375e+02, 2.987955322265625e+02, 2.990821838378906e+02, 2.993258666992188e+02, 2.988734436035156e+02, 2.977803649902344e+02, 2.97367919921875e+02, 2.975672302246094e+02, 2.978304138183594e+02, 2.978305053710938e+02, 2.9778173828125e+02, 2.978558349609375e+02, 2.979178161621094e+02, 2.979599609375e+02, 2.97987060546875e+02, 2.980039672851562e+02, 2.980143127441406e+02, 2.980205383300781e+02, 2.980162353515625e+02, 2.978724060058594e+02, 2.959302062988281e+02, 2.963692016601562e+02, 2.968117370605469e+02, 2.971627502441406e+02, 2.972760925292969e+02, 2.972856750488281e+02, 2.972906494140625e+02, 2.972943115234375e+02, 2.972964477539062e+02, 2.972975463867188e+02, 2.972980651855469e+02, 2.972983093261719e+02, 2.972984313964844e+02, 2.972984924316406e+02, 2.973350524902344e+02, 2.973800964355469e+02, 2.973665771484375e+02]
hex.hexReg[1].ele[1, 1].Gc_1=[2.42601513671875e+03, 2.42601513671875e+03]
hex.hexReg[1].ele[1, 1].Gc_2=[1.213007568359375e+03, 1.213007568359375e+03]
hex.Q1_flow=[0e+00, 8.10291640625e+04, 9.97660234375e+04, 7.39463125e+04, 5.621904296875e+04, 5.1650421875e+04, 4.88505234375e+04, 4.61544921875e+04, 4.351346484375e+04, 4.976581640625e+04, 5.913808984375e+04, 6.09627890625e+04, 5.562978125e+04, 5.1295703125e+04, 5.117903515625e+04, 5.217951171875e+04, 5.23515e+04, 5.51895703125e+04, 7.29506484375e+04, 8.0154671875e+04, 8.36913515625e+04, 8.49771875e+04, 8.45770625e+04, 8.01645e+04, 7.8454203125e+04, 7.94551796875e+04, 8.01827109375e+04, 8.0652125e+04, 8.09363984375e+04, 8.0464515625e+04, 7.9995875e+04, 7.97357265625e+04, 7.98251953125e+04, 8.052346875e+04, 8.0791640625e+04, 8.05517109375e+04, 7.99960390625e+04, 7.9746546875e+04, 7.9802921875e+04, 8.05134375e+04, 8.07799296875e+04, 8.0598734375e+04, 7.9999828125e+04, 7.97459609375e+04, 7.9798671875e+04, 8.05068515625e+04, 8.0772671875e+04, 8.063953125e+04, 8.00032109375e+04, 7.97454296875e+04, 7.97946640625e+04, 7.60336796875e+04, 6.96245703125e+04, 6.62723046875e+04, 6.454680078124999e+04, 6.309542578124999e+04, 6.183055859374999e+04, 5.94419453125e+04, 5.632940234375e+04, 5.3258875e+04, 5.11661953125e+04, 4.905230859375e+04, 4.62854921875e+04, 4.461946875e+04, 4.2259078125e+04, 3.9521953125e+04, 3.778722265625e+04, 3.6497828125e+04, 4.650964453125e+04, 4.97774140625e+04, 4.407021484375e+04, 3.984547265625e+04, 4.083268359375e+04, 4.346633203125e+04, 4.19184765625e+04, 4.151106640625e+04, 4.144003515625e+04, 4.140578125e+04, 4.135452734375e+04, 4.1285625e+04, 4.12026875e+04, 4.11101484375e+04, 4.210546484375e+04, 4.35144140625e+04, 2.64279765625e+04, 2.252355078125e+04, 2.1476544921875e+04, 2.2421255859375e+04, 2.4646525390625e+04, 2.50764765625e+04, 2.5135228515625e+04, 2.518407421875e+04, 2.5233615234375e+04, 2.528313671875e+04, 2.533130078125e+04, 2.537571484375e+04, 2.5414076171875e+04, 2.5445189453125e+04, 2.4560287109375e+04, 2.43707890625e+04, 2.517381640625e+04]
hex.Q2_flow=[0e+00, -5.04624375e+04, -6.79257734375e+04, -7.4223828125e+04, -6.640325e+04, -6.25223125e+04, -5.91719765625e+04, -5.58701171875e+04, -5.26391953125e+04, -5.0646e+04, -5.139616796875e+04, -5.340069921875e+04, -5.36025390625e+04, -5.278501953125e+04, -5.2106390625e+04, -5.228095703125e+04, -5.241403515625e+04, -5.28445390625e+04, -5.82187421875e+04, -6.61047890625e+04, -7.3363703125e+04, -7.87520703125e+04, -8.20469765625e+04, -8.16576015625e+04, -7.994284375e+04, -7.94541875e+04, -7.97846875e+04, -8.01628125e+04, -8.0516328125e+04, -8.06316640625e+04, -8.03421796875e+04, -8.00389921875e+04, -7.98383359375e+04, -8.0173390625e+04, -8.04703359375e+04, -8.0619359375e+04, -8.0333578125e+04, -8.00435078125e+04, -7.98383359375e+04, -8.0168703125e+04, -8.0462890625e+04, -8.0628640625e+04, -8.03405703125e+04, -8.0046984375e+04, -7.98381484375e+04, -8.01652890625e+04, -8.04576640625e+04, -8.06355078125e+04, -8.0346625e+04, -8.0049890625e+04, -7.98379140625e+04, -7.86836484375e+04, -7.5070515625e+04, -7.187965625e+04, -6.955032031249999e+04, -6.738451562499999e+04, -6.540950390624999e+04, -6.338371875e+04, -6.102396484375e+04, -5.85621171875e+04, -5.61367578125e+04, -5.40398671875e+04, -5.176641796875e+04, -4.965165234375e+04, -4.7577921875e+04, -4.5292046875e+04, -4.315595703125e+04, -4.11249453125e+04, -4.11155546875e+04, -4.265639453125e+04, -4.289347265625e+04, -4.1790546875e+04, -4.130366796875e+04, -4.1838609375e+04, -4.20309765625e+04, -4.188021484375e+04, -4.183189453125e+04, -4.179271484375e+04, -4.17321328125e+04, -4.16508359375e+04, -4.15517578125e+04, -4.1439203125e+04, -4.141916015625e+04, -4.20444140625e+04, -2.841605859375e+04, -2.726955078125e+04, -2.6098568359375e+04, -2.51594609375e+04, -2.4933826171875e+04, -2.4927462890625e+04, -2.495844140625e+04, -2.5011037109375e+04, -2.5072654296875e+04, -2.5138009765625e+04, -2.5203880859375e+04, -2.526715625e+04, -2.53248046875e+04, -2.5374509765625e+04, -2.5206673828125e+04, -2.5011248046875e+04, -2.502201171875e+04]
hex.m1_flow=[2.820636749267578e+00, 4.547755718231201e+00, 3.594005584716797e+00, 3.432793021202087e-01, 4.921874733554432e-06, 4.921874733554432e-06, 4.921874733554432e-06, 4.21874983658199e-06, 2.109374918290996e-06, 1.289435863494873e+00, 1.73352575302124e+00, 1.527416706085205e+00, 8.397939801216125e-01, 6.717597246170044e-01, 8.496956825256348e-01, 8.496956825256348e-01, 8.496956825256348e-01, 1.432018160820007e+00, 2.672612428665161e+00, 2.672612428665161e+00, 2.672612428665161e+00, 2.672612428665161e+00, 2.412550210952759e+00, 1.954155445098877e+00, 2.108702421188354e+00, 2.384647369384766e+00, 2.384647369384766e+00, 2.384647369384766e+00, 2.384647369384766e+00, 2.266879558563232e+00, 2.266879558563232e+00, 2.266879558563232e+00, 2.381614923477173e+00, 2.381614923477173e+00, 2.381614923477173e+00, 2.266280174255371e+00, 2.266280174255371e+00, 2.266280174255371e+00, 2.380877733230591e+00, 2.380877733230591e+00, 2.380877733230591e+00, 2.265630722045898e+00, 2.265630722045898e+00, 2.265630722045898e+00, 2.380316257476807e+00, 2.380316257476807e+00, 2.380316257476807e+00, 2.265105485916138e+00, 2.265105485916138e+00, 2.265105485916138e+00, 2.379865407943726e+00, 1.501015543937683e+00, 1.036665558815002e+00, 1.036665558815002e+00, 1.036665558815002e+00, 1.036665558815002e+00, 1.036665558815002e+00, 8.665367364883423e-01, 6.962026953697205e-01, 5.312212109565735e-01, 5.312212109565735e-01, 3.649768531322479e-01, 3.649768531322479e-01, 3.649768531322479e-01, 1.974406540393829e-01, 1.974406540393829e-01, 1.974406540393829e-01, 3.870694041252136e-01, 1.248262405395508e+00, 1.248262405395508e+00, 5.52376925945282e-01, 3.944734632968903e-01, 5.83476185798645e-01, 7.453227043151855e-01, 5.611975789070129e-01, 5.611975789070129e-01, 5.611975789070129e-01, 5.611975789070129e-01, 5.611975789070129e-01, 5.611975789070129e-01, 5.611975789070129e-01, 5.611975789070129e-01, 7.217792868614197e-01, 7.217792868614197e-01, 1.406250021318556e-06, 1.406250021318556e-06, 1.406250021318556e-06, 5.019092559814453e-01, 8.941818475723267e-01, 8.941818475723267e-01, 8.941818475723267e-01, 8.941818475723267e-01, 8.941818475723267e-01, 8.941818475723267e-01, 8.941818475723267e-01, 8.941818475723267e-01, 8.941818475723267e-01, 8.941818475723267e-01, 7.40159809589386e-01, 7.40159809589386e-01, 9.027262330055237e-01]
hex.m2_flow=[5.25e+00, 5.25e+00]
con.u_s=[2.931499938964844e+02, 2.931499938964844e+02, 2.931499938964844e+02, 2.931499938964844e+02, 2.931499938964844e+02, 2.931499938964844e+02, 2.931499938964844e+02, 2.931499938964844e+02, 2.931499938964844e+02, 2.931499938964844e+02, 2.931499938964844e+02, 2.931499938964844e+02, 2.931499938964844e+02, 2.931499938964844e+02, 2.931499938964844e+02, 2.931499938964844e+02, 2.931499938964844e+02, 2.881499938964844e+02, 2.881499938964844e+02, 2.881499938964844e+02, 2.881499938964844e+02, 2.881499938964844e+02, 2.881499938964844e+02, 2.881499938964844e+02, 2.881499938964844e+02, 2.881499938964844e+02, 2.881499938964844e+02, 2.881499938964844e+02, 2.881499938964844e+02, 2.881499938964844e+02, 2.881499938964844e+02, 2.881499938964844e+02, 2.881499938964844e+02, 2.881499938964844e+02, 2.881499938964844e+02, 2.881499938964844e+02, 2.881499938964844e+02, 2.881499938964844e+02, 2.881499938964844e+02, 2.881499938964844e+02, 2.881499938964844e+02, 2.881499938964844e+02, 2.881499938964844e+02, 2.881499938964844e+02, 2.881499938964844e+02, 2.881499938964844e+02, 2.881499938964844e+02, 2.881499938964844e+02, 2.881499938964844e+02, 2.881499938964844e+02, 2.881499938964844e+02, 2.885700073242188e+02, 2.88989990234375e+02, 2.894100036621094e+02, 2.898299865722656e+02, 2.9025e+02, 2.906700134277344e+02, 2.910899963378906e+02, 2.91510009765625e+02, 2.919299926757812e+02, 2.923500061035156e+02, 2.927699890136719e+02, 2.931900024414062e+02, 2.936099853515625e+02, 2.940299987792969e+02, 2.944500122070312e+02, 2.948699951171875e+02, 2.951499938964844e+02, 2.951499938964844e+02, 2.951499938964844e+02, 2.951499938964844e+02, 2.951499938964844e+02, 2.951499938964844e+02, 2.951499938964844e+02, 2.951499938964844e+02, 2.951499938964844e+02, 2.951499938964844e+02, 2.951499938964844e+02, 2.951499938964844e+02, 2.951499938964844e+02, 2.951499938964844e+02, 2.951499938964844e+02, 2.951499938964844e+02, 2.951499938964844e+02, 2.951499938964844e+02, 2.951499938964844e+02, 2.951499938964844e+02, 2.951499938964844e+02, 2.951499938964844e+02, 2.951499938964844e+02, 2.951499938964844e+02, 2.951499938964844e+02, 2.951499938964844e+02, 2.951499938964844e+02, 2.951499938964844e+02, 2.951499938964844e+02, 2.951499938964844e+02, 2.951499938964844e+02, 2.951499938964844e+02, 2.951499938964844e+02, 2.951499938964844e+02]
con.u_m=[2.931499938964844e+02, 2.94734375e+02, 2.924512023925781e+02, 2.90331298828125e+02, 2.904989929199219e+02, 2.911060180664062e+02, 2.917529602050781e+02, 2.923924560546875e+02, 2.930177307128906e+02, 2.93595458984375e+02, 2.937820129394531e+02, 2.936494140625e+02, 2.934170227050781e+02, 2.933656616210938e+02, 2.934367980957031e+02, 2.934524230957031e+02, 2.934359741210938e+02, 2.934160461425781e+02, 2.929964599609375e+02, 2.918566284179688e+02, 2.90619873046875e+02, 2.896161804199219e+02, 2.889999084472656e+02, 2.888218078613281e+02, 2.889236755371094e+02, 2.890272216796875e+02, 2.890526733398438e+02, 2.890303649902344e+02, 2.889847717285156e+02, 2.889447326660156e+02, 2.889537963867188e+02, 2.889803771972656e+02, 2.8900830078125e+02, 2.890047912597656e+02, 2.889789733886719e+02, 2.889497985839844e+02, 2.889561462402344e+02, 2.889808959960938e+02, 2.890075378417969e+02, 2.890045471191406e+02, 2.889793395996094e+02, 2.889504699707031e+02, 2.889555969238281e+02, 2.889804077148438e+02, 2.890072937011719e+02, 2.89004638671875e+02, 2.889797668457031e+02, 2.889509582519531e+02, 2.889551086425781e+02, 2.8897998046875e+02, 2.890071105957031e+02, 2.890516357421875e+02, 2.893139953613281e+02, 2.897261047363281e+02, 2.901661376953125e+02, 2.905897216796875e+02, 2.909794311523438e+02, 2.913312072753906e+02, 2.916971435546875e+02, 2.92083251953125e+02, 2.9249072265625e+02, 2.928828735351562e+02, 2.932863464355469e+02, 2.936965637207031e+02, 2.940870666503906e+02, 2.944922790527344e+02, 2.949051513671875e+02, 2.953013610839844e+02, 2.955933532714844e+02, 2.955132751464844e+02, 2.953047485351562e+02, 2.9528857421875e+02, 2.953777465820312e+02, 2.953679809570312e+02, 2.952893676757812e+02, 2.952801513671875e+02, 2.952833251953125e+02, 2.95291259765625e+02, 2.953034057617188e+02, 2.953194885253906e+02, 2.953389587402344e+02, 2.953609924316406e+02, 2.953838195800781e+02, 2.953396606445312e+02, 2.947848510742188e+02, 2.948905334472656e+02, 2.951151733398438e+02, 2.95339111328125e+02, 2.954573364257812e+02, 2.954747619628906e+02, 2.954693298339844e+02, 2.954590454101562e+02, 2.954469604492188e+02, 2.9543408203125e+02, 2.95421142578125e+02, 2.9540869140625e+02, 2.953973388671875e+02, 2.953875427246094e+02, 2.953992004394531e+02, 2.954363098144531e+02, 2.954569702148438e+02]
>>>>>>> master
