<<<<<<< HEAD
last-generated=2022-08-05
=======
last-generated=2024-09-13
>>>>>>> master
statistics-initialization=
{
  "nonlinear": "0, 1, 1, 1, 3, 1, 2, 1, 1, 4, 0, 1, 1, 1, 1, 1",
  "numerical Jacobians": "0"
}
statistics-simulation=
{
  "linear": "0, 2",
<<<<<<< HEAD
  "nonlinear": "1, 3, 1, 1, 0, 2, 1, 1, 1, 1, 1, 1, 1",
  "number of continuous time states": "52",
=======
  "nonlinear": "1, 1, 0, 3, 1, 2, 1, 1, 1, 1, 1, 1, 1",
  "number of continuous time states": "47",
>>>>>>> master
  "numerical Jacobians": "0"
}
time=[0e+00, 8.64e+04]
cooModCon.y=[1e+00, 1e+00, 2e+00, 1e+00, 1e+00, 1e+00, 1e+00, 1e+00, 1e+00, 1e+00, 1e+00, 1e+00, 1e+00, 1e+00, 1e+00, 1e+00, 1e+00, 1e+00, 1e+00, 1e+00, 1e+00, 1e+00, 1e+00, 1e+00, 1e+00, 1e+00, 1e+00, 1e+00, 1e+00, 1e+00, 1e+00, 1e+00, 1e+00, 1e+00, 1e+00, 1e+00, 1e+00, 1e+00, 1e+00, 1e+00, 2e+00, 2e+00, 2e+00, 2e+00, 2e+00, 2e+00, 2e+00, 2e+00, 2e+00, 2e+00, 2e+00, 2e+00, 2e+00, 2e+00, 2e+00, 2e+00, 2e+00, 2e+00, 2e+00, 2e+00, 2e+00, 2e+00, 2e+00, 2e+00, 2e+00, 2e+00, 2e+00, 2e+00, 2e+00, 2e+00, 2e+00, 2e+00, 2e+00, 2e+00, 2e+00, 2e+00, 2e+00, 2e+00, 2e+00, 1e+00, 1e+00, 1e+00, 1e+00, 1e+00, 1e+00, 1e+00, 1e+00, 1e+00, 1e+00, 1e+00, 1e+00, 1e+00, 1e+00, 1e+00, 1e+00, 1e+00, 1e+00, 1e+00, 1e+00, 1e+00, 1e+00]
chiOn[1].u=[0e+00, 0e+00, 1e+00, 0e+00, 0e+00, 0e+00, 0e+00, 0e+00, 0e+00, 0e+00, 0e+00, 0e+00, 0e+00, 0e+00, 0e+00, 0e+00, 0e+00, 0e+00, 0e+00, 0e+00, 0e+00, 0e+00, 0e+00, 0e+00, 0e+00, 0e+00, 0e+00, 0e+00, 0e+00, 0e+00, 0e+00, 0e+00, 0e+00, 0e+00, 0e+00, 0e+00, 0e+00, 0e+00, 0e+00, 0e+00, 1e+00, 1e+00, 1e+00, 1e+00, 1e+00, 1e+00, 1e+00, 1e+00, 1e+00, 1e+00, 1e+00, 1e+00, 1e+00, 1e+00, 1e+00, 1e+00, 1e+00, 1e+00, 1e+00, 1e+00, 1e+00, 1e+00, 1e+00, 1e+00, 1e+00, 1e+00, 1e+00, 1e+00, 1e+00, 1e+00, 1e+00, 1e+00, 1e+00, 1e+00, 1e+00, 1e+00, 1e+00, 1e+00, 1e+00, 0e+00, 0e+00, 0e+00, 0e+00, 0e+00, 0e+00, 0e+00, 0e+00, 0e+00, 0e+00, 0e+00, 0e+00, 0e+00, 0e+00, 0e+00, 0e+00, 0e+00, 0e+00, 0e+00, 0e+00, 0e+00, 0e+00]
chiOn[2].u=[0e+00, 0e+00, 0e+00, 0e+00, 0e+00, 0e+00, 0e+00, 0e+00, 0e+00, 0e+00, 0e+00, 0e+00, 0e+00, 0e+00, 0e+00, 0e+00, 0e+00, 0e+00, 0e+00, 0e+00, 0e+00, 0e+00, 0e+00, 0e+00, 0e+00, 0e+00, 0e+00, 0e+00, 0e+00, 0e+00, 0e+00, 0e+00, 0e+00, 0e+00, 0e+00, 0e+00, 0e+00, 0e+00, 0e+00, 0e+00, 0e+00, 0e+00, 0e+00, 0e+00, 0e+00, 0e+00, 0e+00, 0e+00, 0e+00, 0e+00, 0e+00, 0e+00, 0e+00, 0e+00, 0e+00, 0e+00, 0e+00, 0e+00, 0e+00, 0e+00, 0e+00, 0e+00, 0e+00, 0e+00, 0e+00, 0e+00, 0e+00, 0e+00, 0e+00, 0e+00, 0e+00, 0e+00, 0e+00, 0e+00, 0e+00, 0e+00, 0e+00, 0e+00, 0e+00, 0e+00, 0e+00, 0e+00, 0e+00, 0e+00, 0e+00, 0e+00, 0e+00, 0e+00, 0e+00, 0e+00, 0e+00, 0e+00, 0e+00, 0e+00, 0e+00, 0e+00, 0e+00, 0e+00, 0e+00, 0e+00, 0e+00]
wseOn.y=[1e+00, 1e+00, 1e+00, 1e+00, 1e+00, 1e+00, 1e+00, 1e+00, 1e+00, 1e+00, 1e+00, 1e+00, 1e+00, 1e+00, 1e+00, 1e+00, 1e+00, 1e+00, 1e+00, 1e+00, 1e+00, 1e+00, 1e+00, 1e+00, 1e+00, 1e+00, 1e+00, 1e+00, 1e+00, 1e+00, 1e+00, 1e+00, 1e+00, 1e+00, 1e+00, 1e+00, 1e+00, 1e+00, 1e+00, 1e+00, 1e+00, 1e+00, 1e+00, 1e+00, 1e+00, 1e+00, 1e+00, 1e+00, 1e+00, 1e+00, 1e+00, 1e+00, 1e+00, 1e+00, 1e+00, 1e+00, 1e+00, 1e+00, 1e+00, 1e+00, 1e+00, 1e+00, 1e+00, 1e+00, 1e+00, 1e+00, 1e+00, 1e+00, 1e+00, 1e+00, 1e+00, 1e+00, 1e+00, 1e+00, 1e+00, 1e+00, 1e+00, 1e+00, 1e+00, 1e+00, 1e+00, 1e+00, 1e+00, 1e+00, 1e+00, 1e+00, 1e+00, 1e+00, 1e+00, 1e+00, 1e+00, 1e+00, 1e+00, 1e+00, 1e+00, 1e+00, 1e+00, 1e+00, 1e+00, 1e+00, 1e+00]
<<<<<<< HEAD
TCWSup.T=[2.931499938964844e+02, 2.73347900390625e+02, 2.74635009765625e+02, 2.750208129882812e+02, 2.758521728515625e+02, 2.759393310546875e+02, 2.761149597167969e+02, 2.763440246582031e+02, 2.766017761230469e+02, 2.76868896484375e+02, 2.77134033203125e+02, 2.774022216796875e+02, 2.776835632324219e+02, 2.7812646484375e+02, 2.787871704101562e+02, 2.781078796386719e+02, 2.779467163085938e+02, 2.777842102050781e+02, 2.776109313964844e+02, 2.774332885742188e+02, 2.772558898925781e+02, 2.771446228027344e+02, 2.770576477050781e+02, 2.770233764648438e+02, 2.770233459472656e+02, 2.770364990234375e+02, 2.770890502929688e+02, 2.771329956054688e+02, 2.771544799804688e+02, 2.772397766113281e+02, 2.773899536132812e+02, 2.773314819335938e+02, 2.772080993652344e+02, 2.771731872558594e+02, 2.773244323730469e+02, 2.77529052734375e+02, 2.777807922363281e+02, 2.780856628417969e+02, 2.784517822265625e+02, 2.7886328125e+02, 2.789190673828125e+02, 2.792318725585938e+02, 2.793920288085938e+02, 2.793981323242188e+02, 2.793805847167969e+02, 2.794006042480469e+02, 2.795162658691406e+02, 2.797102966308594e+02, 2.799248352050781e+02, 2.80128173828125e+02, 2.802870178222656e+02, 2.803816833496094e+02, 2.804322509765625e+02, 2.804622192382812e+02, 2.804946594238281e+02, 2.805657653808594e+02, 2.806799621582031e+02, 2.807731323242188e+02, 2.807874755859375e+02, 2.807049560546875e+02, 2.806309204101562e+02, 2.805753173828125e+02, 2.805342712402344e+02, 2.805056762695312e+02, 2.804935302734375e+02, 2.80484130859375e+02, 2.804607543945312e+02, 2.803966064453125e+02, 2.801281127929688e+02, 2.797053527832031e+02, 2.79267333984375e+02, 2.789531555175781e+02, 2.787912902832031e+02, 2.786951599121094e+02, 2.785975036621094e+02, 2.784306030273438e+02, 2.781641845703125e+02, 2.778497009277344e+02, 2.77554443359375e+02, 2.780962219238281e+02, 2.772315368652344e+02, 2.771275329589844e+02, 2.770841979980469e+02, 2.770616149902344e+02, 2.770464782714844e+02, 2.770491638183594e+02, 2.770545959472656e+02, 2.77061767578125e+02, 2.770674133300781e+02, 2.770687561035156e+02, 2.770713806152344e+02, 2.770752868652344e+02, 2.770818176269531e+02, 2.770926208496094e+02, 2.770978393554688e+02, 2.7709716796875e+02, 2.77088623046875e+02, 2.770577697753906e+02, 2.770438842773438e+02, 2.770515441894531e+02, 2.770750427246094e+02]
TCWRet.T=[2.931499938964844e+02, 2.733479309082031e+02, 2.752384338378906e+02, 2.753362731933594e+02, 2.761123046875e+02, 2.762049865722656e+02, 2.763965454101562e+02, 2.766489562988281e+02, 2.769352722167969e+02, 2.77234619140625e+02, 2.77534423828125e+02, 2.778384399414062e+02, 2.781558227539062e+02, 2.786588745117188e+02, 2.793918151855469e+02, 2.788046569824219e+02, 2.786783447265625e+02, 2.785533447265625e+02, 2.784198303222656e+02, 2.782828674316406e+02, 2.781455383300781e+02, 2.780575256347656e+02, 2.779880981445312e+02, 2.779629821777344e+02, 2.78012939453125e+02, 2.780768737792969e+02, 2.781725769042969e+02, 2.782507629394531e+02, 2.78305908203125e+02, 2.784263916015625e+02, 2.786273193359375e+02, 2.786169128417969e+02, 2.785355224609375e+02, 2.78538818359375e+02, 2.7872900390625e+02, 2.789729309082031e+02, 2.792658081054688e+02, 2.79613037109375e+02, 2.800215759277344e+02, 2.804755859375e+02, 2.804223937988281e+02, 2.808284301757812e+02, 2.8106787109375e+02, 2.811012268066406e+02, 2.8110107421875e+02, 2.811317138671875e+02, 2.812539672851562e+02, 2.814544067382812e+02, 2.816745910644531e+02, 2.818829956054688e+02, 2.820464477539062e+02, 2.821444091796875e+02, 2.821968994140625e+02, 2.82227783203125e+02, 2.822605285644531e+02, 2.823312377929688e+02, 2.82446533203125e+02, 2.825419616699219e+02, 2.825588073730469e+02, 2.824764404296875e+02, 2.824010620117188e+02, 2.823444519042969e+02, 2.823026428222656e+02, 2.822733154296875e+02, 2.822607727050781e+02, 2.822513122558594e+02, 2.822281494140625e+02, 2.8216552734375e+02, 2.818991394042969e+02, 2.814736938476562e+02, 2.810298156738281e+02, 2.807082214355469e+02, 2.805423583984375e+02, 2.804444580078125e+02, 2.803464965820312e+02, 2.801800842285156e+02, 2.799119873046875e+02, 2.795919799804688e+02, 2.792900390625e+02, 2.798094177246094e+02, 2.789305725097656e+02, 2.787952575683594e+02, 2.787511596679688e+02, 2.787420349121094e+02, 2.787377319335938e+02, 2.787499389648438e+02, 2.78763671875e+02, 2.787776184082031e+02, 2.787884521484375e+02, 2.787933959960938e+02, 2.787983093261719e+02, 2.788033447265625e+02, 2.788101196289062e+02, 2.788206787109375e+02, 2.788252868652344e+02, 2.788237915039062e+02, 2.788144226074219e+02, 2.787824401855469e+02, 2.787676696777344e+02, 2.787746276855469e+02, 2.787975463867188e+02]
TCWSupSet.y=[2.887099914550781e+02, 2.887099914550781e+02, 2.887099914550781e+02, 2.887099914550781e+02, 2.887099914550781e+02, 2.887099914550781e+02, 2.887099914550781e+02, 2.887099914550781e+02, 2.887099914550781e+02, 2.887099914550781e+02, 2.887099914550781e+02, 2.887099914550781e+02, 2.887099914550781e+02, 2.887099914550781e+02, 2.887099914550781e+02, 2.887099914550781e+02, 2.887099914550781e+02, 2.887099914550781e+02, 2.887099914550781e+02, 2.887099914550781e+02, 2.887099914550781e+02, 2.887099914550781e+02, 2.887099914550781e+02, 2.887099914550781e+02, 2.887099914550781e+02, 2.887099914550781e+02, 2.887099914550781e+02, 2.887099914550781e+02, 2.887099914550781e+02, 2.887099914550781e+02, 2.887099914550781e+02, 2.887099914550781e+02, 2.887099914550781e+02, 2.887099914550781e+02, 2.887099914550781e+02, 2.887099914550781e+02, 2.887099914550781e+02, 2.887099914550781e+02, 2.887099914550781e+02, 2.887099914550781e+02, 2.887099914550781e+02, 2.887099914550781e+02, 2.887099914550781e+02, 2.887099914550781e+02, 2.887099914550781e+02, 2.887099914550781e+02, 2.887099914550781e+02, 2.887099914550781e+02, 2.887099914550781e+02, 2.887099914550781e+02, 2.887099914550781e+02, 2.887099914550781e+02, 2.887099914550781e+02, 2.887099914550781e+02, 2.887099914550781e+02, 2.887099914550781e+02, 2.887099914550781e+02, 2.887099914550781e+02, 2.887099914550781e+02, 2.887099914550781e+02, 2.887099914550781e+02, 2.887099914550781e+02, 2.887099914550781e+02, 2.887099914550781e+02, 2.887099914550781e+02, 2.887099914550781e+02, 2.887099914550781e+02, 2.887099914550781e+02, 2.887099914550781e+02, 2.887099914550781e+02, 2.887099914550781e+02, 2.887099914550781e+02, 2.887099914550781e+02, 2.887099914550781e+02, 2.887099914550781e+02, 2.887099914550781e+02, 2.887099914550781e+02, 2.887099914550781e+02, 2.887099914550781e+02, 2.887099914550781e+02, 2.887099914550781e+02, 2.887099914550781e+02, 2.887099914550781e+02, 2.887099914550781e+02, 2.887099914550781e+02, 2.887099914550781e+02, 2.887099914550781e+02, 2.887099914550781e+02, 2.887099914550781e+02, 2.887099914550781e+02, 2.887099914550781e+02, 2.887099914550781e+02, 2.887099914550781e+02, 2.887099914550781e+02, 2.887099914550781e+02, 2.887099914550781e+02, 2.887099914550781e+02, 2.887099914550781e+02, 2.887099914550781e+02, 2.887099914550781e+02, 2.887099914550781e+02]
TCHWSup.T=[2.931499938964844e+02, 2.931499938964844e+02, 2.772843322753906e+02, 2.76385009765625e+02, 2.769962463378906e+02, 2.771064147949219e+02, 2.773514709472656e+02, 2.776828002929688e+02, 2.780658569335938e+02, 2.784745788574219e+02, 2.788922119140625e+02, 2.793179931640625e+02, 2.797577819824219e+02, 2.804611206054688e+02, 2.814413146972656e+02, 2.811725463867188e+02, 2.811644592285156e+02, 2.811668395996094e+02, 2.811684265136719e+02, 2.811697998046875e+02, 2.811686706542969e+02, 2.811598510742188e+02, 2.811502075195312e+02, 2.811439208984375e+02, 2.811406555175781e+02, 2.811509704589844e+02, 2.811927795410156e+02, 2.812253723144531e+02, 2.812379150390625e+02, 2.812999267578125e+02, 2.814140625e+02, 2.813680725097656e+02, 2.812706909179688e+02, 2.812415466308594e+02, 2.813579711914062e+02, 2.815158386230469e+02, 2.817108764648438e+02, 2.819479064941406e+02, 2.822332153320312e+02, 2.825536193847656e+02, 2.811500549316406e+02, 2.811500549316406e+02, 2.811500549316406e+02, 2.811500549316406e+02, 2.811500549316406e+02, 2.811500549316406e+02, 2.811500549316406e+02, 2.811500549316406e+02, 2.811500549316406e+02, 2.811500549316406e+02, 2.811500549316406e+02, 2.811500549316406e+02, 2.811500549316406e+02, 2.811500549316406e+02, 2.811500549316406e+02, 2.811500549316406e+02, 2.811500549316406e+02, 2.811500549316406e+02, 2.811500549316406e+02, 2.811500549316406e+02, 2.811500549316406e+02, 2.811500549316406e+02, 2.811500549316406e+02, 2.811500549316406e+02, 2.811500549316406e+02, 2.811500549316406e+02, 2.811500549316406e+02, 2.811500549316406e+02, 2.811500549316406e+02, 2.811500549316406e+02, 2.811500549316406e+02, 2.811500549316406e+02, 2.811500549316406e+02, 2.811500549316406e+02, 2.811500549316406e+02, 2.811500549316406e+02, 2.811500549316406e+02, 2.811500549316406e+02, 2.811500549316406e+02, 2.819944152832031e+02, 2.812890625e+02, 2.81186279296875e+02, 2.811396179199219e+02, 2.811171569824219e+02, 2.811053161621094e+02, 2.811080627441406e+02, 2.811136474609375e+02, 2.811209106445312e+02, 2.811270446777344e+02, 2.811297607421875e+02, 2.8113330078125e+02, 2.811375427246094e+02, 2.811436462402344e+02, 2.811527709960938e+02, 2.811573791503906e+02, 2.811571350097656e+02, 2.81150634765625e+02, 2.811264343261719e+02, 2.811155090332031e+02, 2.811214294433594e+02, 2.811397399902344e+02]
TCHWRet.T=[2.931499938964844e+02, 2.931499938964844e+02, 2.840619506835938e+02, 2.821080322265625e+02, 2.815735778808594e+02, 2.817806396484375e+02, 2.82306396484375e+02, 2.830484619140625e+02, 2.839335632324219e+02, 2.8490869140625e+02, 2.859363098144531e+02, 2.869928588867188e+02, 2.880672302246094e+02, 2.898283996582031e+02, 2.920821838378906e+02, 2.934206237792969e+02, 2.940288696289062e+02, 2.9468994140625e+02, 2.953907470703125e+02, 2.961080322265625e+02, 2.9681298828125e+02, 2.972168273925781e+02, 2.975175170898438e+02, 2.97626708984375e+02, 2.976100158691406e+02, 2.976080322265625e+02, 2.976089782714844e+02, 2.97596923828125e+02, 2.975731201171875e+02, 2.975507202148438e+02, 2.975086975097656e+02, 2.975092163085938e+02, 2.975184936523438e+02, 2.975179138183594e+02, 2.97498291015625e+02, 2.974695739746094e+02, 2.974382019042969e+02, 2.974046936035156e+02, 2.973681335449219e+02, 2.973236083984375e+02, 2.976208801269531e+02, 2.975209045410156e+02, 2.974624633789062e+02, 2.974292602539062e+02, 2.974132385253906e+02, 2.97404052734375e+02, 2.973987426757812e+02, 2.973958435058594e+02, 2.973943786621094e+02, 2.973937072753906e+02, 2.973934936523438e+02, 2.973934326171875e+02, 2.973934631347656e+02, 2.973934936523438e+02, 2.973935241699219e+02, 2.973935852050781e+02, 2.973936462402344e+02, 2.973937377929688e+02, 2.973937377929688e+02, 2.973937377929688e+02, 2.973937072753906e+02, 2.973937072753906e+02, 2.973937072753906e+02, 2.973936462402344e+02, 2.973935852050781e+02, 2.973934631347656e+02, 2.973934326171875e+02, 2.973934936523438e+02, 2.973935546875e+02, 2.973936157226562e+02, 2.973936157226562e+02, 2.973936462402344e+02, 2.973936462402344e+02, 2.973936462402344e+02, 2.973936157226562e+02, 2.973935852050781e+02, 2.973935852050781e+02, 2.973935546875e+02, 2.973935546875e+02, 2.974820556640625e+02, 2.975398559570312e+02, 2.974296875e+02, 2.973616027832031e+02, 2.973388366699219e+02, 2.973408203125e+02, 2.973430786132812e+02, 2.973488159179688e+02, 2.973563232421875e+02, 2.973641967773438e+02, 2.973724670410156e+02, 2.973797302246094e+02, 2.973856811523438e+02, 2.973903198242188e+02, 2.973930053710938e+02, 2.973950500488281e+02, 2.973966369628906e+02, 2.973978576660156e+02, 2.974004821777344e+02, 2.9740185546875e+02, 2.974012756347656e+02, 2.973992309570312e+02]
TCHWSupSet.y=[2.811499938964844e+02, 2.811499938964844e+02]
chiWSE.TCHWSupWSE=[2.931499938964844e+02, 2.931499938964844e+02, 2.765505676269531e+02, 2.763869323730469e+02, 2.769962463378906e+02, 2.771064758300781e+02, 2.773515930175781e+02, 2.776829223632812e+02, 2.780660095214844e+02, 2.784747314453125e+02, 2.788923645019531e+02, 2.793181762695312e+02, 2.797579650878906e+02, 2.804615173339844e+02, 2.814416198730469e+02, 2.811725158691406e+02, 2.811644592285156e+02, 2.811668395996094e+02, 2.811684265136719e+02, 2.811697998046875e+02, 2.811686706542969e+02, 2.811598510742188e+02, 2.811502075195312e+02, 2.811439514160156e+02, 2.811406555175781e+02, 2.811509399414062e+02, 2.811927795410156e+02, 2.812254028320312e+02, 2.812379150390625e+02, 2.812999877929688e+02, 2.814140319824219e+02, 2.813680114746094e+02, 2.812706909179688e+02, 2.812415466308594e+02, 2.813580017089844e+02, 2.815158996582031e+02, 2.817109375e+02, 2.819479675292969e+02, 2.822332763671875e+02, 2.825536804199219e+02, 2.826502380371094e+02, 2.828849487304688e+02, 2.830038757324219e+02, 2.830032958984375e+02, 2.829865417480469e+02, 2.830006713867188e+02, 2.830918273925781e+02, 2.832463684082031e+02, 2.834177551269531e+02, 2.835804138183594e+02, 2.837077331542969e+02, 2.837837219238281e+02, 2.838243408203125e+02, 2.838483581542969e+02, 2.838742370605469e+02, 2.839308776855469e+02, 2.840221862792969e+02, 2.840969848632812e+02, 2.841089172363281e+02, 2.840430908203125e+02, 2.839837646484375e+02, 2.83939208984375e+02, 2.839063110351562e+02, 2.838833618164062e+02, 2.838735961914062e+02, 2.838660583496094e+02, 2.838474426269531e+02, 2.83796630859375e+02, 2.835828552246094e+02, 2.832450256347656e+02, 2.828943786621094e+02, 2.826422119140625e+02, 2.825122680664062e+02, 2.824352416992188e+02, 2.823572692871094e+02, 2.822242126464844e+02, 2.820114135742188e+02, 2.817598876953125e+02, 2.815234069824219e+02, 2.8199365234375e+02, 2.812892456054688e+02, 2.811863708496094e+02, 2.811396484375e+02, 2.811171569824219e+02, 2.811053161621094e+02, 2.811080627441406e+02, 2.811136169433594e+02, 2.811209106445312e+02, 2.811270141601562e+02, 2.811297302246094e+02, 2.811332702636719e+02, 2.811375122070312e+02, 2.811436157226562e+02, 2.811527709960938e+02, 2.811573486328125e+02, 2.811571350097656e+02, 2.81150634765625e+02, 2.811264343261719e+02, 2.811155090332031e+02, 2.811213989257812e+02, 2.811397399902344e+02]
TAirSup.T=[2.931499938964844e+02, 2.935303649902344e+02, 2.81642822265625e+02, 2.809032592773438e+02, 2.807673034667969e+02, 2.809813842773438e+02, 2.814467468261719e+02, 2.820846862792969e+02, 2.82837646484375e+02, 2.836641845703125e+02, 2.845346984863281e+02, 2.854317016601562e+02, 2.863475952148438e+02, 2.880028381347656e+02, 2.888980102539062e+02, 2.893892822265625e+02, 2.896578979492188e+02, 2.900268859863281e+02, 2.904344177246094e+02, 2.908577880859375e+02, 2.911499938964844e+02, 2.911499938964844e+02, 2.911499938964844e+02, 2.911974792480469e+02, 2.911499938964844e+02, 2.911622314453125e+02, 2.912217102050781e+02, 2.912489013671875e+02, 2.912281188964844e+02, 2.912068786621094e+02, 2.911499938964844e+02, 2.911521606445312e+02, 2.91186767578125e+02, 2.91211181640625e+02, 2.912158813476562e+02, 2.912084045410156e+02, 2.912005004882812e+02, 2.911981811523438e+02, 2.912034606933594e+02, 2.912061767578125e+02, 2.921481018066406e+02, 2.917574462890625e+02, 2.914918823242188e+02, 2.913549499511719e+02, 2.912724914550781e+02, 2.9122265625e+02, 2.911925354003906e+02, 2.911746520996094e+02, 2.911641235351562e+02, 2.911579895019531e+02, 2.911544799804688e+02, 2.911524963378906e+02, 2.911513671875e+02, 2.911507263183594e+02, 2.911503601074219e+02, 2.911501770019531e+02, 2.911502075195312e+02, 2.911502990722656e+02, 2.911502075195312e+02, 2.91150146484375e+02, 2.911501159667969e+02, 2.91150146484375e+02, 2.91150146484375e+02, 2.911501159667969e+02, 2.911500244140625e+02, 2.911498413085938e+02, 2.911497192382812e+02, 2.911498107910156e+02, 2.9114990234375e+02, 2.911499938964844e+02, 2.911500244140625e+02, 2.911500854492188e+02, 2.911500549316406e+02, 2.911500549316406e+02, 2.911500549316406e+02, 2.911500244140625e+02, 2.911499938964844e+02, 2.9114990234375e+02, 2.911498718261719e+02, 2.916445007324219e+02, 2.91601806640625e+02, 2.913651123046875e+02, 2.911774597167969e+02, 2.9108203125e+02, 2.910593566894531e+02, 2.910494384765625e+02, 2.910506591796875e+02, 2.910594787597656e+02, 2.910719604492188e+02, 2.910870056152344e+02, 2.911021118164062e+02, 2.911160278320312e+02, 2.911284484863281e+02, 2.91137939453125e+02, 2.911453247070312e+02, 2.911507568359375e+02, 2.911542358398438e+02, 2.911570434570312e+02, 2.911590270996094e+02, 2.911598815917969e+02, 2.911598510742188e+02]
TAirSupSet.y=[2.911499938964844e+02, 2.911499938964844e+02]
chiWSE.chiPar.chi[1].P=[0e+00, 0e+00, 2.313257427886128e-04, 0e+00, 0e+00, 0e+00, 0e+00, 0e+00, 0e+00, 0e+00, 0e+00, 0e+00, 0e+00, 0e+00, 0e+00, 0e+00, 0e+00, 0e+00, 0e+00, 0e+00, 0e+00, 0e+00, 0e+00, 0e+00, 0e+00, 0e+00, 0e+00, 0e+00, 0e+00, 0e+00, 0e+00, 0e+00, 0e+00, 0e+00, 0e+00, 0e+00, 0e+00, 0e+00, 0e+00, 0e+00, 8.11031591796875e+03, 9.10655078125e+03, 9.6594677734375e+03, 9.697568359375e+03, 9.6562138671875e+03, 9.72864453125e+03, 1.01010888671875e+04, 1.07241611328125e+04, 1.141769140625e+04, 1.20800830078125e+04, 1.26012900390625e+04, 1.2913673828125e+04, 1.30812734375e+04, 1.3180677734375e+04, 1.3288203125e+04, 1.3523716796875e+04, 1.39031474609375e+04, 1.42139443359375e+04, 1.426202734375e+04, 1.398685546875e+04, 1.37404921875e+04, 1.35559365234375e+04, 1.341995703125e+04, 1.33252255859375e+04, 1.3285046875e+04, 1.32538212890625e+04, 1.31766328125e+04, 1.2965283203125e+04, 1.208585937499999e+04, 1.071944433593751e+04, 9.328754882812511e+03, 8.347705078125e+03, 7.8479111328125e+03, 7.55308447265625e+03, 7.2550302734375e+03, 6.74922412109375e+03, 5.71286279296875e+03, 3.987203125e+03, 2.40859033203125e+03, 0e+00, 0e+00, 0e+00, 0e+00, 0e+00, 0e+00, 0e+00, 0e+00, 0e+00, 0e+00, 0e+00, 0e+00, 0e+00, 0e+00, 0e+00, 0e+00, 0e+00, 0e+00, 0e+00, 0e+00, 0e+00, 0e+00]
chiWSE.chiPar.chi[2].P=[0e+00, 0e+00, 0e+00, 0e+00, 0e+00, 0e+00, 0e+00, 0e+00, 0e+00, 0e+00, 0e+00, 0e+00, 0e+00, 0e+00, 0e+00, 0e+00, 0e+00, 0e+00, 0e+00, 0e+00, 0e+00, 0e+00, 0e+00, 0e+00, 0e+00, 0e+00, 0e+00, 0e+00, 0e+00, 0e+00, 0e+00, 0e+00, 0e+00, 0e+00, 0e+00, 0e+00, 0e+00, 0e+00, 0e+00, 0e+00, 0e+00, 0e+00, 0e+00, 0e+00, 0e+00, 0e+00, 0e+00, 0e+00, 0e+00, 0e+00, 0e+00, 0e+00, 0e+00, 0e+00, 0e+00, 0e+00, 0e+00, 0e+00, 0e+00, 0e+00, 0e+00, 0e+00, 0e+00, 0e+00, 0e+00, 0e+00, 0e+00, 0e+00, 0e+00, 0e+00, 0e+00, 0e+00, 0e+00, 0e+00, 0e+00, 0e+00, 0e+00, 0e+00, 0e+00, 0e+00, 0e+00, 0e+00, 0e+00, 0e+00, 0e+00, 0e+00, 0e+00, 0e+00, 0e+00, 0e+00, 0e+00, 0e+00, 0e+00, 0e+00, 0e+00, 0e+00, 0e+00, 0e+00, 0e+00, 0e+00, 0e+00]
chiWSE.chiPar.chi[1].COP=[0e+00, 0e+00, 8.201655149459839e-01, 0e+00, 0e+00, 0e+00, 0e+00, 0e+00, 0e+00, 0e+00, 0e+00, 0e+00, 0e+00, 0e+00, 0e+00, 0e+00, 0e+00, 0e+00, 0e+00, 0e+00, 0e+00, 0e+00, 0e+00, 0e+00, 0e+00, 0e+00, 0e+00, 0e+00, 0e+00, 0e+00, 0e+00, 0e+00, 0e+00, 0e+00, 0e+00, 0e+00, 0e+00, 0e+00, 0e+00, 0e+00, 4.963242530822754e+00, 5.369771957397461e+00, 5.650504589080811e+00, 5.710068225860596e+00, 5.739400386810303e+00, 5.779702663421631e+00, 5.867874145507812e+00, 5.984599113464355e+00, 6.092179298400879e+00, 6.17867374420166e+00, 6.238100528717041e+00, 6.270931243896484e+00, 6.287955284118652e+00, 6.29784107208252e+00, 6.307809352874756e+00, 6.327788352966309e+00, 6.357638359069824e+00, 6.380404472351074e+00, 6.38403844833374e+00, 6.364554882049561e+00, 6.345949172973633e+00, 6.331287860870361e+00, 6.320062160491943e+00, 6.311981201171875e+00, 6.308411598205566e+00, 6.305596828460693e+00, 6.298871517181396e+00, 6.280152320861816e+00, 6.191039085388183e+00, 6.009788513183596e+00, 5.749816417694094e+00, 5.498441219329834e+00, 5.340499401092529e+00, 5.235570430755615e+00, 5.119403839111328e+00, 4.894778728485107e+00, 4.635162353515625e+00, 4.699711322784424e+00, 4.761736869812012e+00, 0e+00, 0e+00, 0e+00, 0e+00, 0e+00, 0e+00, 0e+00, 0e+00, 0e+00, 0e+00, 0e+00, 0e+00, 0e+00, 0e+00, 0e+00, 0e+00, 0e+00, 0e+00, 0e+00, 0e+00, 0e+00, 0e+00]
chiWSE.chiPar.chi[2].COP=[0e+00, 0e+00, 0e+00, 0e+00, 0e+00, 0e+00, 0e+00, 0e+00, 0e+00, 0e+00, 0e+00, 0e+00, 0e+00, 0e+00, 0e+00, 0e+00, 0e+00, 0e+00, 0e+00, 0e+00, 0e+00, 0e+00, 0e+00, 0e+00, 0e+00, 0e+00, 0e+00, 0e+00, 0e+00, 0e+00, 0e+00, 0e+00, 0e+00, 0e+00, 0e+00, 0e+00, 0e+00, 0e+00, 0e+00, 0e+00, 0e+00, 0e+00, 0e+00, 0e+00, 0e+00, 0e+00, 0e+00, 0e+00, 0e+00, 0e+00, 0e+00, 0e+00, 0e+00, 0e+00, 0e+00, 0e+00, 0e+00, 0e+00, 0e+00, 0e+00, 0e+00, 0e+00, 0e+00, 0e+00, 0e+00, 0e+00, 0e+00, 0e+00, 0e+00, 0e+00, 0e+00, 0e+00, 0e+00, 0e+00, 0e+00, 0e+00, 0e+00, 0e+00, 0e+00, 0e+00, 0e+00, 0e+00, 0e+00, 0e+00, 0e+00, 0e+00, 0e+00, 0e+00, 0e+00, 0e+00, 0e+00, 0e+00, 0e+00, 0e+00, 0e+00, 0e+00, 0e+00, 0e+00, 0e+00, 0e+00, 0e+00]
chiWSE.chiPar.chi[1].QEva_flow=[0e+00, 0e+00, -1.055000000633299e-03, 0e+00, 0e+00, 0e+00, 0e+00, 0e+00, 0e+00, 0e+00, 0e+00, 0e+00, 0e+00, 0e+00, 0e+00, 0e+00, 0e+00, 0e+00, 0e+00, 0e+00, 0e+00, 0e+00, 0e+00, 0e+00, 0e+00, 0e+00, 0e+00, 0e+00, 0e+00, 0e+00, 0e+00, 0e+00, 0e+00, 0e+00, 0e+00, 0e+00, 0e+00, 0e+00, 0e+00, 0e+00, -4.025347265625e+04, -4.890010546875e+04, -5.458087109375e+04, -5.537378125e+04, -5.542088671875e+04, -5.622868359375e+04, -5.927192578125e+04, -6.41798125e+04, -6.95586328125e+04, -7.46388984375e+04, -7.8608125e+04, -8.0980765625e+04, -8.225446875e+04, -8.3009828125e+04, -8.38194609375e+04, -8.557521875000003e+04, -8.839118750000003e+04, -9.069071874999999e+04, -9.10493359375e+04, -8.90201171875e+04, -8.719646875e+04, -8.5826546875e+04, -8.481496875e+04, -8.4108578125e+04, -8.38075546875e+04, -8.35732578125e+04, -8.29979296875e+04, -8.14239609375e+04, -7.482403124999993e+04, -6.442159765625009e+04, -5.363863281250009e+04, -4.58993671875e+04, -4.19117734375e+04, -3.95447109375e+04, -3.714143359375e+04, -3.303596484375e+04, -2.6480052734375e+04, -1.873870703125e+04, -1.14690791015625e+04, 0e+00, 0e+00, 0e+00, 0e+00, 0e+00, 0e+00, 0e+00, 0e+00, 0e+00, 0e+00, 0e+00, 0e+00, 0e+00, 0e+00, 0e+00, 0e+00, 0e+00, 0e+00, 0e+00, 0e+00, 0e+00, 0e+00]
chiWSE.chiPar.chi[2].QEva_flow=[0e+00, 0e+00, 0e+00, 0e+00, 0e+00, 0e+00, 0e+00, 0e+00, 0e+00, 0e+00, 0e+00, 0e+00, 0e+00, 0e+00, 0e+00, 0e+00, 0e+00, 0e+00, 0e+00, 0e+00, 0e+00, 0e+00, 0e+00, 0e+00, 0e+00, 0e+00, 0e+00, 0e+00, 0e+00, 0e+00, 0e+00, 0e+00, 0e+00, 0e+00, 0e+00, 0e+00, 0e+00, 0e+00, 0e+00, 0e+00, 0e+00, 0e+00, 0e+00, 0e+00, 0e+00, 0e+00, 0e+00, 0e+00, 0e+00, 0e+00, 0e+00, 0e+00, 0e+00, 0e+00, 0e+00, 0e+00, 0e+00, 0e+00, 0e+00, 0e+00, 0e+00, 0e+00, 0e+00, 0e+00, 0e+00, 0e+00, 0e+00, 0e+00, 0e+00, 0e+00, 0e+00, 0e+00, 0e+00, 0e+00, 0e+00, 0e+00, 0e+00, 0e+00, 0e+00, 0e+00, 0e+00, 0e+00, 0e+00, 0e+00, 0e+00, 0e+00, 0e+00, 0e+00, 0e+00, 0e+00, 0e+00, 0e+00, 0e+00, 0e+00, 0e+00, 0e+00, 0e+00, 0e+00, 0e+00, 0e+00, 0e+00]
chiWSE.wse.heaExc.hex.Q2_flow=[-0e+00, -0e+00, -1.4283128125e+05, -9.342190625e+04, -7.55273984375e+04, -7.71666953125e+04, -8.1825796875e+04, -8.862280468750001e+04, -9.69207109375e+04, -1.0627721875e+05, -1.163482890625e+05, -1.267585e+05, -1.3722959375e+05, -1.54832390625e+05, -1.7576775e+05, -2.02244890625e+05, -2.12391234375e+05, -2.2327215625e+05, -2.348145e+05, -2.4663015625e+05, -2.5827415625e+05, -2.650401875e+05, -2.7013790625e+05, -2.72842625e+05, -2.8733115625e+05, -3.0208084375e+05, -3.146406875e+05, -3.245981875e+05, -3.343618437500001e+05, -3.4465746875e+05, -3.5926559375e+05, -3.731821875e+05, -3.854173125e+05, -3.9658275e+05, -4.079246562500001e+05, -4.193433749999999e+05, -4.3129565625e+05, -4.4361253125e+05, -4.55959375e+05, -4.6830103125e+05, -3.993954375e+05, -4.1148725e+05, -4.2520725e+05, -4.307721875e+05, -4.3518440625e+05, -4.3743778125e+05, -4.364619375e+05, -4.329420625e+05, -4.2848990625e+05, -4.2403146875e+05, -4.2048753125e+05, -4.183870625e+05, -4.172869375e+05, -4.166416875e+05, -4.15901375e+05, -4.1418796875e+05, -4.114013125e+05, -4.09128625e+05, -4.0878746875e+05, -4.1082115625e+05, -4.126435625e+05, -4.1400840625e+05, -4.150129375e+05, -4.1570928125e+05, -4.159975625e+05, -4.162180625e+05, -4.16790125e+05, -4.183783125e+05, -4.249998750000001e+05, -4.354164374999999e+05, -4.462044999999999e+05, -4.5393765625e+05, -4.579246875e+05, -4.6028809375e+05, -4.626890625e+05, -4.6679528125e+05, -4.7335784375e+05, -4.811015e+05, -4.8837415625e+05, -4.96281375e+05, -4.9383103125e+05, -4.8446940625e+05, -4.8405253125e+05, -4.8790378125e+05, -4.9104028125e+05, -4.937891875e+05, -4.9619109375e+05, -4.9815809375e+05, -4.996708125e+05, -5.007224375e+05, -5.0138528125e+05, -5.01730625e+05, -5.0181159375e+05, -5.0175040625e+05, -5.0157578125e+05, -5.01335875e+05, -5.01096e+05, -5.007720625e+05, -5.005220625e+05, -5.0032115625e+05, -5.0015953125e+05]
ahu.cooCoi.Q2_flow=[-0e+00, -0e+00, -1.121584140625e+05, -8.710575e+04, -7.547459375e+04, -7.9243890625e+04, -8.52943671875e+04, -9.303079687500001e+04, -1.019343359375e+05, -1.11657796875e+05, -1.2193271875e+05, -1.32459296875e+05, -1.430151875e+05, -1.68213609375e+05, -1.85475921875e+05, -2.05914375e+05, -2.157050625e+05, -2.26916484375e+05, -2.38583390625e+05, -2.50458390625e+05, -2.61271328125e+05, -2.667725625e+05, -2.7112846875e+05, -2.733160625e+05, -2.8727521875e+05, -3.0157875e+05, -3.14217e+05, -3.245830625e+05, -3.346492812500001e+05, -3.4506540625e+05, -3.5926240625e+05, -3.728023125e+05, -3.8512675e+05, -3.9647396875e+05, -4.078864062500001e+05, -4.193728124999999e+05, -4.31282e+05, -4.4349634375e+05, -4.557461875e+05, -4.6800803125e+05, -4.51904125e+05, -4.694018125e+05, -4.854716875e+05, -4.8992703125e+05, -4.9307553125e+05, -4.9526709375e+05, -4.9676565625e+05, -4.977826875e+05, -4.98468625e+05, -4.9893328125e+05, -4.9925425e+05, -4.9946028125e+05, -4.9959265625e+05, -4.996774375e+05, -4.997315625e+05, -4.9976603125e+05, -4.99790125e+05, -4.998110625e+05, -4.9982240625e+05, -4.9982459375e+05, -4.9982409375e+05, -4.9982059375e+05, -4.9981534375e+05, -4.998075e+05, -4.9979703125e+05, -4.9978478125e+05, -4.99781125e+05, -4.99790625e+05, -4.9980353125e+05, -4.99813375e+05, -4.99818875e+05, -4.998185e+05, -4.998204375e+05, -4.99818375e+05, -4.9981571875e+05, -4.9981375e+05, -4.9981715625e+05, -4.998180625e+05, -4.99821875e+05, -4.9887240625e+05, -4.9733134375e+05, -4.8863059375e+05, -4.8738971875e+05, -4.899786875e+05, -4.9232359375e+05, -4.9449334375e+05, -4.96430625e+05, -4.9805159375e+05, -4.9932809375e+05, -5.002433125e+05, -5.0084653125e+05, -5.01189875e+05, -5.0131103125e+05, -5.0130859375e+05, -5.0120709375e+05, -5.01043625e+05, -5.0087453125e+05, -5.0063415625e+05, -5.004301875e+05, -5.0026190625e+05, -5.001241875e+05]
=======
TCWSup.T=[2.931499938964844e+02, 2.73347900390625e+02, 2.748844604492188e+02, 2.767538146972656e+02, 2.761925964355469e+02, 2.761882019042969e+02, 2.763348999023438e+02, 2.765698547363281e+02, 2.768497924804688e+02, 2.771457214355469e+02, 2.7744140625e+02, 2.777383422851562e+02, 2.780451354980469e+02, 2.783720703125e+02, 2.787088012695312e+02, 2.790489196777344e+02, 2.793907775878906e+02, 2.801508483886719e+02, 2.790352172851562e+02, 2.789086608886719e+02, 2.787972106933594e+02, 2.786880798339844e+02, 2.7857470703125e+02, 2.784645385742188e+02, 2.783572387695312e+02, 2.782528991699219e+02, 2.781740417480469e+02, 2.780920104980469e+02, 2.78e+02, 2.778734130859375e+02, 2.77724609375e+02, 2.775980529785156e+02, 2.774859924316406e+02, 2.774041442871094e+02, 2.774489135742188e+02, 2.776301879882812e+02, 2.778192749023438e+02, 2.780914306640625e+02, 2.784488220214844e+02, 2.788604431152344e+02, 2.793045043945312e+02, 2.794776611328125e+02, 2.795502014160156e+02, 2.795029602050781e+02, 2.794524536132812e+02, 2.794505615234375e+02, 2.795517578125e+02, 2.797363586425781e+02, 2.799447937011719e+02, 2.801441650390625e+02, 2.803004455566406e+02, 2.803934936523438e+02, 2.804430847167969e+02, 2.80472412109375e+02, 2.805044555664062e+02, 2.805752868652344e+02, 2.806893615722656e+02, 2.807824096679688e+02, 2.80796630859375e+02, 2.807141418457031e+02, 2.806401062011719e+02, 2.805845336914062e+02, 2.805435485839844e+02, 2.805149841308594e+02, 2.805028991699219e+02, 2.804935302734375e+02, 2.804701538085938e+02, 2.80406005859375e+02, 2.801375427246094e+02, 2.7971484375e+02, 2.792769165039062e+02, 2.789628295898438e+02, 2.788009643554688e+02, 2.787048950195312e+02, 2.786072692871094e+02, 2.784404296875e+02, 2.781742553710938e+02, 2.778598022460938e+02, 2.775645446777344e+02, 2.7763427734375e+02, 2.773921813964844e+02, 2.773369445800781e+02, 2.77271240234375e+02, 2.771956787109375e+02, 2.771105651855469e+02, 2.770989379882812e+02, 2.770995178222656e+02, 2.771021728515625e+02, 2.771039123535156e+02, 2.7710205078125e+02, 2.771022033691406e+02, 2.77104248046875e+02, 2.771094665527344e+02, 2.771193237304688e+02, 2.771240234375e+02, 2.771231689453125e+02, 2.771147766113281e+02, 2.770844421386719e+02, 2.770709838867188e+02, 2.77078857421875e+02, 2.771024780273438e+02]
TCWRet.T=[2.931499938964844e+02, 2.733479309082031e+02, 2.756525268554688e+02, 2.770585632324219e+02, 2.76488037109375e+02, 2.764806213378906e+02, 2.766412048339844e+02, 2.769007873535156e+02, 2.772120361328125e+02, 2.775435485839844e+02, 2.778773803710938e+02, 2.782133483886719e+02, 2.785589599609375e+02, 2.789240112304688e+02, 2.792990417480469e+02, 2.796777954101562e+02, 2.800585021972656e+02, 2.808404235839844e+02, 2.798539123535156e+02, 2.797750244140625e+02, 2.79706298828125e+02, 2.796390991210938e+02, 2.795676879882812e+02, 2.794990539550781e+02, 2.794331665039062e+02, 2.793701171875e+02, 2.793316955566406e+02, 2.792909851074219e+02, 2.792405700683594e+02, 2.791566467285156e+02, 2.790494995117188e+02, 2.789649047851562e+02, 2.788942260742188e+02, 2.788508605957031e+02, 2.789259643554688e+02, 2.791333618164062e+02, 2.793257446289062e+02, 2.796234436035156e+02, 2.800173950195312e+02, 2.804711608886719e+02, 2.810209045410156e+02, 2.812113952636719e+02, 2.813158569335938e+02, 2.812661743164062e+02, 2.812146606445312e+02, 2.812110595703125e+02, 2.813106689453125e+02, 2.814963684082031e+02, 2.817069396972656e+02, 2.819090881347656e+02, 2.820684509277344e+02, 2.82163818359375e+02, 2.822146911621094e+02, 2.822445678710938e+02, 2.822766723632812e+02, 2.823469543457031e+02, 2.824620361328125e+02, 2.825572509765625e+02, 2.825739440917969e+02, 2.824915466308594e+02, 2.824161987304688e+02, 2.823596496582031e+02, 2.823179016113281e+02, 2.822886657714844e+02, 2.822761840820312e+02, 2.822668151855469e+02, 2.8224365234375e+02, 2.821809997558594e+02, 2.8191455078125e+02, 2.814891357421875e+02, 2.810453186035156e+02, 2.807238464355469e+02, 2.805579528808594e+02, 2.804601135253906e+02, 2.803621826171875e+02, 2.801958312988281e+02, 2.799281005859375e+02, 2.796080932617188e+02, 2.793061218261719e+02, 2.793870239257812e+02, 2.791704711914062e+02, 2.791204528808594e+02, 2.790604553222656e+02, 2.789913940429688e+02, 2.789135131835938e+02, 2.789028015136719e+02, 2.789032897949219e+02, 2.789057312011719e+02, 2.789073486328125e+02, 2.789056091308594e+02, 2.7890576171875e+02, 2.789075927734375e+02, 2.789123840332031e+02, 2.7892138671875e+02, 2.789256896972656e+02, 2.789249267578125e+02, 2.789172668457031e+02, 2.788895263671875e+02, 2.788771667480469e+02, 2.788843383789062e+02, 2.789058837890625e+02]
TCWSupSet.y=[2.887099914550781e+02, 2.887099914550781e+02, 2.887099914550781e+02, 2.887099914550781e+02, 2.887099914550781e+02, 2.887099914550781e+02, 2.887099914550781e+02, 2.887099914550781e+02, 2.887099914550781e+02, 2.887099914550781e+02, 2.887099914550781e+02, 2.887099914550781e+02, 2.887099914550781e+02, 2.887099914550781e+02, 2.887099914550781e+02, 2.887099914550781e+02, 2.887099914550781e+02, 2.887099914550781e+02, 2.887099914550781e+02, 2.887099914550781e+02, 2.887099914550781e+02, 2.887099914550781e+02, 2.887099914550781e+02, 2.887099914550781e+02, 2.887099914550781e+02, 2.887099914550781e+02, 2.887099914550781e+02, 2.887099914550781e+02, 2.887099914550781e+02, 2.887099914550781e+02, 2.887099914550781e+02, 2.887099914550781e+02, 2.887099914550781e+02, 2.887099914550781e+02, 2.887099914550781e+02, 2.887099914550781e+02, 2.887099914550781e+02, 2.887099914550781e+02, 2.887099914550781e+02, 2.887099914550781e+02, 2.887099914550781e+02, 2.887099914550781e+02, 2.887099914550781e+02, 2.887099914550781e+02, 2.887099914550781e+02, 2.887099914550781e+02, 2.887099914550781e+02, 2.887099914550781e+02, 2.887099914550781e+02, 2.887099914550781e+02, 2.887099914550781e+02, 2.887099914550781e+02, 2.887099914550781e+02, 2.887099914550781e+02, 2.887099914550781e+02, 2.887099914550781e+02, 2.887099914550781e+02, 2.887099914550781e+02, 2.887099914550781e+02, 2.887099914550781e+02, 2.887099914550781e+02, 2.887099914550781e+02, 2.887099914550781e+02, 2.887099914550781e+02, 2.887099914550781e+02, 2.887099914550781e+02, 2.887099914550781e+02, 2.887099914550781e+02, 2.887099914550781e+02, 2.887099914550781e+02, 2.887099914550781e+02, 2.887099914550781e+02, 2.887099914550781e+02, 2.887099914550781e+02, 2.887099914550781e+02, 2.887099914550781e+02, 2.887099914550781e+02, 2.887099914550781e+02, 2.887099914550781e+02, 2.887099914550781e+02, 2.887099914550781e+02, 2.887099914550781e+02, 2.887099914550781e+02, 2.887099914550781e+02, 2.887099914550781e+02, 2.887099914550781e+02, 2.887099914550781e+02, 2.887099914550781e+02, 2.887099914550781e+02, 2.887099914550781e+02, 2.887099914550781e+02, 2.887099914550781e+02, 2.887099914550781e+02, 2.887099914550781e+02, 2.887099914550781e+02, 2.887099914550781e+02, 2.887099914550781e+02, 2.887099914550781e+02, 2.887099914550781e+02, 2.887099914550781e+02, 2.887099914550781e+02]
TCHWSup.T=[2.931499938964844e+02, 2.931499938964844e+02, 2.772138061523438e+02, 2.775547485351562e+02, 2.769614868164062e+02, 2.769483337402344e+02, 2.771305541992188e+02, 2.774292602539062e+02, 2.777904968261719e+02, 2.781789245605469e+02, 2.785737915039062e+02, 2.789722595214844e+02, 2.793800048828125e+02, 2.798059997558594e+02, 2.802423400878906e+02, 2.806829833984375e+02, 2.811258544921875e+02, 2.819667358398438e+02, 2.811643981933594e+02, 2.81161865234375e+02, 2.811615295410156e+02, 2.811615600585938e+02, 2.811572875976562e+02, 2.811551513671875e+02, 2.811555480957031e+02, 2.811586303710938e+02, 2.811848449707031e+02, 2.812102966308594e+02, 2.812265930175781e+02, 2.812110900878906e+02, 2.811706237792969e+02, 2.811531066894531e+02, 2.81148681640625e+02, 2.811668395996094e+02, 2.812898864746094e+02, 2.815390014648438e+02, 2.817363891601562e+02, 2.8195751953125e+02, 2.822321472167969e+02, 2.825516967773438e+02, 2.811500244140625e+02, 2.811500244140625e+02, 2.811500244140625e+02, 2.811500244140625e+02, 2.811500244140625e+02, 2.811500244140625e+02, 2.811500244140625e+02, 2.811500244140625e+02, 2.811500244140625e+02, 2.811500244140625e+02, 2.811500244140625e+02, 2.811500244140625e+02, 2.811500244140625e+02, 2.811500244140625e+02, 2.811500244140625e+02, 2.811500244140625e+02, 2.811500244140625e+02, 2.811500244140625e+02, 2.811500244140625e+02, 2.811500244140625e+02, 2.811500244140625e+02, 2.811500244140625e+02, 2.811500244140625e+02, 2.811500244140625e+02, 2.811500244140625e+02, 2.811500244140625e+02, 2.811500244140625e+02, 2.811500244140625e+02, 2.811500244140625e+02, 2.811500244140625e+02, 2.811500244140625e+02, 2.811500244140625e+02, 2.811500244140625e+02, 2.811500244140625e+02, 2.811500244140625e+02, 2.811500244140625e+02, 2.811500244140625e+02, 2.811500244140625e+02, 2.811500244140625e+02, 2.816053771972656e+02, 2.813711853027344e+02, 2.813276672363281e+02, 2.812747192382812e+02, 2.812137145996094e+02, 2.811447448730469e+02, 2.811350402832031e+02, 2.811354675292969e+02, 2.811376037597656e+02, 2.811390380859375e+02, 2.811375122070312e+02, 2.811376342773438e+02, 2.811392517089844e+02, 2.811434326171875e+02, 2.811513977050781e+02, 2.811552124023438e+02, 2.811545715332031e+02, 2.811478881835938e+02, 2.811233520507812e+02, 2.811123046875e+02, 2.811185607910156e+02, 2.811375732421875e+02]
TCHWRet.T=[2.931499938964844e+02, 2.931499938964844e+02, 2.840883178710938e+02, 2.806899108886719e+02, 2.800343322753906e+02, 2.799909973144531e+02, 2.803182983398438e+02, 2.808734436035156e+02, 2.815606994628906e+02, 2.823192443847656e+02, 2.831108093261719e+02, 2.839154357910156e+02, 2.847275390625e+02, 2.855501403808594e+02, 2.863851013183594e+02, 2.872278747558594e+02, 2.880747985839844e+02, 2.889883117675781e+02, 2.896774597167969e+02, 2.901716613769531e+02, 2.906159362792969e+02, 2.910525207519531e+02, 2.914846496582031e+02, 2.919148559570312e+02, 2.923460998535156e+02, 2.927789306640625e+02, 2.932260437011719e+02, 2.936811828613281e+02, 2.941302795410156e+02, 2.945578308105469e+02, 2.949513244628906e+02, 2.953700561523438e+02, 2.957970275878906e+02, 2.962157897949219e+02, 2.966578063964844e+02, 2.971792907714844e+02, 2.974094848632812e+02, 2.974314575195312e+02, 2.973753967285156e+02, 2.973254699707031e+02, 2.973234252929688e+02, 2.974052124023438e+02, 2.974142150878906e+02, 2.973862609863281e+02, 2.97385986328125e+02, 2.973859558105469e+02, 2.973859558105469e+02, 2.973859558105469e+02, 2.973859558105469e+02, 2.973859558105469e+02, 2.973859558105469e+02, 2.973859558105469e+02, 2.973859252929688e+02, 2.973859252929688e+02, 2.973859252929688e+02, 2.973859252929688e+02, 2.973859252929688e+02, 2.973859252929688e+02, 2.973859252929688e+02, 2.973859252929688e+02, 2.973858947753906e+02, 2.973858947753906e+02, 2.973858947753906e+02, 2.973858947753906e+02, 2.973858947753906e+02, 2.973858947753906e+02, 2.973858947753906e+02, 2.973858947753906e+02, 2.973858947753906e+02, 2.973858642578125e+02, 2.973858642578125e+02, 2.973858642578125e+02, 2.973858642578125e+02, 2.973858642578125e+02, 2.973858642578125e+02, 2.973858642578125e+02, 2.973858642578125e+02, 2.973858337402344e+02, 2.973858337402344e+02, 2.974421997070312e+02, 2.972860107421875e+02, 2.972891845703125e+02, 2.972870483398438e+02, 2.972839965820312e+02, 2.972803955078125e+02, 2.972793273925781e+02, 2.972792663574219e+02, 2.972793579101562e+02, 2.972794189453125e+02, 2.972793273925781e+02, 2.972792663574219e+02, 2.97279296875e+02, 2.972794494628906e+02, 2.972798461914062e+02, 2.97280029296875e+02, 2.972799987792969e+02, 2.972796630859375e+02, 2.972783508300781e+02, 2.972775268554688e+02, 2.972776489257812e+02, 2.972785339355469e+02]
TCHWSupSet.y=[2.811499938964844e+02, 2.811499938964844e+02]
chiWSE.TCHWSupWSE=[2.931499938964844e+02, 2.931499938964844e+02, 2.767355651855469e+02, 2.775541687011719e+02, 2.769614562988281e+02, 2.769483642578125e+02, 2.77130615234375e+02, 2.774293212890625e+02, 2.777905883789062e+02, 2.781790161132812e+02, 2.785738830566406e+02, 2.789723205566406e+02, 2.793800964355469e+02, 2.798060913085938e+02, 2.802424621582031e+02, 2.806830749511719e+02, 2.811259460449219e+02, 2.819649047851562e+02, 2.811643981933594e+02, 2.81161865234375e+02, 2.811615295410156e+02, 2.811615600585938e+02, 2.811572570800781e+02, 2.811551513671875e+02, 2.811555480957031e+02, 2.811586303710938e+02, 2.811848449707031e+02, 2.812102966308594e+02, 2.812265930175781e+02, 2.812110900878906e+02, 2.811706237792969e+02, 2.811531066894531e+02, 2.811486511230469e+02, 2.811668395996094e+02, 2.812899475097656e+02, 2.815390625e+02, 2.817364196777344e+02, 2.819575805664062e+02, 2.822322082519531e+02, 2.825517578125e+02, 2.829067077636719e+02, 2.830627746582031e+02, 2.831230773925781e+02, 2.830798645019531e+02, 2.830393371582031e+02, 2.830374450683594e+02, 2.831178894042969e+02, 2.83265380859375e+02, 2.834320983886719e+02, 2.835917053222656e+02, 2.837170104980469e+02, 2.837916870117188e+02, 2.838315124511719e+02, 2.838550109863281e+02, 2.838805847167969e+02, 2.839369812011719e+02, 2.840281677246094e+02, 2.841028137207031e+02, 2.841146850585938e+02, 2.840488586425781e+02, 2.839895324707031e+02, 2.839450378417969e+02, 2.839121704101562e+02, 2.838892517089844e+02, 2.838795471191406e+02, 2.838720703125e+02, 2.838534851074219e+02, 2.838026123046875e+02, 2.835888366699219e+02, 2.832510375976562e+02, 2.829004821777344e+02, 2.826484069824219e+02, 2.825184631347656e+02, 2.824414672851562e+02, 2.82363525390625e+02, 2.822304992675781e+02, 2.820179138183594e+02, 2.817664184570312e+02, 2.815299682617188e+02, 2.816050415039062e+02, 2.813711547851562e+02, 2.813276672363281e+02, 2.812746887207031e+02, 2.812136840820312e+02, 2.811447448730469e+02, 2.81135009765625e+02, 2.811354675292969e+02, 2.811375732421875e+02, 2.811390380859375e+02, 2.811375122070312e+02, 2.811376037597656e+02, 2.811392517089844e+02, 2.811434020996094e+02, 2.811513977050781e+02, 2.811552124023438e+02, 2.81154541015625e+02, 2.811478576660156e+02, 2.811233215332031e+02, 2.811123046875e+02, 2.811185607910156e+02, 2.811375427246094e+02]
TAirSup.T=[2.931499938964844e+02, 2.935304260253906e+02, 2.823862609863281e+02, 2.798489074707031e+02, 2.791332397460938e+02, 2.7906298828125e+02, 2.793001098632812e+02, 2.797241821289062e+02, 2.802575378417969e+02, 2.808501892089844e+02, 2.814702758789062e+02, 2.82102294921875e+02, 2.827431640625e+02, 2.833968200683594e+02, 2.840650024414062e+02, 2.84743408203125e+02, 2.854290161132812e+02, 2.862567443847656e+02, 2.867631225585938e+02, 2.869548950195312e+02, 2.870911865234375e+02, 2.872107543945312e+02, 2.873164672851562e+02, 2.874146118164062e+02, 2.875090942382812e+02, 2.876023559570312e+02, 2.877029724121094e+02, 2.878079223632812e+02, 2.879132080078125e+02, 2.880108337402344e+02, 2.880953063964844e+02, 2.88208251953125e+02, 2.885449829101562e+02, 2.889812622070312e+02, 2.896051940917969e+02, 2.907320251464844e+02, 2.911499938964844e+02, 2.912422485351562e+02, 2.912225646972656e+02, 2.91213623046875e+02, 2.911499938964844e+02, 2.911499938964844e+02, 2.911537780761719e+02, 2.911499938964844e+02, 2.911499938964844e+02, 2.911499938964844e+02, 2.911499938964844e+02, 2.911499938964844e+02, 2.911499938964844e+02, 2.911499938964844e+02, 2.911499938964844e+02, 2.911499938964844e+02, 2.911499938964844e+02, 2.911499938964844e+02, 2.911499938964844e+02, 2.911499938964844e+02, 2.911499938964844e+02, 2.911499938964844e+02, 2.911499938964844e+02, 2.911499938964844e+02, 2.911499938964844e+02, 2.911499938964844e+02, 2.911499938964844e+02, 2.911499938964844e+02, 2.911499938964844e+02, 2.911499938964844e+02, 2.911499938964844e+02, 2.911499938964844e+02, 2.911499938964844e+02, 2.911499938964844e+02, 2.911499938964844e+02, 2.911499938964844e+02, 2.911499938964844e+02, 2.911499938964844e+02, 2.911499938964844e+02, 2.911499938964844e+02, 2.911499938964844e+02, 2.911499938964844e+02, 2.911499938964844e+02, 2.914312438964844e+02, 2.911499938964844e+02, 2.911499938964844e+02, 2.911499938964844e+02, 2.911499938964844e+02, 2.911499938964844e+02, 2.911499938964844e+02, 2.911499938964844e+02, 2.911499938964844e+02, 2.911499938964844e+02, 2.911499938964844e+02, 2.911499938964844e+02, 2.911499938964844e+02, 2.911499938964844e+02, 2.911499938964844e+02, 2.911499938964844e+02, 2.911499938964844e+02, 2.911499938964844e+02, 2.911499938964844e+02, 2.911499938964844e+02, 2.911499938964844e+02, 2.911499938964844e+02]
TAirSupSet.y=[2.911499938964844e+02, 2.911499938964844e+02]
chiWSE.chiPar.chi[1].P=[0e+00, 0e+00, 2.343787054996938e-04, 0e+00, 0e+00, 0e+00, 0e+00, 0e+00, 0e+00, 0e+00, 0e+00, 0e+00, 0e+00, 0e+00, 0e+00, 0e+00, 0e+00, 0e+00, 0e+00, 0e+00, 0e+00, 0e+00, 0e+00, 0e+00, 0e+00, 0e+00, 0e+00, 0e+00, 0e+00, 0e+00, 0e+00, 0e+00, 0e+00, 0e+00, 0e+00, 0e+00, 0e+00, 0e+00, 0e+00, 0e+00, 9.4133310546875e+03, 9.9733427734375e+03, 1.02343779296875e+04, 1.007874609375e+04, 9.9181787109375e+03, 9.912048828125e+03, 1.02338271484375e+04, 1.082450390625e+04, 1.14969267578125e+04, 1.21454736328125e+04, 1.2657359375e+04, 1.29636630859375e+04, 1.31273525390625e+04, 1.32242548828125e+04, 1.333026171875e+04, 1.35650361328125e+04, 1.394437890625e+04, 1.4255072265625e+04, 1.43028193359375e+04, 1.4027205078125e+04, 1.37805283203125e+04, 1.3595873046875e+04, 1.3459857421875e+04, 1.336520703125e+04, 1.33251845703125e+04, 1.32941416015625e+04, 1.32168828125e+04, 1.300509765625e+04, 1.212425878906249e+04, 1.075595019531251e+04, 9.363435546875011e+03, 8.38127734375e+03, 7.88077392578125e+03, 7.58563525390625e+03, 7.28726416015625e+03, 6.78088623046875e+03, 5.78031005859375e+03, 4.04677392578125e+03, 2.460867431640625e+03, 0e+00, 0e+00, 0e+00, 0e+00, 0e+00, 0e+00, 0e+00, 0e+00, 0e+00, 0e+00, 0e+00, 0e+00, 0e+00, 0e+00, 0e+00, 0e+00, 0e+00, 0e+00, 0e+00, 0e+00, 0e+00, 0e+00]
chiWSE.chiPar.chi[2].P=[0e+00, 0e+00, 0e+00, 0e+00, 0e+00, 0e+00, 0e+00, 0e+00, 0e+00, 0e+00, 0e+00, 0e+00, 0e+00, 0e+00, 0e+00, 0e+00, 0e+00, 0e+00, 0e+00, 0e+00, 0e+00, 0e+00, 0e+00, 0e+00, 0e+00, 0e+00, 0e+00, 0e+00, 0e+00, 0e+00, 0e+00, 0e+00, 0e+00, 0e+00, 0e+00, 0e+00, 0e+00, 0e+00, 0e+00, 0e+00, 0e+00, 0e+00, 0e+00, 0e+00, 0e+00, 0e+00, 0e+00, 0e+00, 0e+00, 0e+00, 0e+00, 0e+00, 0e+00, 0e+00, 0e+00, 0e+00, 0e+00, 0e+00, 0e+00, 0e+00, 0e+00, 0e+00, 0e+00, 0e+00, 0e+00, 0e+00, 0e+00, 0e+00, 0e+00, 0e+00, 0e+00, 0e+00, 0e+00, 0e+00, 0e+00, 0e+00, 0e+00, 0e+00, 0e+00, 0e+00, 0e+00, 0e+00, 0e+00, 0e+00, 0e+00, 0e+00, 0e+00, 0e+00, 0e+00, 0e+00, 0e+00, 0e+00, 0e+00, 0e+00, 0e+00, 0e+00, 0e+00, 0e+00, 0e+00, 0e+00, 0e+00]
chiWSE.chiPar.chi[1].COP=[0e+00, 0e+00, 8.182235360145569e-01, 0e+00, 0e+00, 0e+00, 0e+00, 0e+00, 0e+00, 0e+00, 0e+00, 0e+00, 0e+00, 0e+00, 0e+00, 0e+00, 0e+00, 0e+00, 0e+00, 0e+00, 0e+00, 0e+00, 0e+00, 0e+00, 0e+00, 0e+00, 0e+00, 0e+00, 0e+00, 0e+00, 0e+00, 0e+00, 0e+00, 0e+00, 0e+00, 0e+00, 0e+00, 0e+00, 0e+00, 0e+00, 5.677456855773926e+00, 5.830427169799805e+00, 5.955662250518799e+00, 5.914511203765869e+00, 5.884181022644043e+00, 5.882825374603271e+00, 5.941893100738525e+00, 6.038979530334473e+00, 6.133764266967773e+00, 6.211958885192871e+00, 6.265956401824951e+00, 6.295412063598633e+00, 6.310340404510498e+00, 6.318905830383301e+00, 6.32802677154541e+00, 6.347427368164062e+00, 6.376846790313721e+00, 6.399260997772217e+00, 6.402716636657715e+00, 6.383252620697021e+00, 6.364707469940186e+00, 6.350144863128662e+00, 6.339028358459473e+00, 6.331079959869385e+00, 6.327659606933594e+00, 6.325008869171143e+00, 6.318346500396729e+00, 6.299561500549316e+00, 6.210545539855956e+00, 6.029712200164797e+00, 5.770508289337161e+00, 5.520076751708984e+00, 5.362715244293213e+00, 5.25827693939209e+00, 5.142674446105957e+00, 4.919131278991699e+00, 4.633121013641357e+00, 4.697615623474121e+00, 4.759590625762939e+00, 0e+00, 0e+00, 0e+00, 0e+00, 0e+00, 0e+00, 0e+00, 0e+00, 0e+00, 0e+00, 0e+00, 0e+00, 0e+00, 0e+00, 0e+00, 0e+00, 0e+00, 0e+00, 0e+00, 0e+00, 0e+00, 0e+00]
chiWSE.chiPar.chi[2].COP=[0e+00, 0e+00, 0e+00, 0e+00, 0e+00, 0e+00, 0e+00, 0e+00, 0e+00, 0e+00, 0e+00, 0e+00, 0e+00, 0e+00, 0e+00, 0e+00, 0e+00, 0e+00, 0e+00, 0e+00, 0e+00, 0e+00, 0e+00, 0e+00, 0e+00, 0e+00, 0e+00, 0e+00, 0e+00, 0e+00, 0e+00, 0e+00, 0e+00, 0e+00, 0e+00, 0e+00, 0e+00, 0e+00, 0e+00, 0e+00, 0e+00, 0e+00, 0e+00, 0e+00, 0e+00, 0e+00, 0e+00, 0e+00, 0e+00, 0e+00, 0e+00, 0e+00, 0e+00, 0e+00, 0e+00, 0e+00, 0e+00, 0e+00, 0e+00, 0e+00, 0e+00, 0e+00, 0e+00, 0e+00, 0e+00, 0e+00, 0e+00, 0e+00, 0e+00, 0e+00, 0e+00, 0e+00, 0e+00, 0e+00, 0e+00, 0e+00, 0e+00, 0e+00, 0e+00, 0e+00, 0e+00, 0e+00, 0e+00, 0e+00, 0e+00, 0e+00, 0e+00, 0e+00, 0e+00, 0e+00, 0e+00, 0e+00, 0e+00, 0e+00, 0e+00, 0e+00, 0e+00, 0e+00, 0e+00, 0e+00, 0e+00]
chiWSE.chiPar.chi[1].QEva_flow=[0e+00, 0e+00, -1.055000000633299e-03, 0e+00, 0e+00, 0e+00, 0e+00, 0e+00, 0e+00, 0e+00, 0e+00, 0e+00, 0e+00, 0e+00, 0e+00, 0e+00, 0e+00, 0e+00, 0e+00, 0e+00, 0e+00, 0e+00, 0e+00, 0e+00, 0e+00, 0e+00, 0e+00, 0e+00, 0e+00, 0e+00, 0e+00, 0e+00, 0e+00, 0e+00, 0e+00, 0e+00, 0e+00, 0e+00, 0e+00, 0e+00, -5.34437890625e+04, -5.8148859375e+04, -6.095250390625e+04, -5.96108671875e+04, -5.836036328125e+04, -5.8310859375e+04, -6.080831640625e+04, -6.53689609375e+04, -7.05194453125e+04, -7.54471953125e+04, -7.931046875e+04, -8.1611609375e+04, -8.28380703125e+04, -8.3562828125e+04, -8.43542578125e+04, -8.610309375000003e+04, -8.892117968750003e+04, -9.122193749999999e+04, -9.157690625e+04, -8.9539203125e+04, -8.77090390625e+04, -8.63357734375e+04, -8.5322421875e+04, -8.4616203125e+04, -8.43172421875e+04, -8.40855703125e+04, -8.35088515625e+04, -8.1926421875e+04, -7.529826562499993e+04, -6.485528515625009e+04, -5.403178906250009e+04, -4.62653046875e+04, -4.22623515625e+04, -3.988737890625e+04, -3.747603125e+04, -3.335607421875e+04, -2.67808828125e+04, -1.9010193359375e+04, -1.17127265625e+04, 0e+00, 0e+00, 0e+00, 0e+00, 0e+00, 0e+00, 0e+00, 0e+00, 0e+00, 0e+00, 0e+00, 0e+00, 0e+00, 0e+00, 0e+00, 0e+00, 0e+00, 0e+00, 0e+00, 0e+00, 0e+00, 0e+00]
chiWSE.chiPar.chi[2].QEva_flow=[0e+00, 0e+00, 0e+00, 0e+00, 0e+00, 0e+00, 0e+00, 0e+00, 0e+00, 0e+00, 0e+00, 0e+00, 0e+00, 0e+00, 0e+00, 0e+00, 0e+00, 0e+00, 0e+00, 0e+00, 0e+00, 0e+00, 0e+00, 0e+00, 0e+00, 0e+00, 0e+00, 0e+00, 0e+00, 0e+00, 0e+00, 0e+00, 0e+00, 0e+00, 0e+00, 0e+00, 0e+00, 0e+00, 0e+00, 0e+00, 0e+00, 0e+00, 0e+00, 0e+00, 0e+00, 0e+00, 0e+00, 0e+00, 0e+00, 0e+00, 0e+00, 0e+00, 0e+00, 0e+00, 0e+00, 0e+00, 0e+00, 0e+00, 0e+00, 0e+00, 0e+00, 0e+00, 0e+00, 0e+00, 0e+00, 0e+00, 0e+00, 0e+00, 0e+00, 0e+00, 0e+00, 0e+00, 0e+00, 0e+00, 0e+00, 0e+00, 0e+00, 0e+00, 0e+00, 0e+00, 0e+00, 0e+00, 0e+00, 0e+00, 0e+00, 0e+00, 0e+00, 0e+00, 0e+00, 0e+00, 0e+00, 0e+00, 0e+00, 0e+00, 0e+00, 0e+00, 0e+00, 0e+00, 0e+00, 0e+00, 0e+00]
chiWSE.wse.heaExc.hex.Q2_flow=[-0e+00, -0e+00, -2.0485034375e+05, -8.761496875e+04, -8.5731828125e+04, -8.49267734375e+04, -8.90006484375e+04, -9.617350000000001e+04, -1.052810703125e+05, -1.156168125e+05, -1.26690921875e+05, -1.38026625e+05, -1.49309625e+05, -1.6037790625e+05, -1.7150334375e+05, -1.827268125e+05, -1.94003203125e+05, -1.974894843750004e+05, -2.37681234375e+05, -2.515273125e+05, -2.63931375e+05, -2.76115625e+05, -2.88293875e+05, -3.003588125e+05, -3.1238265625e+05, -3.243755e+05, -3.361213125e+05, -3.48114125e+05, -3.601940312500001e+05, -3.7256128125e+05, -3.846663125e+05, -3.968549375e+05, -4.088785625e+05, -4.2005615625e+05, -4.289357500000001e+05, -4.365382812499999e+05, -4.3747675e+05, -4.4499303125e+05, -4.556141875e+05, -4.6784e+05, -4.381690625e+05, -4.3589940625e+05, -4.4147421875e+05, -4.4192459375e+05, -4.4316671875e+05, -4.4321328125e+05, -4.4071215625e+05, -4.361501875e+05, -4.3099934375e+05, -4.260721875e+05, -4.222105e+05, -4.1991084375e+05, -4.1868515625e+05, -4.1796053125e+05, -4.171685625e+05, -4.1541784375e+05, -4.125993125e+05, -4.1029990625e+05, -4.099478125e+05, -4.11986625e+05, -4.1381609375e+05, -4.1518878125e+05, -4.1620165625e+05, -4.169073125e+05, -4.1720584375e+05, -4.174375625e+05, -4.180148125e+05, -4.1960028125e+05, -4.262347187500001e+05, -4.366800624999999e+05, -4.475019374999999e+05, -4.5526321875e+05, -4.5926315625e+05, -4.61637125e+05, -4.64049375e+05, -4.681721875e+05, -4.747495e+05, -4.825205625e+05, -4.8981628125e+05, -5.0839128125e+05, -5.16329625e+05, -5.178440625e+05, -5.1949396875e+05, -5.21375625e+05, -5.2349128125e+05, -5.2376525e+05, -5.2374971875e+05, -5.2368265625e+05, -5.236390625e+05, -5.236845e+05, -5.2367946875e+05, -5.2362775e+05, -5.2349553125e+05, -5.23250125e+05, -5.231334375e+05, -5.2315415625e+05, -5.2336353125e+05, -5.2411690625e+05, -5.24445e+05, -5.242435625e+05, -5.2365415625e+05]
ahu.cooCoi.Q2_flow=[-0e+00, -0e+00, -1.673859375e+05, -7.77147890625e+04, -8.415590625e+04, -8.57970078125e+04, -9.1431828125e+04, -9.953330468750001e+04, -1.091625625e+05, -1.19762671875e+05, -1.309463125e+05, -1.42330015625e+05, -1.5366009375e+05, -1.64802578125e+05, -1.7598534375e+05, -1.8724203125e+05, -1.9853625e+05, -2.030450937500003e+05, -2.40590640625e+05, -2.5393834375e+05, -2.6623125e+05, -2.784120625e+05, -2.905618125e+05, -3.0263009375e+05, -3.1466215625e+05, -3.2666578125e+05, -3.385306875e+05, -3.5051215625e+05, -3.625308437500001e+05, -3.7470765625e+05, -3.867395625e+05, -3.9942525e+05, -4.1106925e+05, -4.2229140625e+05, -4.315855312500001e+05, -4.394396562499999e+05, -4.3742275e+05, -4.4472621875e+05, -4.5555225e+05, -4.67670375e+05, -4.9346740625e+05, -4.94228e+05, -5.01776125e+05, -5.015146875e+05, -5.015121875e+05, -5.01512e+05, -5.0151215625e+05, -5.015123125e+05, -5.0151246875e+05, -5.01512625e+05, -5.0151278125e+05, -5.0151290625e+05, -5.0151303125e+05, -5.0151315625e+05, -5.0151328125e+05, -5.01513375e+05, -5.0151346875e+05, -5.015135625e+05, -5.0151365625e+05, -5.0151371875e+05, -5.0151378125e+05, -5.0151384375e+05, -5.0151390625e+05, -5.0151396875e+05, -5.01514e+05, -5.0151403125e+05, -5.015140625e+05, -5.0151409375e+05, -5.01514125e+05, -5.0151415625e+05, -5.0151415625e+05, -5.0151415625e+05, -5.015141875e+05, -5.015141875e+05, -5.015141875e+05, -5.0151415625e+05, -5.0151415625e+05, -5.0151415625e+05, -5.01514125e+05, -5.0906765625e+05, -5.1637071875e+05, -5.1783209375e+05, -5.194714375e+05, -5.2134915625e+05, -5.2346675e+05, -5.2376234375e+05, -5.23748e+05, -5.236815625e+05, -5.2363653125e+05, -5.2368215625e+05, -5.236778125e+05, -5.2362671875e+05, -5.2349675e+05, -5.2325090625e+05, -5.2313259375e+05, -5.231515e+05, -5.2335615625e+05, -5.24106625e+05, -5.244415625e+05, -5.2424665625e+05, -5.2366171875e+05]
>>>>>>> master
