<<<<<<< HEAD
last-generated=2022-10-03
=======
last-generated=2024-09-19
>>>>>>> master
statistics-simulation=
{
  "linear": " ",
  "nonlinear": "1",
  "number of continuous time states": "6",
  "numerical Jacobians": "0"
}
time=[1.5552e+07, 1.5984e+07]
tow.TAir=[2.875499877929688e+02, 2.875499877929688e+02, 2.873420104980469e+02, 2.873196105957031e+02, 2.880299987792969e+02, 2.8875e+02, 2.928650512695312e+02, 2.939146423339844e+02, 2.951740112304688e+02, 2.976863708496094e+02, 3.009500122070312e+02, 3.058851318359375e+02, 3.048478393554688e+02, 3.021447448730469e+02, 2.995183715820312e+02, 2.9875e+02, 2.975149230957031e+02, 2.92087890625e+02, 2.908569946289062e+02, 2.895588073730469e+02, 2.883500061035156e+02, 2.871499938964844e+02, 2.859238586425781e+02, 2.845185241699219e+02, 2.847707214355469e+02, 2.8575e+02, 2.867289123535156e+02, 2.887908325195312e+02, 2.908976745605469e+02, 2.913082275390625e+02, 2.911499938964844e+02, 2.909500122070312e+02, 2.909500122070312e+02, 2.910436096191406e+02, 2.899307861328125e+02, 2.883500061035156e+02, 2.868519287109375e+02, 2.865304870605469e+02, 2.860600891113281e+02, 2.859500122070312e+02, 2.859500122070312e+02, 2.859356079101562e+02, 2.856700134277344e+02, 2.854299926757812e+02, 2.858696899414062e+02, 2.868500061035156e+02, 2.878500061035156e+02, 2.896499938964844e+02, 2.914500122070312e+02, 2.924169311523438e+02, 2.9275e+02, 2.930833435058594e+02, 2.921298217773438e+02, 2.913081665039062e+02, 2.899100036621094e+02, 2.883500061035156e+02, 2.868519287109375e+02, 2.865304870605469e+02, 2.860600891113281e+02, 2.859500122070312e+02, 2.859500122070312e+02, 2.859665222167969e+02, 2.861915893554688e+02, 2.863923950195312e+02, 2.864500122070312e+02, 2.864500122070312e+02, 2.864959411621094e+02, 2.872424621582031e+02, 2.879100036621094e+02, 2.886300048828125e+02, 2.8925e+02, 2.898099975585938e+02, 2.895700073242188e+02, 2.893299865722656e+02, 2.887166748046875e+02, 2.8775e+02, 2.869483947753906e+02, 2.865296020507812e+02, 2.860875854492188e+02, 2.857900085449219e+02, 2.855499877929688e+02, 2.853644104003906e+02, 2.856300048828125e+02, 2.858699951171875e+02, 2.862721252441406e+02, 2.866499938964844e+02, 2.873099975585938e+02, 2.888699951171875e+02, 2.904299926757812e+02, 2.915182189941406e+02, 2.924500122070312e+02, 2.931374816894531e+02, 2.926300048828125e+02, 2.923192138671875e+02, 2.911700134277344e+02, 2.898500061035156e+02, 2.8875e+02, 2.8875e+02, 2.8875e+02, 2.880703125e+02, 2.868500061035156e+02]
<<<<<<< HEAD
tow.vol.heatPort.Q_flow=[-0e+00, -1.28959453125e+04, 4.473837179830298e-06, -1.37318857421875e+04, 1.697068263695201e-08, -8.019630859375e+03, -3.994870849609375e+03, -4.95060009765625e+03, -4.34056396484375e+03, -3.940987548828125e+03, -3.50758544921875e+03, -3.23975634765625e+03, -6.6540478515625e+03, -6.29923046875e+03, -6.631283203125e+03, -5.55223828125e+03, -6.4994638671875e+03, -6.45831591796875e+03, -5.856607421875e+03, -5.9183515625e+03, -9.0784970703125e+03, -1.378130859375e+04, -1.34819150390625e+04, 1.667383342507378e-09, 8.170160725740061e-08, -1.434771484375e+04, 4.702456237737351e-07, -7.388408203125e+03, -4.33571337890625e+03, -5.43263330078125e+03, -5.32474853515625e+03, -5.29760791015625e+03, -5.2566513671875e+03, -5.17131787109375e+03, -6.0671875e+03, -4.334744369005605e-12, -1.463276134927582e-06, 2.000684951042331e-09, -1.42717119140625e+04, -7.169299351517111e-06, -1.598972265625e+04, -2.145313628716394e-04, -1.1593345703125e+04, 3.680072040879168e-06, -1.60177216796875e+04, -3.511478193104267e-03, -4.881363827735186e-03, -5.43526953125e+03, -4.375490234375e+03, -5.09946044921875e+03, -5.07766845703125e+03, -5.29715283203125e+03, -5.73352197265625e+03, -5.59976025390625e+03, -6.01805322265625e+03, 1.460439325029483e-09, -1.204092768603005e-06, 2.282324373936717e-08, -1.4154814453125e+04, 5.756214250141056e-06, -1.58514384765625e+04, 8.530382910976186e-05, 4.780559947903384e-07, -1.25730888671875e+04, -1.975453756131174e-07, 1.399454134798361e-07, -1.31911806640625e+04, -1.03203515625e+04, -9.796880859375e+03, 1.893718737377981e-09, 1.233911528508713e-09, -5.301380859375e+03, 1.795350840438914e-06, -8.1572392578125e+03, 8.237402426836127e-11, -9.5245654296875e+03, -1.10577021484375e+04, -1.666446951276157e-05, 2.936365035566268e-07, -2.461248168945312e+02, 2.501076235006394e-09, -6.249393336474895e-04, 2.001139254304007e-09, 8.433659095317125e-04, 3.827595378425031e-07, -1.3064939453125e+04, -1.0187765625e+04, -9.9325703125e+03, -5.0773076171875e+03, -4.89510498046875e+03, -4.78169677734375e+03, -5.13527880859375e+03, -5.45347216796875e+03, -5.39882861328125e+03, -5.89713671875e+03, -5.91215673828125e+03, -1.043115455123811e-10, -9.9913369140625e+03, -8.6254189453125e+03, -3.695758932735771e-04, -5.307620167732239e-01]
tow.m_flow=[0e+00, 5.000001192092896e-01, -2.222524803086046e-10, 5.00001072883606e-01, -9.829604578209805e-13, 5e-01, 5e-01, 5e-01, 5e-01, 5e-01, 5e-01, 5e-01, 5e-01, 5e-01, 5e-01, 5e-01, 5e-01, 5e-01, 5e-01, 5e-01, 5e-01, 5.000002384185791e-01, 5e-01, -5.23203103563151e-14, -2.651673151887746e-12, 5e-01, -2.073886722075979e-11, 5e-01, 5e-01, 5e-01, 5e-01, 5e-01, 5e-01, 5e-01, 5e-01, 2.718054877053961e-16, 6.600960056335481e-11, -8.511963513592805e-14, 5e-01, 2.766575579737918e-10, 4.999999403953552e-01, 8.260079731314818e-09, 3.31630527973175e-01, -1.31083616183858e-10, 5.000000596046448e-01, 1.583671576099732e-07, 2.709350894747331e-07, 5e-01, 5e-01, 5e-01, 5e-01, 5e-01, 5e-01, 5e-01, 5e-01, -9.157413461422306e-14, 5.431664840127581e-11, -9.710199224549632e-13, 5e-01, -2.221342693120576e-10, 5.000001192092896e-01, -3.300594686450609e-09, -1.919256420457316e-11, 5e-01, 8.287821817720697e-12, -5.871360689302385e-12, 5e-01, 5e-01, 5e-01, -1.281661273421983e-13, -1.011450444883197e-13, 5e-01, -1.651326297924527e-10, 5e-01, -5.711164963124798e-15, 5e-01, 5e-01, 7.089264175696997e-10, -1.158609926749099e-11, 9.26347728818655e-03, -9.069515158419833e-14, 2.204638782643542e-08, -7.345767874186726e-14, -3.213638777310734e-08, -1.557726864165332e-11, 5e-01, 5e-01, 5e-01, 5e-01, 5e-01, 5e-01, 5e-01, 5e-01, 5e-01, 5e-01, 5e-01, 7.304752844814778e-15, 4.999999701976776e-01, 5e-01, 2.160854251087585e-08, 2.393584691162687e-05]
onOffCon.u=[2.951499938964844e+02, 2.951499938964844e+02]
onOffCon.reference=[2.931499938964844e+02, 2.957077941894531e+02, 2.961126708984375e+02, 2.958765563964844e+02, 2.9586181640625e+02, 2.945791931152344e+02, 2.967723083496094e+02, 2.982782897949219e+02, 2.99246337890625e+02, 3.015679016113281e+02, 3.046245422363281e+02, 3.094317626953125e+02, 3.100249633789062e+02, 3.071524353027344e+02, 3.046846313476562e+02, 3.034009704589844e+02, 3.026182250976562e+02, 2.971715393066406e+02, 2.956532897949219e+02, 2.943845825195312e+02, 2.946848449707031e+02, 2.957305908203125e+02, 2.943615112304688e+02, 2.957864685058594e+02, 2.950777893066406e+02, 2.9460107421875e+02, 2.950436706542969e+02, 2.94318603515625e+02, 2.949676818847656e+02, 2.959020690917969e+02, 2.956923217773438e+02, 2.954793701171875e+02, 2.954598083496094e+02, 2.955126647949219e+02, 2.948276672363281e+02, 2.95509765625e+02, 2.949929809570312e+02, 2.957721862792969e+02, 2.948748474121094e+02, 2.950396423339844e+02, 2.955851745605469e+02, 2.946788940429688e+02, 2.961487731933594e+02, 2.947415771484375e+02, 2.955182189941406e+02, 2.942938537597656e+02, 2.942960815429688e+02, 2.942450866699219e+02, 2.955390014648438e+02, 2.968516540527344e+02, 2.9717431640625e+02, 2.976124877929688e+02, 2.968673706054688e+02, 2.959818115234375e+02, 2.947834167480469e+02, 2.955556335449219e+02, 2.950281372070312e+02, 2.958063659667969e+02, 2.948190307617188e+02, 2.950721435546875e+02, 2.955191345214844e+02, 2.947102661132812e+02, 2.960086975097656e+02, 2.943960266113281e+02, 2.949303283691406e+02, 2.959365844726562e+02, 2.947947387695312e+02, 2.941703186035156e+02, 2.94587890625e+02, 2.956936645507812e+02, 2.956180725097656e+02, 2.943411560058594e+02, 2.947674560546875e+02, 2.952249145507812e+02, 2.95873291015625e+02, 2.942978820800781e+02, 2.942283935546875e+02, 2.94804931640625e+02, 2.958959350585938e+02, 2.94158935546875e+02, 2.957426452636719e+02, 2.944148254394531e+02, 2.961052551269531e+02, 2.945274353027344e+02, 2.958776550292969e+02, 2.948884887695312e+02, 2.94174560546875e+02, 2.956126708984375e+02, 2.948541564941406e+02, 2.958553771972656e+02, 2.967330017089844e+02, 2.975892944335938e+02, 2.972337951660156e+02, 2.968969116210938e+02, 2.959856567382812e+02, 2.946728210449219e+02, 2.959483032226562e+02, 2.95520751953125e+02, 2.948684997558594e+02, 2.943242492675781e+02, 2.942314758300781e+02]
=======
tow.vol.heatPort.Q_flow=[-0e+00, -1.33839345703125e+04, -4.413554507174688e-18, -1.256614983510124e-13, -8.104509839258162e-17, -9.543900390625e+03, -3.8105634765625e+03, -4.9483466796875e+03, -4.340544921875e+03, -3.940931640625e+03, -3.5075380859375e+03, -3.239693603515625e+03, -6.6540185546875e+03, -6.2991376953125e+03, -6.63132958984375e+03, -5.5522138671875e+03, -6.499591796875e+03, -6.45817138671875e+03, -5.8565771484375e+03, -5.9183515625e+03, -9.2257119140625e+03, -1.17110087890625e+04, -1.493943359375e+04, 1.294120019479372e-11, -3.886365966796875e+03, -8.402128948025889e-19, -1.33371279296875e+04, -2.009743347167969e+02, -4.21429931640625e+03, -5.43100634765625e+03, -5.32459765625e+03, -5.29770849609375e+03, -5.2567841796875e+03, -5.1711640625e+03, -6.06703857421875e+03, 1.68520609928691e-14, -2.230120775548183e-11, 5.905905460995087e-15, -1.57274833984375e+04, 9.481521487941791e-07, 2.704912102086127e-16, -1.57796328125e+04, 5.752942610140477e-13, -6.33731077597649e-14, 1.161142189343156e-11, -6.020875360508281e-16, -3.298161982238923e-14, 8.057583022840192e-16, -4.44643603515625e+03, -5.10039794921875e+03, -5.0776728515625e+03, -5.29714453125e+03, -5.73348095703125e+03, -5.59966552734375e+03, -6.017923828125e+03, -5.188131329678569e-16, -1.771487551918347e-13, -1.562247239125097e-15, -1.67194609375e+04, 4.914572304670628e-09, 3.60745720642331e-16, -1.558290234375e+04, 4.28640716670925e-12, 7.114683056022239e-14, -1.175269013985419e-15, -1.33553388671875e+04, 3.395466546818326e-11, 1.353678047476617e-13, -8.9736826171875e+03, -4.81784035504896e-17, -1.452930861018352e-14, -5.28929150390625e+03, -1.274380340837711e-12, -8.2757158203125e+03, -6.177895598574262e-18, -9.9573359375e+03, -1.20545478515625e+04, -1.790490932762623e-05, 4.687284157274714e-14, -1.7102908203125e+04, 2.39667964294088e-12, 3.841855606145081e-19, -6.51726719466672e-12, -1.075366096833315e-16, -1.418128515625e+04, 1.7557597598028e-09, -2.088089697351893e-14, -9.0573427734375e+03, -4.92828076171875e+03, -4.8930380859375e+03, -4.7816513671875e+03, -5.1353447265625e+03, -5.45349072265625e+03, -5.39907666015625e+03, -5.89722412109375e+03, -5.9122763671875e+03, -4.116795852359653e-16, -1.04400673828125e+04, -9.123380859375e+03, -8.7696953125e+03, -1.200655078125e+04]
tow.m_flow=[0e+00, 5e-01, 2.197251261111321e-22, 6.231764908786166e-18, 4.701721662835902e-21, 5e-01, 5e-01, 5e-01, 5e-01, 5e-01, 5e-01, 5e-01, 5e-01, 5e-01, 5e-01, 5e-01, 5e-01, 5e-01, 5e-01, 5e-01, 5e-01, 3.998523354530334e-01, 5e-01, -4.077888717416507e-16, 1.266810745000839e-01, 3.154177656903349e-23, 5e-01, 1.417332235723734e-02, 5e-01, 5e-01, 5e-01, 5e-01, 5e-01, 5e-01, 5e-01, -1.057785746033317e-18, 1.008908249133767e-15, -2.520773980136707e-19, 4.661747515201569e-01, -3.671960305262623e-11, -1.047545970601772e-20, 5e-01, -2.132410904104744e-17, 2.265783975788661e-18, -4.439998743439069e-16, 2.724132262453292e-20, 1.835168844939734e-18, -7.642630579637423e-20, 5e-01, 5e-01, 5e-01, 5e-01, 5e-01, 5e-01, 5e-01, 3.256454975256416e-20, 8.01415590833226e-18, 6.667984989616358e-20, 5e-01, -1.903293467926323e-13, -1.397079458709794e-20, 5e-01, -1.726710411946883e-16, -2.96521688249053e-18, 4.946734256640599e-20, 5e-01, -1.440707328556525e-15, -6.607486886620002e-18, 5e-01, 3.264885714766243e-21, 1.190893685651396e-18, 5e-01, 1.170530579329581e-16, 5e-01, 4.285214615937537e-22, 5e-01, 5e-01, 7.641812183045715e-10, -1.855861801938513e-18, 5e-01, -8.723892755770518e-17, -1.360591632812285e-23, 2.401218762062142e-16, 4.112388595928115e-21, 5e-01, -7.656077377973802e-14, 1.033421761476027e-18, 5e-01, 5e-01, 5e-01, 5e-01, 5e-01, 5e-01, 5e-01, 5e-01, 5e-01, 2.885043771636718e-20, 5e-01, 5e-01, 5e-01, 5e-01]
onOffCon.u=[2.951499938964844e+02, 2.951499938964844e+02]
onOffCon.reference=[2.931499938964844e+02, 2.959408264160156e+02, 2.958027648925781e+02, 2.958424682617188e+02, 2.950972290039062e+02, 2.953070983886719e+02, 2.966842956542969e+02, 2.982771911621094e+02, 2.992463073730469e+02, 3.0156787109375e+02, 3.0462451171875e+02, 3.094317626953125e+02, 3.100249633789062e+02, 3.071523742675781e+02, 3.046846618652344e+02, 3.034009399414062e+02, 3.026182861328125e+02, 2.971714782714844e+02, 2.956532897949219e+02, 2.943845825195312e+02, 2.947551574707031e+02, 2.961449279785156e+02, 2.950574951171875e+02, 2.951386108398438e+02, 2.941026916503906e+02, 2.956768493652344e+02, 2.950973815917969e+02, 2.961520690917969e+02, 2.949096984863281e+02, 2.959013061523438e+02, 2.956922607421875e+02, 2.954794006347656e+02, 2.954598693847656e+02, 2.955125732421875e+02, 2.948276062011719e+02, 2.954397888183594e+02, 2.947637939453125e+02, 2.953490295410156e+02, 2.96115966796875e+02, 2.941500244140625e+02, 2.953365173339844e+02, 2.95470458984375e+02, 2.945920715332031e+02, 2.960218505859375e+02, 2.943421325683594e+02, 2.951880187988281e+02, 2.951243286132812e+02, 2.954527893066406e+02, 2.955728759765625e+02, 2.968521118164062e+02, 2.9717431640625e+02, 2.976124877929688e+02, 2.968673400878906e+02, 2.959817810058594e+02, 2.947833557128906e+02, 2.954859008789062e+02, 2.947994689941406e+02, 2.953837585449219e+02, 2.960437927246094e+02, 2.941831665039062e+02, 2.953696594238281e+02, 2.954074401855469e+02, 2.943816528320312e+02, 2.953352661132812e+02, 2.961438598632812e+02, 2.948271789550781e+02, 2.943783874511719e+02, 2.946903686523438e+02, 2.941947937011719e+02, 2.961167907714844e+02, 2.960602416992188e+02, 2.943353881835938e+02, 2.947525024414062e+02, 2.95281494140625e+02, 2.957328491210938e+02, 2.945045166015625e+02, 2.947044067382812e+02, 2.941865844726562e+02, 2.950927429199219e+02, 2.95956787109375e+02, 2.944702453613281e+02, 2.959761962890625e+02, 2.943016662597656e+02, 2.956185302734375e+02, 2.950437316894531e+02, 2.942166442871094e+02, 2.946002197265625e+02, 2.951947326660156e+02, 2.947829895019531e+02, 2.958544006347656e+02, 2.967329711914062e+02, 2.9758935546875e+02, 2.972337951660156e+02, 2.968970031738281e+02, 2.959857177734375e+02, 2.946728820800781e+02, 2.958735046386719e+02, 2.957350463867188e+02, 2.951062927246094e+02, 2.942577209472656e+02, 2.945830993652344e+02]
>>>>>>> master
