<<<<<<< HEAD
last-generated=2022-08-05
statistics-initialization=
{
  "nonlinear": "5, 11, 0",
=======
last-generated=2024-09-13
statistics-initialization=
{
  "nonlinear": "5, 10, 0, 0",
>>>>>>> master
  "numerical Jacobians": "0"
}
statistics-simulation=
{
  "linear": "0, 0, 0, 0, 0, 0, 0",
  "nonlinear": "10, 0",
<<<<<<< HEAD
  "number of continuous time states": "29",
=======
  "number of continuous time states": "25",
>>>>>>> master
  "numerical Jacobians": "0"
}
time=[0e+00, 1.728e+05]
vol.T_start=[2.931499938964844e+02, 2.931499938964844e+02]
<<<<<<< HEAD
vol.T=[2.931499938964844e+02, 2.842713623046875e+02, 2.879122009277344e+02, 2.901104431152344e+02, 2.913943786621094e+02, 2.92142578125e+02, 2.925781555175781e+02, 2.928315734863281e+02, 2.929789733886719e+02, 2.93064697265625e+02, 2.931145324707031e+02, 2.931434936523438e+02, 2.931603393554688e+02, 2.931701354980469e+02, 2.931758422851562e+02, 2.931791381835938e+02, 2.931810913085938e+02, 2.933784790039062e+02, 2.937774047851562e+02, 2.926470031738281e+02, 2.9152099609375e+02, 2.936386413574219e+02, 2.935392150878906e+02, 2.923716735839844e+02, 2.914455261230469e+02, 2.941282958984375e+02, 2.932898864746094e+02, 2.920960693359375e+02, 2.91673583984375e+02, 2.941060791015625e+02, 2.930314025878906e+02, 2.918309631347656e+02, 2.9246435546875e+02, 2.938797607421875e+02, 2.927645568847656e+02, 2.915993041992188e+02, 2.933261413574219e+02, 2.936440124511719e+02, 2.900287780761719e+02, 2.912623901367188e+02, 2.920653381347656e+02, 2.925332336425781e+02, 2.928054809570312e+02, 2.929639282226562e+02, 2.930559692382812e+02, 2.931094360351562e+02, 2.931405639648438e+02, 2.931585693359375e+02, 2.931690368652344e+02, 2.931752319335938e+02, 2.931787719726562e+02, 2.931807861328125e+02, 2.931819763183594e+02, 2.931827087402344e+02, 2.931831665039062e+02, 2.931834106445312e+02, 2.931835327148438e+02, 2.931836242675781e+02, 2.931836853027344e+02, 2.931837463378906e+02, 2.931837463378906e+02, 2.931837768554688e+02, 2.931837768554688e+02, 2.931837768554688e+02, 2.931837463378906e+02, 2.931837463378906e+02, 2.931837463378906e+02, 2.933764343261719e+02, 2.937781982421875e+02, 2.926479492187499e+02, 2.915215148925781e+02, 2.936363830566406e+02, 2.935400390625e+02, 2.923726196289062e+02, 2.914454040527344e+02, 2.941273803710938e+02, 2.932907409667969e+02, 2.920970153808594e+02, 2.916719970703125e+02, 2.941068115234375e+02, 2.930322875976562e+02, 2.918318176269531e+02, 2.924612121582031e+02, 2.938805541992188e+02, 2.927654724121094e+02, 2.916000061035156e+02, 2.933235168457031e+02, 2.936448364257812e+02, 2.900296936035156e+02, 2.912629699707031e+02, 2.92065673828125e+02, 2.92533447265625e+02, 2.928056030273438e+02, 2.929639892578125e+02, 2.930559997558594e+02, 2.931094665527344e+02, 2.931405639648438e+02, 2.931585998535156e+02, 2.931690979003906e+02, 2.931752624511719e+02, 2.931788024902344e+02]
TOut.T=[2.631499938964844e+02, 2.631499938964844e+02]
boi.vol.T=[2.931499938964844e+02, 3.288079528808594e+02, 3.349053955078125e+02, 3.383933715820312e+02, 3.40423095703125e+02, 3.416038513183594e+02, 3.4229052734375e+02, 3.426898193359375e+02, 3.429219970703125e+02, 3.430569763183594e+02, 3.431354370117188e+02, 3.431810302734375e+02, 3.432075500488281e+02, 3.432229919433594e+02, 3.432319641113281e+02, 3.432371826171875e+02, 3.432402038574219e+02, 3.422166137695312e+02, 3.4069091796875e+02, 3.388327941894531e+02, 3.373388061523438e+02, 3.40253173828125e+02, 3.4029736328125e+02, 3.383740234375e+02, 3.381009826660156e+02, 3.40253173828125e+02, 3.398924560546875e+02, 3.379216003417969e+02, 3.401315307617187e+02, 3.412090454101562e+02, 3.394692077636719e+02, 3.375184936523438e+02, 3.40253173828125e+02, 3.408462524414062e+02, 3.390281372070312e+02, 3.372963256835938e+02, 3.40253173828125e+02, 3.404667358398438e+02, 3.379149475097656e+02, 3.402127990722656e+02, 3.414820251464844e+02, 3.422197570800781e+02, 3.426487426757812e+02, 3.428982849121094e+02, 3.43043212890625e+02, 3.4312744140625e+02, 3.431764221191406e+02, 3.432047729492188e+02, 3.432212524414062e+02, 3.432309875488281e+02, 3.432366027832031e+02, 3.4323974609375e+02, 3.432416076660156e+02, 3.432427673339844e+02, 3.432434692382812e+02, 3.432438659667969e+02, 3.432440795898438e+02, 3.432442321777344e+02, 3.432443237304688e+02, 3.43244384765625e+02, 3.432444152832031e+02, 3.432444458007812e+02, 3.432444458007812e+02, 3.432444458007812e+02, 3.432444152832031e+02, 3.432444152832031e+02, 3.432444152832031e+02, 3.4221923828125e+02, 3.406921691894532e+02, 3.388343505859374e+02, 3.373379821777345e+02, 3.40253173828125e+02, 3.402987060546875e+02, 3.383756103515625e+02, 3.380963439941406e+02, 3.40253173828125e+02, 3.398938598632812e+02, 3.379230651855469e+02, 3.401224060058594e+02, 3.412102355957031e+02, 3.394706726074219e+02, 3.375196838378906e+02, 3.40253173828125e+02, 3.408475036621094e+02, 3.390296630859375e+02, 3.372964477539062e+02, 3.40253173828125e+02, 3.404680480957031e+02, 3.379164733886719e+02, 3.402137145996094e+02, 3.414825439453125e+02, 3.422200622558594e+02, 3.426488952636719e+02, 3.428983764648438e+02, 3.430432739257812e+02, 3.431274719238281e+02, 3.431764221191406e+02, 3.432048034667969e+02, 3.432213745117188e+02, 3.432310180664062e+02, 3.432366333007812e+02]
temSup.T=[2.931499938964844e+02, 3.097030944824219e+02, 3.153901062011719e+02, 3.186727294921875e+02, 3.205830078125e+02, 3.216942138671875e+02, 3.223404235839844e+02, 3.227161865234375e+02, 3.229346923828125e+02, 3.230617065429688e+02, 3.231355590820312e+02, 3.23178466796875e+02, 3.232033996582031e+02, 3.232179260253906e+02, 3.232263793945312e+02, 3.232312927246094e+02, 3.23234130859375e+02, 3.233382873535156e+02, 3.211877136230469e+02, 3.194356079101562e+02, 3.171083374023438e+02, 3.217798156738281e+02, 3.208199462890625e+02, 3.189855651855469e+02, 3.164513854980469e+02, 3.217796325683594e+02, 3.204394226074219e+02, 3.185104064941406e+02, 3.167005004882812e+02, 3.216766967773438e+02, 3.200408630371094e+02, 3.180025329589844e+02, 3.217812194824219e+02, 3.213357238769531e+02, 3.196227722167969e+02, 3.17410888671875e+02, 3.217788391113281e+02, 3.209790954589844e+02, 3.182637939453125e+02, 3.203854370117188e+02, 3.215795593261719e+02, 3.222738342285156e+02, 3.226775207519531e+02, 3.22912353515625e+02, 3.230487670898438e+02, 3.231279907226562e+02, 3.231741027832031e+02, 3.232008056640625e+02, 3.2321630859375e+02, 3.232254638671875e+02, 3.232307434082031e+02, 3.232337036132812e+02, 3.232354736328125e+02, 3.23236572265625e+02, 3.232372131347656e+02, 3.232375793457031e+02, 3.2323779296875e+02, 3.232379150390625e+02, 3.232380065917969e+02, 3.232380676269531e+02, 3.232380981445312e+02, 3.232381286621094e+02, 3.232381286621094e+02, 3.232381286621094e+02, 3.232380981445312e+02, 3.232380981445312e+02, 3.232380981445312e+02, 3.233405151367188e+02, 3.211889343261719e+02, 3.194370422363281e+02, 3.171108093261719e+02, 3.217798156738281e+02, 3.208211975097656e+02, 3.189871215820312e+02, 3.164527893066406e+02, 3.217796325683594e+02, 3.204407348632812e+02, 3.185120544433594e+02, 3.166978149414062e+02, 3.216778259277344e+02, 3.20042236328125e+02, 3.180043334960938e+02, 3.217812194824219e+02, 3.213368835449219e+02, 3.196242370605469e+02, 3.174131164550781e+02, 3.2177880859375e+02, 3.209803161621094e+02, 3.182653198242188e+02, 3.203863220214844e+02, 3.215800476074219e+02, 3.222741088867188e+02, 3.226777038574219e+02, 3.229124450683594e+02, 3.23048828125e+02, 3.231280517578125e+02, 3.231741333007812e+02, 3.232008361816406e+02, 3.232164001464844e+02, 3.232254943847656e+02, 3.232307739257812e+02]
temRet.T=[2.931499938964844e+02, 3.191031799316406e+02, 3.250482788085938e+02, 3.284605102539062e+02, 3.304461669921875e+02, 3.316012573242188e+02, 3.322730102539062e+02, 3.326636352539062e+02, 3.328907470703125e+02, 3.330227966308594e+02, 3.330995788574219e+02, 3.331441650390625e+02, 3.331701049804688e+02, 3.331852111816406e+02, 3.331940002441406e+02, 3.331990966796875e+02, 3.332020568847656e+02, 3.332367553710938e+02, 3.308382263183594e+02, 3.290187683105469e+02, 3.271739807128906e+02, 3.3142236328125e+02, 3.304542236328125e+02, 3.285623168945312e+02, 3.273847045898438e+02, 3.314208679199219e+02, 3.300583190917969e+02, 3.280993957519531e+02, 3.287611694335937e+02, 3.313456420898438e+02, 3.296441040039062e+02, 3.276514587402344e+02, 3.314255676269531e+02, 3.309909057617188e+02, 3.292112731933594e+02, 3.272733459472657e+02, 3.314234313964844e+02, 3.306198425292969e+02, 3.280077819824219e+02, 3.302405700683594e+02, 3.314820861816406e+02, 3.322037963867188e+02, 3.326234436035156e+02, 3.328675537109375e+02, 3.330093688964844e+02, 3.330917358398438e+02, 3.331396484375e+02, 3.331673889160156e+02, 3.331835021972656e+02, 3.331930541992188e+02, 3.331985168457031e+02, 3.332016296386719e+02, 3.332034301757812e+02, 3.332045593261719e+02, 3.332052612304688e+02, 3.332056274414062e+02, 3.332058715820312e+02, 3.332059936523438e+02, 3.332060852050781e+02, 3.332061462402344e+02, 3.332061767578125e+02, 3.332062072753906e+02, 3.332062072753906e+02, 3.332062072753906e+02, 3.332061767578125e+02, 3.332061767578125e+02, 3.332061767578125e+02, 3.332392578125e+02, 3.308394775390626e+02, 3.290202941894531e+02, 3.271744689941408e+02, 3.3142236328125e+02, 3.304555358886719e+02, 3.285639038085938e+02, 3.2738232421875e+02, 3.314208679199219e+02, 3.300596923828125e+02, 3.281009521484375e+02, 3.287545166015625e+02, 3.313468322753906e+02, 3.296455383300781e+02, 3.276529235839844e+02, 3.31425537109375e+02, 3.309921264648438e+02, 3.292127685546875e+02, 3.272743530273438e+02, 3.314234619140625e+02, 3.306211242675781e+02, 3.280093078613281e+02, 3.302414855957031e+02, 3.314826049804688e+02, 3.322041015625e+02, 3.326236267089844e+02, 3.328676452636719e+02, 3.330094299316406e+02, 3.330917663574219e+02, 3.331396789550781e+02, 3.331674194335938e+02, 3.331836242675781e+02, 3.331930847167969e+02, 3.331985473632812e+02]
=======
vol.T=[2.931499938964844e+02, 2.842714233398438e+02, 2.879122619628906e+02, 2.901104736328125e+02, 2.913943786621094e+02, 2.921426086425781e+02, 2.925781555175781e+02, 2.928315734863281e+02, 2.929789733886719e+02, 2.93064697265625e+02, 2.931145324707031e+02, 2.931434936523438e+02, 2.931603393554688e+02, 2.931701354980469e+02, 2.931758422851562e+02, 2.931791381835938e+02, 2.931810913085938e+02, 2.934341430664062e+02, 2.937153015136719e+02, 2.925052795410156e+02, 2.913988037109375e+02, 2.940743713378906e+02, 2.932910766601562e+02, 2.92023681640625e+02, 2.918299560546875e+02, 2.939984130859375e+02, 2.928369140625e+02, 2.915841369628906e+02, 2.933522338867187e+02, 2.935922241210938e+02, 2.923603820800781e+02, 2.914003601074219e+02, 2.941976013183594e+02, 2.931573181152344e+02, 2.918825378417969e+02, 2.922947082519532e+02, 2.938792419433594e+02, 2.926954345703125e+02, 2.905673522949219e+02, 2.915151672363281e+02, 2.922122802734375e+02, 2.926187438964844e+02, 2.92855224609375e+02, 2.929927978515625e+02, 2.930727233886719e+02, 2.931192016601562e+02, 2.931462097167969e+02, 2.931618957519531e+02, 2.931710205078125e+02, 2.931763610839844e+02, 2.93179443359375e+02, 2.931812438964844e+02, 2.931823120117188e+02, 2.931829223632812e+02, 2.931832275390625e+02, 2.931834106445312e+02, 2.931835327148438e+02, 2.931836242675781e+02, 2.931836853027344e+02, 2.931837158203125e+02, 2.931837463378906e+02, 2.931837463378906e+02, 2.931837463378906e+02, 2.931837463378906e+02, 2.931837463378906e+02, 2.931837463378906e+02, 2.931837463378906e+02, 2.934321594238281e+02, 2.937160949707031e+02, 2.925061645507812e+02, 2.913990173339844e+02, 2.940731811523438e+02, 2.932919311523438e+02, 2.920245666503906e+02, 2.9182763671875e+02, 2.939991455078125e+02, 2.928377990722656e+02, 2.915848388671875e+02, 2.933497314453125e+02, 2.935929870605469e+02, 2.923612670898438e+02, 2.914001159667969e+02, 2.941972961425781e+02, 2.931581726074219e+02, 2.918834228515625e+02, 2.9229150390625e+02, 2.938800048828125e+02, 2.926963500976562e+02, 2.90567626953125e+02, 2.915155639648438e+02, 2.922124938964844e+02, 2.92618896484375e+02, 2.928553161621094e+02, 2.929928588867188e+02, 2.9307275390625e+02, 2.931192321777344e+02, 2.93146240234375e+02, 2.931618957519531e+02, 2.931710205078125e+02, 2.931763610839844e+02, 2.93179443359375e+02]
TOut.T=[2.631499938964844e+02, 2.631499938964844e+02]
boi.vol.T=[2.931499938964844e+02, 3.288081665039062e+02, 3.34905517578125e+02, 3.383934326171875e+02, 3.404231262207031e+02, 3.416038818359375e+02, 3.4229052734375e+02, 3.426898193359375e+02, 3.429219970703125e+02, 3.430569763183594e+02, 3.431354370117188e+02, 3.431810607910156e+02, 3.432075500488281e+02, 3.432229919433594e+02, 3.432319641113281e+02, 3.432371826171875e+02, 3.432402038574219e+02, 3.413323669433594e+02, 3.405925903320312e+02, 3.386035766601562e+02, 3.376445922851562e+02, 3.393853149414062e+02, 3.398967895507812e+02, 3.378153686523438e+02, 3.412003173828125e+02, 3.410373229980469e+02, 3.391528015136719e+02, 3.372552795410156e+02, 3.393853149414062e+02, 3.40384521484375e+02, 3.383632202148438e+02, 3.382935180664062e+02, 3.393853149414062e+02, 3.396787719726562e+02, 3.375986328125e+02, 3.393853149414062e+02, 3.408462829589844e+02, 3.389188842773438e+02, 3.386468811035156e+02, 3.406107788085938e+02, 3.417137756347656e+02, 3.423545227050781e+02, 3.427270812988281e+02, 3.429437561035156e+02, 3.430696105957031e+02, 3.431427917480469e+02, 3.431853332519531e+02, 3.432099914550781e+02, 3.43224365234375e+02, 3.432327575683594e+02, 3.432376403808594e+02, 3.43240478515625e+02, 3.432421264648438e+02, 3.432430725097656e+02, 3.432435913085938e+02, 3.432438659667969e+02, 3.432440490722656e+02, 3.432442016601562e+02, 3.432443237304688e+02, 3.43244384765625e+02, 3.43244384765625e+02, 3.43244384765625e+02, 3.432444152832031e+02, 3.432444152832031e+02, 3.432444152832031e+02, 3.432444152832031e+02, 3.432444152832031e+02, 3.413349609375e+02, 3.405939025878907e+02, 3.386051025390624e+02, 3.376416320800782e+02, 3.393853149414062e+02, 3.398981628417969e+02, 3.378167724609375e+02, 3.411912231445312e+02, 3.410384826660156e+02, 3.391542663574219e+02, 3.37255615234375e+02, 3.393853149414062e+02, 3.403857727050781e+02, 3.383647155761719e+02, 3.382882995605469e+02, 3.393853149414062e+02, 3.3968017578125e+02, 3.375999450683594e+02, 3.393853149414062e+02, 3.408475341796875e+02, 3.3892041015625e+02, 3.386477966308594e+02, 3.406113891601562e+02, 3.41714111328125e+02, 3.42354736328125e+02, 3.427272033691406e+02, 3.429438171386719e+02, 3.430696716308594e+02, 3.43142822265625e+02, 3.431853332519531e+02, 3.432100219726562e+02, 3.43224365234375e+02, 3.432327575683594e+02, 3.432376403808594e+02]
temSup.T=[2.931499938964844e+02, 3.097032775878906e+02, 3.153901977539062e+02, 3.186727905273438e+02, 3.205830383300781e+02, 3.216942443847656e+02, 3.223404235839844e+02, 3.227161865234375e+02, 3.229346618652344e+02, 3.230617065429688e+02, 3.231355590820312e+02, 3.23178466796875e+02, 3.232033996582031e+02, 3.232179260253906e+02, 3.232263793945312e+02, 3.232312927246094e+02, 3.23234130859375e+02, 3.233072204589844e+02, 3.210950622558594e+02, 3.192139892578125e+02, 3.165938415527344e+02, 3.217594909667969e+02, 3.204431762695312e+02, 3.183982238769531e+02, 3.168875122070312e+02, 3.2151513671875e+02, 3.197413024902344e+02, 3.17451171875e+02, 3.217594909667969e+02, 3.209016418457031e+02, 3.189766540527344e+02, 3.163401794433594e+02, 3.21759521484375e+02, 3.20238037109375e+02, 3.181359558105469e+02, 3.217594909667969e+02, 3.213355712890625e+02, 3.195184326171875e+02, 3.188572692871094e+02, 3.2076025390625e+02, 3.217976379394531e+02, 3.224006652832031e+02, 3.227512512207031e+02, 3.229551696777344e+02, 3.230736083984375e+02, 3.231424560546875e+02, 3.231824951171875e+02, 3.232057189941406e+02, 3.2321923828125e+02, 3.232271423339844e+02, 3.232317199707031e+02, 3.23234375e+02, 3.232359313964844e+02, 3.232368469238281e+02, 3.232373046875e+02, 3.232375793457031e+02, 3.232377624511719e+02, 3.232379150390625e+02, 3.232380065917969e+02, 3.232380676269531e+02, 3.232380676269531e+02, 3.232380676269531e+02, 3.232380981445312e+02, 3.232380981445312e+02, 3.232380981445312e+02, 3.232380981445312e+02, 3.232380981445312e+02, 3.233094177246094e+02, 3.210962524414063e+02, 3.192154541015624e+02, 3.165960083007815e+02, 3.217594909667969e+02, 3.204444580078125e+02, 3.183998107910156e+02, 3.168799438476562e+02, 3.215162353515625e+02, 3.197426452636719e+02, 3.174532470703125e+02, 3.217594909667969e+02, 3.2090283203125e+02, 3.189781799316406e+02, 3.163410034179688e+02, 3.217594909667969e+02, 3.202393798828125e+02, 3.181376953125e+02, 3.217594909667969e+02, 3.213367614746094e+02, 3.195199279785156e+02, 3.188584594726562e+02, 3.207608032226562e+02, 3.217979736328125e+02, 3.224008483886719e+02, 3.227513732910156e+02, 3.229552307128906e+02, 3.230736389160156e+02, 3.231424865722656e+02, 3.231824951171875e+02, 3.232057189941406e+02, 3.2321923828125e+02, 3.232271423339844e+02, 3.232317199707031e+02]
temRet.T=[2.931499938964844e+02, 3.191033935546875e+02, 3.250484008789062e+02, 3.284605712890625e+02, 3.304461975097656e+02, 3.316012878417969e+02, 3.322730102539062e+02, 3.326636352539062e+02, 3.328907470703125e+02, 3.330227966308594e+02, 3.330995788574219e+02, 3.331441955566406e+02, 3.331701049804688e+02, 3.331852111816406e+02, 3.331939697265625e+02, 3.331990966796875e+02, 3.332020568847656e+02, 3.332166137695312e+02, 3.307420043945312e+02, 3.287920837402344e+02, 3.271548156738281e+02, 3.314201049804688e+02, 3.300624389648438e+02, 3.27990478515625e+02, 3.297942504882812e+02, 3.311776733398438e+02, 3.293338012695312e+02, 3.272662658691406e+02, 3.314201049804688e+02, 3.305393676757812e+02, 3.285523071289062e+02, 3.274635925292969e+02, 3.314201049804688e+02, 3.298491516113281e+02, 3.277542724609375e+02, 3.314201049804688e+02, 3.309908752441406e+02, 3.291037902832031e+02, 3.286835327148438e+02, 3.306300048828125e+02, 3.317088012695312e+02, 3.323356323242188e+02, 3.327000732421875e+02, 3.329120483398438e+02, 3.330351867675781e+02, 3.331067810058594e+02, 3.331483764648438e+02, 3.331724853515625e+02, 3.331865844726562e+02, 3.331947631835938e+02, 3.331995544433594e+02, 3.332023315429688e+02, 3.332039489746094e+02, 3.332048645019531e+02, 3.332053527832031e+02, 3.332056274414062e+02, 3.33205810546875e+02, 3.332059936523438e+02, 3.332060852050781e+02, 3.332061462402344e+02, 3.332061462402344e+02, 3.332061462402344e+02, 3.332061767578125e+02, 3.332061767578125e+02, 3.332061767578125e+02, 3.332061767578125e+02, 3.332061767578125e+02, 3.332190551757812e+02, 3.307432556152344e+02, 3.287935791015624e+02, 3.271538696289065e+02, 3.314200744628906e+02, 3.300637817382812e+02, 3.279919738769531e+02, 3.297760009765625e+02, 3.311788330078125e+02, 3.29335205078125e+02, 3.27267333984375e+02, 3.314201049804688e+02, 3.305406188964844e+02, 3.285538024902344e+02, 3.274606323242188e+02, 3.314201049804688e+02, 3.298505249023438e+02, 3.277557678222656e+02, 3.314201049804688e+02, 3.309920959472656e+02, 3.291052856445312e+02, 3.286845703125e+02, 3.30630615234375e+02, 3.317091369628906e+02, 3.323358154296875e+02, 3.327001953125e+02, 3.32912109375e+02, 3.330352172851562e+02, 3.331067810058594e+02, 3.331483764648438e+02, 3.331725158691406e+02, 3.331865844726562e+02, 3.331947631835938e+02, 3.331995544433594e+02]
>>>>>>> master
