<<<<<<< HEAD
last-generated=2021-09-20
=======
last-generated=2024-09-13
>>>>>>> master
statistics-initialization=
{
  "linear": "0, 0",
  "nonlinear": "1, 0, 0, 0",
  "numerical Jacobians": "0"
}
statistics-simulation=
{
  "linear": "0",
  "nonlinear": "1, 0, 0, 0, 1, 1",
  "number of continuous time states": "11",
  "numerical Jacobians": "0"
}
cooCoi.sta_a2.T=[2.931499938964844e+02, 2.940269775390625e+02, 2.940006713867188e+02, 2.938327026367188e+02, 2.935907897949219e+02, 2.933367614746094e+02, 2.930784301757812e+02, 2.928175964355469e+02, 2.925553588867188e+02, 2.92271728515625e+02, 2.918759765625e+02, 2.9137109375e+02, 2.908326110839844e+02, 2.903695373535156e+02, 2.900365600585938e+02, 2.89814697265625e+02, 2.896517639160156e+02, 2.89476806640625e+02, 2.892258605957031e+02, 2.888930053710938e+02, 2.885144653320312e+02, 2.881492309570312e+02, 2.878739929199219e+02, 2.87760986328125e+02, 2.878668518066406e+02, 2.882401733398438e+02, 2.889746704101562e+02, 2.901301574707031e+02, 2.915867004394531e+02, 2.931277770996094e+02, 2.945497131347656e+02, 2.958412780761719e+02, 2.96979736328125e+02, 2.970033264160156e+02, 2.970531311035156e+02, 2.968518371582031e+02, 2.9631396484375e+02, 2.96644775390625e+02, 2.969358825683594e+02, 2.966243286132812e+02, 2.965144348144531e+02, 2.967027587890625e+02, 2.970874328613281e+02, 2.976063537597656e+02, 2.969402770996094e+02, 2.975867309570312e+02, 2.972279052734375e+02, 2.976603393554688e+02, 2.972276306152344e+02, 2.977906188964844e+02, 2.971513977050781e+02, 2.979987487792969e+02, 2.972671203613281e+02, 2.979306640625e+02, 2.975718994140625e+02, 2.976468505859375e+02, 2.978925170898438e+02, 2.973233642578125e+02, 2.981103820800781e+02, 2.973998413085938e+02, 2.978648376464844e+02, 2.977806091308594e+02, 2.975768127441406e+02, 2.981136779785156e+02, 2.970304870605469e+02, 2.970585327148438e+02, 2.964922485351562e+02, 2.967669372558594e+02, 2.962576904296875e+02, 2.970892639160156e+02, 2.968083190917969e+02, 2.974662170410156e+02, 2.973546752929688e+02, 2.972500610351562e+02, 2.977147216796875e+02, 2.967868957519531e+02, 2.969066467285156e+02, 2.96631591796875e+02, 2.968827514648438e+02, 2.965798034667969e+02, 2.961335144042969e+02, 2.956437683105469e+02, 2.951808776855469e+02, 2.948101501464844e+02, 2.945802612304688e+02, 2.944606018066406e+02, 2.944071044921875e+02, 2.943785705566406e+02, 2.943380432128906e+02, 2.94282470703125e+02, 2.942194213867188e+02, 2.941523742675781e+02, 2.94083251953125e+02, 2.940128784179688e+02, 2.939417419433594e+02, 2.938702087402344e+02, 2.937983093261719e+02, 2.937262573242188e+02, 2.936542053222656e+02, 2.935820922851562e+02, 2.935099792480469e+02]
TOut.T=[2.914500122070312e+02, 2.913385009765625e+02, 2.910647583007812e+02, 2.907200927734375e+02, 2.903956909179688e+02, 2.901300048828125e+02, 2.898659973144531e+02, 2.896019897460938e+02, 2.893380126953125e+02, 2.89004150390625e+02, 2.884479370117188e+02, 2.878096618652344e+02, 2.872500610351562e+02, 2.869119262695312e+02, 2.867525024414062e+02, 2.866704406738281e+02, 2.865716247558594e+02, 2.86362060546875e+02, 2.860019836425781e+02, 2.855647583007812e+02, 2.851369323730469e+02, 2.848055419921875e+02, 2.84671142578125e+02, 2.847913513183594e+02, 2.852047729492188e+02, 2.859500122070312e+02, 2.872088317871094e+02, 2.889144592285156e+02, 2.907325744628906e+02, 2.923289794921875e+02, 2.935801696777344e+02, 2.946938171386719e+02, 2.956173706054688e+02, 2.962911987304688e+02, 2.964541015625e+02, 2.957337341308594e+02, 2.947459106445312e+02, 2.941705322265625e+02, 2.945262451171875e+02, 2.952189331054688e+02, 2.959844055175781e+02, 2.966857299804688e+02, 2.972068786621094e+02, 2.977020874023438e+02, 2.981768493652344e+02, 2.985576171875e+02, 2.987735900878906e+02, 2.989007568359375e+02, 2.990133361816406e+02, 2.991251220703125e+02, 2.9925e+02, 2.993936767578125e+02, 2.99545654296875e+02, 2.996946411132812e+02, 2.998296203613281e+02, 2.999126586914062e+02, 2.999144897460938e+02, 2.99878662109375e+02, 2.998501281738281e+02, 2.99885009765625e+02, 3.0001416015625e+02, 3.001783142089844e+02, 3.003133850097656e+02, 3.001267700195312e+02, 2.985876770019531e+02, 2.964372253417969e+02, 2.946898803710938e+02, 2.943067016601562e+02, 2.951251831054688e+02, 2.964444274902344e+02, 2.976576538085938e+02, 2.981753234863281e+02, 2.982959289550781e+02, 2.982947082519531e+02, 2.980774841308594e+02, 2.975499877929688e+02, 2.9660986328125e+02, 2.953994445800781e+02, 2.94191650390625e+02, 2.932594299316406e+02, 2.926542053222656e+02, 2.921209716796875e+02, 2.917095031738281e+02, 2.914774780273438e+02, 2.91437255859375e+02, 2.914543151855469e+02, 2.914801330566406e+02, 2.914757385253906e+02, 2.914140014648438e+02, 2.913420104980469e+02, 2.912699890136719e+02, 2.91197998046875e+02, 2.911260070800781e+02, 2.910539855957031e+02, 2.909819946289062e+02, 2.909100036621094e+02, 2.908380126953125e+02, 2.907659912109375e+02, 2.906940002441406e+02, 2.906220092773438e+02, 2.905499877929688e+02]
cooCoi.sta_b2.T=[2.931499938964844e+02, 2.940245666503906e+02, 2.940041809082031e+02, 2.938401184082031e+02, 2.935995483398438e+02, 2.933456115722656e+02, 2.930874328613281e+02, 2.9282666015625e+02, 2.92564453125e+02, 2.922830200195312e+02, 2.918916931152344e+02, 2.913896484375e+02, 2.908506774902344e+02, 2.903834533691406e+02, 2.900460510253906e+02, 2.89821044921875e+02, 2.896571655273438e+02, 2.894838562011719e+02, 2.892359924316406e+02, 2.889055480957031e+02, 2.885277404785156e+02, 2.88160888671875e+02, 2.878812561035156e+02, 2.877616577148438e+02, 2.87859130859375e+02, 2.882225036621094e+02, 2.889421997070312e+02, 2.900843200683594e+02, 2.915335388183594e+02, 2.930758056640625e+02, 2.945025939941406e+02, 2.957988891601562e+02, 2.969432067871094e+02, 2.96954833984375e+02, 2.97007568359375e+02, 2.968211059570312e+02, 2.962850341796875e+02, 2.966377563476562e+02, 2.969226379394531e+02, 2.965890808105469e+02, 2.962866516113281e+02, 2.965007629394531e+02, 2.970194702148438e+02, 2.975409545898438e+02, 2.893570861816406e+02, 2.97503173828125e+02, 2.882915649414062e+02, 2.97571533203125e+02, 2.882849426269531e+02, 2.977008056640625e+02, 2.899999084472656e+02, 2.979083862304688e+02, 2.960658264160156e+02, 2.891925048828125e+02, 2.97373046875e+02, 2.884192504882812e+02, 2.977850952148438e+02, 2.883001403808594e+02, 2.9292919921875e+02, 2.96692138671875e+02, 2.886502990722656e+02, 2.976388244628906e+02, 2.883705749511719e+02, 2.980150146484375e+02, 2.954787902832031e+02, 2.970245056152344e+02, 2.964777221679688e+02, 2.967564697265625e+02, 2.943881225585938e+02, 2.89000732421875e+02, 2.945469055175781e+02, 2.9738916015625e+02, 2.886919250488281e+02, 2.971377868652344e+02, 2.916752319335938e+02, 2.943140563964844e+02, 2.968562316894531e+02, 2.966047668457031e+02, 2.968861083984375e+02, 2.965939025878906e+02, 2.961500549316406e+02, 2.956606750488281e+02, 2.951957702636719e+02, 2.948208312988281e+02, 2.94586181640625e+02, 2.944634399414062e+02, 2.944082946777344e+02, 2.943795776367188e+02, 2.943397216796875e+02, 2.942845458984375e+02, 2.942216796875e+02, 2.941547241210938e+02, 2.940856628417969e+02, 2.940153198242188e+02, 2.939442138671875e+02, 2.938726806640625e+02, 2.9380078125e+02, 2.93728759765625e+02, 2.936566772460938e+02, 2.935845947265625e+02, 2.93512451171875e+02]
time=[1.5552e+07, 1.56384e+07]
vol.T_start=[2.931499938964844e+02, 2.931499938964844e+02]
<<<<<<< HEAD
vol.T=[2.944500122070312e+02, 2.946990966796875e+02, 2.94734619140625e+02, 2.946108703613281e+02, 2.943895568847656e+02, 2.941384582519531e+02, 2.938815612792969e+02, 2.936214904785156e+02, 2.933596801757812e+02, 2.93088623046875e+02, 2.927329711914062e+02, 2.922614440917969e+02, 2.917282409667969e+02, 2.912339172363281e+02, 2.908575744628906e+02, 2.906007995605469e+02, 2.904218139648438e+02, 2.902554931640625e+02, 2.900318298339844e+02, 2.897250671386719e+02, 2.893588562011719e+02, 2.889851379394531e+02, 2.886746826171875e+02, 2.885035095214844e+02, 2.885326232910156e+02, 2.888130798339844e+02, 2.894166870117188e+02, 2.904346008300781e+02, 2.918006286621094e+02, 2.933278198242188e+02, 2.947924194335938e+02, 2.961284790039062e+02, 2.973205871582031e+02, 2.971817932128906e+02, 2.972032165527344e+02, 2.97131591796875e+02, 2.96706298828125e+02, 2.972633361816406e+02, 2.975382690429688e+02, 2.969756469726562e+02, 2.966469116210938e+02, 2.9670703125e+02, 2.970575866699219e+02, 2.975823974609375e+02, 2.966311340332031e+02, 2.97343994140625e+02, 2.968414916992188e+02, 2.973502197265625e+02, 2.967810668945312e+02, 2.974568786621094e+02, 2.96626708984375e+02, 2.976499938964844e+02, 2.96697509765625e+02, 2.974896850585938e+02, 2.970074768066406e+02, 2.970802917480469e+02, 2.973867492675781e+02, 2.966841735839844e+02, 2.976752319335938e+02, 2.967784423828125e+02, 2.973274841308594e+02, 2.971811828613281e+02, 2.968926696777344e+02, 2.976100463867188e+02, 2.966405029296875e+02, 2.972140808105469e+02, 2.969431762695312e+02, 2.97382080078125e+02, 2.965409851074219e+02, 2.972504577636719e+02, 2.965960083007812e+02, 2.972889099121094e+02, 2.971192626953125e+02, 2.9698876953125e+02, 2.976240234375e+02, 2.965959777832031e+02, 2.969808959960938e+02, 2.96939697265625e+02, 2.975555419921875e+02, 2.97409912109375e+02, 2.970033264160156e+02, 2.965244750976562e+02, 2.960487365722656e+02, 2.95643310546875e+02, 2.953660278320312e+02, 2.952121887207031e+02, 2.951388244628906e+02, 2.951042785644531e+02, 2.950690307617188e+02, 2.950178527832031e+02, 2.949570922851562e+02, 2.948912353515625e+02, 2.948226623535156e+02, 2.947525939941406e+02, 2.946817016601562e+02, 2.946102905273438e+02, 2.945385437011719e+02, 2.944665832519531e+02, 2.943945007324219e+02, 2.943223876953125e+02, 2.942502136230469e+02]
=======
vol.T=[2.944500122070312e+02, 2.946871643066406e+02, 2.947280578613281e+02, 2.946072387695312e+02, 2.943875732421875e+02, 2.941373596191406e+02, 2.938809509277344e+02, 2.936211853027344e+02, 2.933595275878906e+02, 2.930885314941406e+02, 2.927328491210938e+02, 2.922613830566406e+02, 2.91728271484375e+02, 2.9123388671875e+02, 2.908575439453125e+02, 2.906007995605469e+02, 2.904220581054688e+02, 2.902557067871094e+02, 2.900319519042969e+02, 2.897251281738281e+02, 2.893588562011719e+02, 2.889850463867188e+02, 2.886746520996094e+02, 2.885034790039062e+02, 2.885326232910156e+02, 2.888130493164062e+02, 2.894166870117188e+02, 2.904347534179688e+02, 2.9180078125e+02, 2.93327880859375e+02, 2.947924499511719e+02, 2.961285400390625e+02, 2.973207092285156e+02, 2.971819458007812e+02, 2.97203369140625e+02, 2.971317443847656e+02, 2.967064514160156e+02, 2.97263427734375e+02, 2.97538330078125e+02, 2.969757995605469e+02, 2.966470642089844e+02, 2.967071533203125e+02, 2.970577087402344e+02, 2.9758251953125e+02, 2.966309509277344e+02, 2.973441467285156e+02, 2.968412780761719e+02, 2.973503112792969e+02, 2.967809753417969e+02, 2.974569091796875e+02, 2.96626708984375e+02, 2.976499938964844e+02, 2.966974487304688e+02, 2.974897155761719e+02, 2.970074462890625e+02, 2.970802917480469e+02, 2.973867797851562e+02, 2.966841735839844e+02, 2.976752624511719e+02, 2.967783813476562e+02, 2.973275146484375e+02, 2.9718115234375e+02, 2.968927001953125e+02, 2.976100158691406e+02, 2.966404724121094e+02, 2.972140502929688e+02, 2.969431457519531e+02, 2.97382080078125e+02, 2.965409240722656e+02, 2.972498779296875e+02, 2.965960693359375e+02, 2.972890930175781e+02, 2.97118896484375e+02, 2.96989013671875e+02, 2.97623779296875e+02, 2.965960388183594e+02, 2.969810791015625e+02, 2.969398803710938e+02, 2.975556640625e+02, 2.974099426269531e+02, 2.970033569335938e+02, 2.965245056152344e+02, 2.960487365722656e+02, 2.95643310546875e+02, 2.953660278320312e+02, 2.952121887207031e+02, 2.951388244628906e+02, 2.951042785644531e+02, 2.950690307617188e+02, 2.950178527832031e+02, 2.949571533203125e+02, 2.948912963867188e+02, 2.948226623535156e+02, 2.947525939941406e+02, 2.946817016601562e+02, 2.946102905273438e+02, 2.945385437011719e+02, 2.944665832519531e+02, 2.943945007324219e+02, 2.943223876953125e+02, 2.942502136230469e+02]
TOut.T=[2.914500122070312e+02, 2.913385009765625e+02, 2.910647583007812e+02, 2.907200927734375e+02, 2.903956909179688e+02, 2.901300048828125e+02, 2.898659973144531e+02, 2.896019897460938e+02, 2.893380126953125e+02, 2.89004150390625e+02, 2.884479370117188e+02, 2.878096618652344e+02, 2.872500610351562e+02, 2.869119262695312e+02, 2.867525024414062e+02, 2.866704406738281e+02, 2.865716247558594e+02, 2.86362060546875e+02, 2.860019836425781e+02, 2.855647583007812e+02, 2.851369323730469e+02, 2.848055419921875e+02, 2.84671142578125e+02, 2.847913513183594e+02, 2.852047729492188e+02, 2.859500122070312e+02, 2.872088317871094e+02, 2.889144592285156e+02, 2.907325744628906e+02, 2.923289794921875e+02, 2.935801696777344e+02, 2.946938171386719e+02, 2.956173706054688e+02, 2.962911987304688e+02, 2.964541015625e+02, 2.957337341308594e+02, 2.947459106445312e+02, 2.941705322265625e+02, 2.945262451171875e+02, 2.952189331054688e+02, 2.959844055175781e+02, 2.966857299804688e+02, 2.972068786621094e+02, 2.977020874023438e+02, 2.981768493652344e+02, 2.985576171875e+02, 2.987735900878906e+02, 2.989007568359375e+02, 2.990133361816406e+02, 2.991251220703125e+02, 2.9925e+02, 2.993936767578125e+02, 2.99545654296875e+02, 2.996946411132812e+02, 2.998296203613281e+02, 2.999126586914062e+02, 2.999144897460938e+02, 2.99878662109375e+02, 2.998501281738281e+02, 2.99885009765625e+02, 3.0001416015625e+02, 3.001783142089844e+02, 3.003133850097656e+02, 3.001267700195312e+02, 2.985876770019531e+02, 2.964372253417969e+02, 2.946898803710938e+02, 2.943067016601562e+02, 2.951251831054688e+02, 2.964444274902344e+02, 2.976576538085938e+02, 2.981753234863281e+02, 2.982959289550781e+02, 2.982947082519531e+02, 2.980774841308594e+02, 2.975499877929688e+02, 2.9660986328125e+02, 2.953994445800781e+02, 2.94191650390625e+02, 2.932594299316406e+02, 2.926542053222656e+02, 2.921209716796875e+02, 2.917095031738281e+02, 2.914774780273438e+02, 2.91437255859375e+02, 2.914543151855469e+02, 2.914801330566406e+02, 2.914757385253906e+02, 2.914140014648438e+02, 2.913420104980469e+02, 2.912699890136719e+02, 2.91197998046875e+02, 2.911260070800781e+02, 2.910539855957031e+02, 2.909819946289062e+02, 2.909100036621094e+02, 2.908380126953125e+02, 2.907659912109375e+02, 2.906940002441406e+02, 2.906220092773438e+02, 2.905499877929688e+02]
senTemHXOut.T=[2.931499938964844e+02, 2.940173645019531e+02, 2.939955139160156e+02, 2.938300476074219e+02, 2.935894775390625e+02, 2.93336181640625e+02, 2.930782775878906e+02, 2.92817626953125e+02, 2.925555114746094e+02, 2.922720336914062e+02, 2.918764038085938e+02, 2.913716735839844e+02, 2.908332214355469e+02, 2.903699645996094e+02, 2.90036865234375e+02, 2.898149108886719e+02, 2.896521606445312e+02, 2.894772033691406e+02, 2.89226318359375e+02, 2.888934631347656e+02, 2.885149230957031e+02, 2.881495056152344e+02, 2.878741760253906e+02, 2.877609558105469e+02, 2.878665771484375e+02, 2.882395629882812e+02, 2.889735717773438e+02, 2.901287231445312e+02, 2.915850219726562e+02, 2.931260986328125e+02, 2.945481872558594e+02, 2.958399353027344e+02, 2.969786071777344e+02, 2.970018310546875e+02, 2.970517883300781e+02, 2.968509826660156e+02, 2.963134155273438e+02, 2.966446228027344e+02, 2.969354553222656e+02, 2.966232299804688e+02, 2.965128784179688e+02, 2.967008972167969e+02, 2.970853881835938e+02, 2.976042785644531e+02, 2.969433898925781e+02, 2.975841369628906e+02, 2.972317199707031e+02, 2.976575927734375e+02, 2.972313537597656e+02, 2.977877197265625e+02, 2.971537475585938e+02, 2.979957580566406e+02, 2.97264404296875e+02, 2.97934326171875e+02, 2.975683898925781e+02, 2.976505737304688e+02, 2.9788916015625e+02, 2.973267517089844e+02, 2.981111450195312e+02, 2.973965759277344e+02, 2.978686218261719e+02, 2.977769470214844e+02, 2.975802001953125e+02, 2.981104736328125e+02, 2.970290832519531e+02, 2.970574340820312e+02, 2.964917602539062e+02, 2.967665710449219e+02, 2.962576904296875e+02, 2.970933532714844e+02, 2.968074035644531e+02, 2.974638671875e+02, 2.973585815429688e+02, 2.972476196289062e+02, 2.977171020507812e+02, 2.967865905761719e+02, 2.969053039550781e+02, 2.966308898925781e+02, 2.968829956054688e+02, 2.96580322265625e+02, 2.961340942382812e+02, 2.956443481445312e+02, 2.951813659667969e+02, 2.948104858398438e+02, 2.945804748535156e+02, 2.94460693359375e+02, 2.944071350097656e+02, 2.943786010742188e+02, 2.943380737304688e+02, 2.942825622558594e+02, 2.942195434570312e+02, 2.941524963378906e+02, 2.940833435058594e+02, 2.940129699707031e+02, 2.939418334960938e+02, 2.938703002929688e+02, 2.937983703613281e+02, 2.937263488769531e+02, 2.936542663574219e+02, 2.935821838378906e+02, 2.935100402832031e+02]
senTemSupAir.T=[2.931499938964844e+02, 2.940147399902344e+02, 2.939989318847656e+02, 2.938374328613281e+02, 2.935982055664062e+02, 2.933450317382812e+02, 2.930872497558594e+02, 2.928266906738281e+02, 2.925646057128906e+02, 2.922833557128906e+02, 2.918921203613281e+02, 2.913902282714844e+02, 2.908512878417969e+02, 2.903839111328125e+02, 2.900463562011719e+02, 2.898212585449219e+02, 2.896575317382812e+02, 2.894842529296875e+02, 2.892364196777344e+02, 2.88906005859375e+02, 2.885281677246094e+02, 2.881611938476562e+02, 2.878814392089844e+02, 2.877616577148438e+02, 2.8785888671875e+02, 2.882218933105469e+02, 2.889411315917969e+02, 2.900829162597656e+02, 2.915318908691406e+02, 2.930741271972656e+02, 2.945010375976562e+02, 2.957975158691406e+02, 2.969420776367188e+02, 2.969533081054688e+02, 2.970060729980469e+02, 2.968202209472656e+02, 2.962841796875e+02, 2.966376037597656e+02, 2.969222412109375e+02, 2.965879821777344e+02, 2.962793884277344e+02, 2.964942321777344e+02, 2.970173645019531e+02, 2.975389404296875e+02, 2.891113586425781e+02, 2.975004272460938e+02, 2.882930908203125e+02, 2.975686950683594e+02, 2.882861328125e+02, 2.976977233886719e+02, 2.8975146484375e+02, 2.979049987792969e+02, 2.960241088867188e+02, 2.892191467285156e+02, 2.973663635253906e+02, 2.884212341308594e+02, 2.977813720703125e+02, 2.883006896972656e+02, 2.930844116210938e+02, 2.966674499511719e+02, 2.8865869140625e+02, 2.976336059570312e+02, 2.8837158203125e+02, 2.980117492675781e+02, 2.954246215820312e+02, 2.970233459472656e+02, 2.964771118164062e+02, 2.96756103515625e+02, 2.943350830078125e+02, 2.890130310058594e+02, 2.944747009277344e+02, 2.97386962890625e+02, 2.886958312988281e+02, 2.971342468261719e+02, 2.917685546875e+02, 2.942348022460938e+02, 2.968545837402344e+02, 2.966040344238281e+02, 2.968863220214844e+02, 2.965944213867188e+02, 2.96150634765625e+02, 2.956612548828125e+02, 2.951962585449219e+02, 2.948211975097656e+02, 2.945863647460938e+02, 2.944635314941406e+02, 2.944083557128906e+02, 2.943796081542969e+02, 2.943397827148438e+02, 2.942846069335938e+02, 2.942218017578125e+02, 2.941548461914062e+02, 2.940857543945312e+02, 2.940154113769531e+02, 2.939443054199219e+02, 2.938727722167969e+02, 2.938008728027344e+02, 2.937288513183594e+02, 2.936567687988281e+02, 2.935846557617188e+02, 2.935125427246094e+02]
>>>>>>> master
