<<<<<<< HEAD
last-generated=2021-09-16
=======
last-generated=2024-06-04
statistics-initialization=
{
  "nonlinear": "1",
  "numerical Jacobians": "0"
}
>>>>>>> master
statistics-simulation=
{
  "linear": " ",
  "nonlinear": "0, 1, 1, 1, 1, 1, 1, 1, 1, 1, 1",
  "number of continuous time states": "11",
  "numerical Jacobians": "0"
}
time=[0e+00, 8.64e+04]
<<<<<<< HEAD
solCol.vol[3].T=[2.931499938964844e+02, 2.916914672851562e+02, 2.921631774902344e+02, 2.923374633789062e+02, 2.924323120117188e+02, 2.92490234375e+02, 2.925264282226562e+02, 2.925476684570312e+02, 2.9255712890625e+02, 2.925553283691406e+02, 2.925391235351562e+02, 2.925081481933594e+02, 2.924600830078125e+02, 2.923887023925781e+02, 2.922755737304688e+02, 2.920745239257812e+02, 2.916038513183594e+02, 2.852566223144531e+02, 2.829726257324219e+02, 2.830002136230469e+02, 2.830097961425781e+02, 2.830161437988281e+02, 2.830222778320312e+02, 2.830277709960938e+02, 2.830325622558594e+02, 2.830364074707031e+02, 2.830413513183594e+02, 2.830484619140625e+02, 2.830547790527344e+02, 2.830567626953125e+02, 2.830503234863281e+02, 2.830419006347656e+02, 2.830355224609375e+02, 2.831774597167969e+02, 2.909190979003907e+02, 2.935479736328125e+02, 2.940280456542969e+02, 2.944105834960938e+02, 2.947505187988281e+02, 2.950714111328125e+02, 2.953779907226562e+02, 2.956861877441406e+02, 2.959992980957031e+02, 2.963170166015625e+02, 2.966387329101562e+02, 2.969737548828125e+02, 2.973650512695312e+02, 2.978825988769531e+02, 2.98826171875e+02, 3.007927856445312e+02, 3.08477294921875e+02, 2.875335998535156e+02, 2.862388305664062e+02, 2.857179565429688e+02, 2.854281616210938e+02, 2.852458190917969e+02, 2.851246337890625e+02, 2.850538024902344e+02, 2.850375671386719e+02, 2.8505078125e+02, 2.850875244140625e+02, 2.851028747558594e+02, 2.850852661132812e+02, 2.850525207519531e+02, 2.850484924316406e+02, 2.851163940429688e+02, 2.852483215332031e+02, 2.908561096191406e+02, 2.9301123046875e+02, 2.925966491699219e+02, 2.926326904296875e+02, 2.926661376953125e+02, 2.926990966796875e+02, 2.92722412109375e+02, 2.92736083984375e+02, 2.927386779785156e+02, 2.927303466796875e+02, 2.927134399414062e+02, 2.926868591308594e+02, 2.926478576660156e+02, 2.925913391113281e+02, 2.925041198730469e+02, 2.923383483886719e+02, 2.918581237792969e+02, 2.832220764160156e+02, 2.831521301269531e+02, 2.831356201171875e+02, 2.83125732421875e+02, 2.83123779296875e+02, 2.831290283203125e+02, 2.831358642578125e+02, 2.831395263671875e+02, 2.831359558105469e+02, 2.831283264160156e+02, 2.831188354492188e+02, 2.831078796386719e+02, 2.830954284667969e+02, 2.830800476074219e+02, 2.830574035644531e+02, 2.830133666992188e+02, 2.827794799804688e+02]
solCol.vol[6].T=[2.931499938964844e+02, 2.923326721191406e+02, 2.925830078125e+02, 2.92681884765625e+02, 2.927362670898438e+02, 2.927695617675781e+02, 2.927903747558594e+02, 2.928025207519531e+02, 2.928078918457031e+02, 2.92806640625e+02, 2.927969970703125e+02, 2.927786865234375e+02, 2.927502746582031e+02, 2.927079162597656e+02, 2.926400756835938e+02, 2.925171813964844e+02, 2.922115478515625e+02, 2.885681762695312e+02, 2.827966613769531e+02, 2.828538513183594e+02, 2.828728332519531e+02, 2.828850402832031e+02, 2.828970336914062e+02, 2.829078369140625e+02, 2.829172973632812e+02, 2.829249267578125e+02, 2.829345397949219e+02, 2.829486389160156e+02, 2.829613952636719e+02, 2.829658203125e+02, 2.829535522460938e+02, 2.829374694824219e+02, 2.829234313964844e+02, 2.831578674316406e+02, 2.926946716308594e+02, 2.933984375e+02, 2.9366796875e+02, 2.938864135742188e+02, 2.940810546875e+02, 2.942652893066406e+02, 2.944415893554688e+02, 2.94619384765625e+02, 2.948003234863281e+02, 2.949843139648438e+02, 2.951712036132812e+02, 2.953670654296875e+02, 2.955979919433594e+02, 2.959080505371094e+02, 2.964818420410156e+02, 2.977226867675781e+02, 3.039698181152344e+02, 2.920572509765625e+02, 2.892806701660156e+02, 2.882357177734375e+02, 2.876601257324219e+02, 2.872990112304688e+02, 2.8705908203125e+02, 2.869172668457031e+02, 2.868836364746094e+02, 2.869084777832031e+02, 2.869800720214844e+02, 2.8701025390625e+02, 2.869744262695312e+02, 2.86905517578125e+02, 2.868876037597656e+02, 2.87003662109375e+02, 2.871940612792969e+02, 2.926772766113281e+02, 2.930340881347656e+02, 2.928300476074219e+02, 2.928511047363281e+02, 2.928709411621094e+02, 2.928899841308594e+02, 2.929034118652344e+02, 2.929112243652344e+02, 2.929125366210938e+02, 2.929075927734375e+02, 2.928976135253906e+02, 2.928819274902344e+02, 2.9285888671875e+02, 2.928252868652344e+02, 2.927727355957031e+02, 2.926699829101562e+02, 2.923382873535156e+02, 2.83974609375e+02, 2.831560974121094e+02, 2.831226806640625e+02, 2.831025085449219e+02, 2.830980529785156e+02, 2.831081237792969e+02, 2.831216735839844e+02, 2.831292419433594e+02, 2.8312255859375e+02, 2.831075134277344e+02, 2.830888977050781e+02, 2.830673217773438e+02, 2.830430297851562e+02, 2.830132751464844e+02, 2.829700927734375e+02, 2.828898315429688e+02, 2.825763549804688e+02]
solCol.vol[9].T=[2.931499938964844e+02, 2.929481811523438e+02, 2.930074157714844e+02, 2.930320129394531e+02, 2.93045654296875e+02, 2.930540161132812e+02, 2.930592651367188e+02, 2.930623168945312e+02, 2.930636291503906e+02, 2.930632629394531e+02, 2.930607299804688e+02, 2.930559997558594e+02, 2.930486755371094e+02, 2.930376586914062e+02, 2.930198669433594e+02, 2.929869079589844e+02, 2.928988342285156e+02, 2.897998046875e+02, 2.826212463378906e+02, 2.827108459472656e+02, 2.827390441894531e+02, 2.827567138671875e+02, 2.827742004394531e+02, 2.827901611328125e+02, 2.828041381835938e+02, 2.828154907226562e+02, 2.828296203613281e+02, 2.828505554199219e+02, 2.828697204589844e+02, 2.828770446777344e+02, 2.828596496582031e+02, 2.828366088867188e+02, 2.828145446777344e+02, 2.831128234863281e+02, 2.930946655273438e+02, 2.932173156738281e+02, 2.932836303710938e+02, 2.933381958007812e+02, 2.93386962890625e+02, 2.934332275390625e+02, 2.934776000976562e+02, 2.935224914550781e+02, 2.935682067871094e+02, 2.936148681640625e+02, 2.93662353515625e+02, 2.937124633789062e+02, 2.937721557617188e+02, 2.938534851074219e+02, 2.940064392089844e+02, 2.943514099121094e+02, 2.973888549804688e+02, 2.971096801757812e+02, 2.9227978515625e+02, 2.907049560546875e+02, 2.898470458984375e+02, 2.893106079101562e+02, 2.889543762207031e+02, 2.887415161132812e+02, 2.886893310546875e+02, 2.887242736816406e+02, 2.88828857421875e+02, 2.888733520507812e+02, 2.888188781738281e+02, 2.887107849121094e+02, 2.886704406738281e+02, 2.88816162109375e+02, 2.890183410644531e+02, 2.934011840820312e+02, 2.931127014160156e+02, 2.930690612792969e+02, 2.930744323730469e+02, 2.9307958984375e+02, 2.930844116210938e+02, 2.930877685546875e+02, 2.930897216796875e+02, 2.930900268554688e+02, 2.930887145996094e+02, 2.930861511230469e+02, 2.930821228027344e+02, 2.930761413574219e+02, 2.930674133300781e+02, 2.930535278320312e+02, 2.930255737304688e+02, 2.92921142578125e+02, 2.862117309570312e+02, 2.831618957519531e+02, 2.831111145019531e+02, 2.830802917480469e+02, 2.830728149414062e+02, 2.830873413085938e+02, 2.831074829101562e+02, 2.831191101074219e+02, 2.831097717285156e+02, 2.830875854492188e+02, 2.830601196289062e+02, 2.830283508300781e+02, 2.829926452636719e+02, 2.829494323730469e+02, 2.828876953125e+02, 2.827772216796875e+02, 2.824192199707031e+02]
solCol.m_flow=[0e+00, -1.731502451002598e-02, -2.426930703222752e-02, -2.928007580339909e-02, -3.309494629502296e-02, -3.597814962267876e-02, -3.804896026849747e-02, -3.936664760112762e-02, -3.996051475405693e-02, -3.984198346734047e-02, -3.900885209441185e-02, -3.744450211524963e-02, -3.511155396699905e-02, -3.193553537130356e-02, -2.776339091360568e-02, -2.223571948707104e-02, -1.416097395122051e-02, 1.002321485430005e-02, 1.994752697646618e-02, 2.610070630908012e-02, 3.066686168313026e-02, 3.415186330676079e-02, 3.675492852926254e-02, 3.856996819376945e-02, 3.964416310191154e-02, 3.999999910593033e-02, 3.964416310191154e-02, 3.856996819376945e-02, 3.675492852926254e-02, 3.415186330676079e-02, 3.066686168313026e-02, 2.610070630908012e-02, 1.994752697646618e-02, 1.002321485430002e-02, -1.416097395122055e-02, -2.223571948707101e-02, -2.776339091360569e-02, -3.193553537130356e-02, -3.511155396699905e-02, -3.744450211524963e-02, -3.900885209441185e-02, -3.984198346734047e-02, -3.996051475405693e-02, -3.936664760112762e-02, -3.804896026849747e-02, -3.597814962267876e-02, -3.309494629502296e-02, -2.928007580339909e-02, -2.426930703222752e-02, -1.731502451002598e-02, 0e+00, 1.731502451002598e-02, 2.426930703222752e-02, 2.928007580339909e-02, 3.309494629502296e-02, 3.597814962267878e-02, 3.804896026849748e-02, 3.936664760112762e-02, 3.996051475405693e-02, 3.984198346734047e-02, 3.900885209441185e-02, 3.744450211524963e-02, 3.511155396699905e-02, 3.193553537130356e-02, 2.776339091360569e-02, 2.223571948707104e-02, 1.416097395122051e-02, -1.002321485430002e-02, -1.994752697646624e-02, -2.610070630908008e-02, -3.066686168313023e-02, -3.415186330676079e-02, -3.675492852926254e-02, -3.856996819376945e-02, -3.964416310191154e-02, -3.999999910593033e-02, -3.964416310191154e-02, -3.856996819376945e-02, -3.675492852926254e-02, -3.415186330676079e-02, -3.066686168313026e-02, -2.610070630908012e-02, -1.994752697646618e-02, -1.002321485430002e-02, 1.416097395122051e-02, 2.223571948707104e-02, 2.776339091360569e-02, 3.193553537130356e-02, 3.511155396699905e-02, 3.744450211524963e-02, 3.900885209441185e-02, 3.984198346734047e-02, 3.996051475405693e-02, 3.936664760112762e-02, 3.804896026849747e-02, 3.597814962267876e-02, 3.309494629502296e-02, 2.928007580339909e-02, 2.426930703222752e-02, 1.731502451002598e-02, 0e+00]
=======
solCol.vol[3].T=[2.931499938964844e+02, 2.891102600097656e+02, 2.884538879394531e+02, 2.893965148925781e+02, 2.898733825683594e+02, 2.901473083496094e+02, 2.903169555664062e+02, 2.904189758300781e+02, 2.90469970703125e+02, 2.904755249023438e+02, 2.904246215820312e+02, 2.903148803710938e+02, 2.90143310546875e+02, 2.898971252441406e+02, 2.895363464355469e+02, 2.889744567871094e+02, 2.880029296875e+02, 2.85595458984375e+02, 2.82505126953125e+02, 2.824441223144531e+02, 2.824905700683594e+02, 2.825167846679688e+02, 2.825434265136719e+02, 2.82568359375e+02, 2.825906982421875e+02, 2.826091003417969e+02, 2.826310729980469e+02, 2.826646423339844e+02, 2.826968078613281e+02, 2.827118835449219e+02, 2.826817932128906e+02, 2.825971069335938e+02, 2.825627746582031e+02, 2.829825439453125e+02, 2.844946594238281e+02, 2.911341857910156e+02, 2.961236267089844e+02, 2.980927734375e+02, 2.997640686035156e+02, 3.013136901855469e+02, 3.027696838378906e+02, 3.041744384765625e+02, 3.055735168457031e+02, 3.069718322753906e+02, 3.08351318359375e+02, 3.097089233398438e+02, 3.111600952148438e+02, 3.128454284667969e+02, 3.155790405273438e+02, 3.201928100585938e+02, 3.293605651855469e+02, 3.157010498046875e+02, 2.982619934082031e+02, 2.953868713378906e+02, 2.939735107421875e+02, 2.931030883789062e+02, 2.925270080566406e+02, 2.921731872558594e+02, 2.920763244628906e+02, 2.92122802734375e+02, 2.922814025878906e+02, 2.923504028320312e+02, 2.92259521484375e+02, 2.920617370605469e+02, 2.919351806640625e+02, 2.920453796386719e+02, 2.921475219726562e+02, 2.961021118164062e+02, 2.985812988281249e+02, 2.915610351562501e+02, 2.908588256835938e+02, 2.909638977050781e+02, 2.911001586914062e+02, 2.912062377929688e+02, 2.912738647460938e+02, 2.91296875e+02, 2.912719116210938e+02, 2.912109069824219e+02, 2.911139831542969e+02, 2.90974853515625e+02, 2.907818603515625e+02, 2.905129699707031e+02, 2.900893859863281e+02, 2.89295166015625e+02, 2.8630517578125e+02, 2.83263916015625e+02, 2.830968322753906e+02, 2.830425415039062e+02, 2.830259704589844e+02, 2.830465393066406e+02, 2.830789184570312e+02, 2.830994262695312e+02, 2.830874328613281e+02, 2.830526428222656e+02, 2.8300927734375e+02, 2.82959228515625e+02, 2.829035339355469e+02, 2.828379211425781e+02, 2.827482299804688e+02, 2.826001892089844e+02, 2.822166137695312e+02]
solCol.vol[6].T=[2.931499938964844e+02, 2.897311706542969e+02, 2.903849792480469e+02, 2.909283142089844e+02, 2.911973571777344e+02, 2.913576049804688e+02, 2.914574584960938e+02, 2.915169067382812e+02, 2.915452575683594e+02, 2.915449829101562e+02, 2.91508544921875e+02, 2.914347839355469e+02, 2.913201293945312e+02, 2.911532287597656e+02, 2.909002380371094e+02, 2.9048388671875e+02, 2.896756896972656e+02, 2.869833679199219e+02, 2.829461059570312e+02, 2.81835205078125e+02, 2.819037780761719e+02, 2.81947998046875e+02, 2.819937744140625e+02, 2.820388488769531e+02, 2.8208056640625e+02, 2.821161193847656e+02, 2.821557922363281e+02, 2.8221875e+02, 2.82282958984375e+02, 2.823199157714844e+02, 2.822840881347656e+02, 2.821480712890625e+02, 2.820704345703125e+02, 2.826031799316406e+02, 2.851360473632813e+02, 2.933263854980469e+02, 2.952304992675781e+02, 2.963140869140625e+02, 2.972796936035156e+02, 2.981864624023438e+02, 2.990414123535156e+02, 2.998778991699219e+02, 3.007182006835938e+02, 3.015671997070312e+02, 3.024135437011719e+02, 3.032658386230469e+02, 3.042142333984375e+02, 3.053825073242188e+02, 3.073820495605469e+02, 3.110476684570312e+02, 3.201705627441406e+02, 3.383590393066406e+02, 3.146564025878906e+02, 3.066028747558594e+02, 3.037857971191406e+02, 3.021131591796875e+02, 3.010140075683594e+02, 3.003167419433594e+02, 3.000948181152344e+02, 3.00156494140625e+02, 3.004318542480469e+02, 3.005538635253906e+02, 3.003719177246094e+02, 2.999410095214844e+02, 2.995554809570312e+02, 2.994645080566406e+02, 2.992153015136719e+02, 3.013680114746094e+02, 2.955263671874999e+02, 2.917853698730469e+02, 2.91761962890625e+02, 2.918392639160156e+02, 2.91925537109375e+02, 2.91989013671875e+02, 2.920280456542969e+02, 2.920388488769531e+02, 2.920203552246094e+02, 2.919797058105469e+02, 2.919155883789062e+02, 2.918226318359375e+02, 2.916912536621094e+02, 2.915000610351562e+02, 2.911743469238281e+02, 2.904586791992188e+02, 2.879645385742188e+02, 2.840906982421875e+02, 2.830860595703125e+02, 2.829608764648438e+02, 2.829165344238281e+02, 2.829468383789062e+02, 2.830073547363281e+02, 2.8305078125e+02, 2.8303662109375e+02, 2.829736022949219e+02, 2.828935852050781e+02, 2.828014831542969e+02, 2.827001342773438e+02, 2.825853271484375e+02, 2.824374694824219e+02, 2.822184448242188e+02, 2.817975463867188e+02]
solCol.vol[9].T=[2.931499938964844e+02, 2.921191101074219e+02, 2.924468994140625e+02, 2.925726928710938e+02, 2.926403503417969e+02, 2.926815490722656e+02, 2.92707275390625e+02, 2.92722412109375e+02, 2.927291870117188e+02, 2.9272802734375e+02, 2.927167663574219e+02, 2.92695068359375e+02, 2.926614379882812e+02, 2.926115417480469e+02, 2.925328063964844e+02, 2.923936462402344e+02, 2.920696105957031e+02, 2.89150146484375e+02, 2.8396923828125e+02, 2.814844665527344e+02, 2.813827209472656e+02, 2.814390258789062e+02, 2.814967346191406e+02, 2.815573425292969e+02, 2.81615478515625e+02, 2.816666259765625e+02, 2.817212829589844e+02, 2.818092346191406e+02, 2.81904052734375e+02, 2.819665222167969e+02, 2.819393920898438e+02, 2.817789611816406e+02, 2.81671630859375e+02, 2.822438354492188e+02, 2.914655456542969e+02, 2.934288940429688e+02, 2.937640380859375e+02, 2.940338134765625e+02, 2.942780456542969e+02, 2.945103149414062e+02, 2.947303161621094e+02, 2.949488525390625e+02, 2.951703491210938e+02, 2.953967590332031e+02, 2.956251220703125e+02, 2.958613586425781e+02, 2.961360778808594e+02, 2.964979553222656e+02, 2.971544189453125e+02, 2.985132446289062e+02, 3.044495544433594e+02, 3.367417907714844e+02, 3.328886413574219e+02, 3.172143859863281e+02, 3.127191162109375e+02, 3.102877197265625e+02, 3.087097778320312e+02, 3.076889038085938e+02, 3.073167419433594e+02, 3.073674011230469e+02, 3.077192993164062e+02, 3.07880859375e+02, 3.076147155761719e+02, 3.069457092285156e+02, 3.062326049804688e+02, 3.057802734375e+02, 3.050215759277344e+02, 2.996897277832031e+02, 2.931396789550781e+02, 2.927597351074219e+02, 2.92783203125e+02, 2.928065490722656e+02, 2.92829833984375e+02, 2.928464050292969e+02, 2.928561706542969e+02, 2.928580932617188e+02, 2.928523254394531e+02, 2.928404541015625e+02, 2.928218383789062e+02, 2.927945251464844e+02, 2.927550964355469e+02, 2.926944274902344e+02, 2.925800476074219e+02, 2.922460632324219e+02, 2.890786743164062e+02, 2.855088806152344e+02, 2.831971740722656e+02, 2.829047241210938e+02, 2.828234252929688e+02, 2.828526611328125e+02, 2.829358520507812e+02, 2.830028076171875e+02, 2.829939270019531e+02, 2.829096984863281e+02, 2.827987670898438e+02, 2.826711730957031e+02, 2.825320739746094e+02, 2.823791809082031e+02, 2.821920776367188e+02, 2.819363403320312e+02, 2.815202941894531e+02]
solCol.m_flow=[0e+00, -8.657512813806534e-02, -1.21346540749073e-01, -1.464003771543503e-01, -1.654747277498245e-01, -1.798907369375229e-01, -1.902447938919067e-01, -1.968332380056381e-01, -1.99802577495575e-01, -1.99209913611412e-01, -1.950442492961884e-01, -1.872225105762482e-01, -1.755577623844147e-01, -1.596776694059372e-01, -1.388169527053832e-01, -1.111785918474197e-01, -7.080487161874771e-02, 5.011607334017767e-02, 9.973763674497604e-02, 1.305035352706909e-01, 1.53334304690361e-01, 1.707593202590942e-01, 1.837746351957321e-01, 1.928498297929764e-01, 1.982208043336868e-01, 2.000000029802322e-01, 1.982208043336868e-01, 1.928498297929764e-01, 1.837746351957321e-01, 1.707593202590942e-01, 1.53334304690361e-01, 1.305035352706909e-01, 9.973763674497604e-02, 5.011607334017754e-02, -7.080487161874792e-02, -1.111785918474196e-01, -1.388169527053833e-01, -1.596776694059372e-01, -1.755577623844147e-01, -1.872225105762482e-01, -1.950442492961884e-01, -1.99209913611412e-01, -1.99802577495575e-01, -1.968332380056381e-01, -1.902447938919067e-01, -1.798907369375229e-01, -1.654747277498245e-01, -1.464003771543503e-01, -1.21346540749073e-01, -8.657512813806534e-02, 0e+00, 8.657512813806534e-02, 1.21346540749073e-01, 1.464003771543503e-01, 1.654747277498245e-01, 1.79890736937523e-01, 1.902447938919068e-01, 1.968332380056381e-01, 1.99802577495575e-01, 1.99209913611412e-01, 1.950442492961884e-01, 1.872225105762482e-01, 1.755577623844147e-01, 1.596776694059372e-01, 1.388169527053833e-01, 1.111785918474197e-01, 7.080487161874771e-02, -5.011607334017754e-02, -9.973763674497634e-02, -1.305035352706907e-01, -1.533343046903609e-01, -1.707593202590942e-01, -1.837746351957321e-01, -1.928498297929764e-01, -1.982208043336868e-01, -2.000000029802322e-01, -1.982208043336868e-01, -1.928498297929764e-01, -1.837746351957321e-01, -1.707593202590942e-01, -1.53334304690361e-01, -1.305035352706909e-01, -9.973763674497604e-02, -5.011607334017754e-02, 7.080487161874771e-02, 1.111785918474197e-01, 1.388169527053833e-01, 1.596776694059372e-01, 1.755577623844147e-01, 1.872225105762482e-01, 1.950442492961884e-01, 1.99209913611412e-01, 1.99802577495575e-01, 1.968332380056381e-01, 1.902447938919067e-01, 1.798907369375229e-01, 1.654747277498245e-01, 1.464003771543503e-01, 1.21346540749073e-01, 8.657512813806534e-02, 0e+00]
>>>>>>> master
