<<<<<<< HEAD
last-generated=2022-08-05
statistics-initialization=
{
  "nonlinear": "0, 0, 30, 0, 0, 0, 0, 0, 0, 0, 0, 0, 0, 0, 0, 0, 0, 0, 0, 0, 0, 0, 0, 0, 0, 0, 0,   0, 0, 0, 0, 0, 1, 0, 1, 1, 1",
=======
last-generated=2024-09-16
statistics-initialization=
{
  "nonlinear": "0, 0, 27, 0, 0, 0, 0, 0, 0, 0, 0, 0, 0, 0, 0, 0, 0, 0, 0, 0, 0, 0, 0, 0, 0, 0, 0,   0, 0, 0, 0, 0, 0, 0, 1, 0, 1, 1, 1",
>>>>>>> master
  "numerical Jacobians": "0"
}
statistics-simulation=
{
  "linear": "24",
<<<<<<< HEAD
  "nonlinear": "0, 0, 29, 0, 1, 0, 1, 1, 1",
  "number of continuous time states": "74",
  "numerical Jacobians": "0"
}
time=[0e+00, 1e+03]
pmpNorth.m_flow=[-4.798053284898018e-18, 3.935721158981323e+00, 5.780116558074951e+00, 5.809209823608398e+00, 5.690202236175537e+00, 5.605241298675537e+00, 5.558027267456055e+00, 5.541175842285156e+00, 5.548302173614502e+00, 5.572486400604248e+00, 5.607396602630615e+00, 5.646417617797852e+00, 5.68189525604248e+00, 5.721853256225586e+00, 5.762373447418213e+00, 5.800230503082275e+00, 5.834185600280762e+00, 5.864241123199463e+00, 5.890644073486328e+00, 5.913690090179443e+00, 5.933657169342041e+00, 5.950785636901855e+00, 5.965280055999756e+00, 5.977309226989746e+00, 5.987007141113281e+00, 5.994473934173584e+00, 5.999794006347656e+00, 6.390223026275635e+00, 6.80706262588501e+00, 6.98099422454834e+00, 7.000592231750488e+00, 6.95805025100708e+00, 6.904640674591064e+00, 6.857924938201904e+00, 6.819052696228027e+00, 6.785079479217529e+00, 6.752790927886963e+00, 6.716523170471191e+00, 6.678958415985107e+00, 6.641191482543945e+00, 6.599569320678711e+00, 6.55250358581543e+00, 6.499250411987305e+00, 6.439381122589111e+00, 6.372344493865967e+00, 6.297481060028076e+00, 6.214086055755615e+00, 6.121389865875244e+00, 6.018561840057373e+00, 5.904717922210693e+00, 5.778934001922607e+00, 4.472177982330322e+00, 1.745278358459473e+00, 5.024964213371277e-01, 9.307030588388443e-02, 1.901817880570889e-02, 1.264136657118797e-02, 1.200185623019934e-02, 1.16927158087492e-02, 1.123250368982553e-02, 1.065156608819962e-02, 9.965270757675171e-03, 9.178410284221172e-03, 8.296509273350239e-03, 7.330868858844042e-03, 6.302871275693178e-03, 5.245259962975979e-03, 4.201991483569145e-03, 3.222420811653137e-03, 2.350914524868131e-03, 1.620577648282051e-03, 1.047386089339852e-03, 6.287603755481541e-04, 3.466466441750526e-04, 1.73381413333118e-04, 7.79970214352943e-05, 3.219255449948832e-05, 1.337109097221401e-05, 6.544453299284214e-06, 5.092298124509398e-06, 5.140294888406061e-06, 4.762345270137303e-06, 3.713541673278087e-06, 2.526684738768381e-06, 1.521332023912692e-06, 8.436474558948248e-07, 4.318564208460884e-07, 2.024092253805065e-07, 9.277906087845622e-08, 4.126753339050993e-08, 1.641576297117808e-08, 6.557832055165136e-09, 3.134358328438225e-09, 1.678908234659104e-09, 9.357168373469449e-10, 5.442942208055968e-10, 3.604418985503344e-10, 2.902829643325333e-10, 2.802219289943508e-10, 2.951387190197607e-10, 3.003797210965331e-10]
pmpSouth.m_flow=[-4.231031314750574e-18, 3.541323184967041e+00, 5.228492259979248e+00, 5.277607440948486e+00, 5.183738231658936e+00, 5.114996910095215e+00, 5.076898574829102e+00, 5.063859462738037e+00, 5.070775508880615e+00, 5.09196138381958e+00, 5.122159481048584e+00, 5.155277252197266e+00, 5.186259746551514e+00, 5.221194267272949e+00, 5.256364345550537e+00, 5.289220809936523e+00, 5.318789482116699e+00, 5.34507417678833e+00, 5.368262767791748e+00, 5.388584613800049e+00, 5.406256675720215e+00, 5.421468257904053e+00, 5.434378623962402e+00, 5.445120811462402e+00, 5.453798770904541e+00, 5.46049165725708e+00, 5.465266227722168e+00, 5.777580261230469e+00, 6.105597972869873e+00, 6.243703842163086e+00, 6.263341426849365e+00, 6.234074592590332e+00, 6.194782257080078e+00, 6.15925121307373e+00, 6.128768920898438e+00, 6.101337909698486e+00, 6.074659824371338e+00, 6.04365062713623e+00, 6.012744426727295e+00, 5.980926990509033e+00, 5.945638179779053e+00, 5.905815601348877e+00, 5.860947608947754e+00, 5.810722351074219e+00, 5.754720211029053e+00, 5.692437648773193e+00, 5.623332500457764e+00, 5.546806812286377e+00, 5.46220064163208e+00, 5.368793964385986e+00, 5.26580810546875e+00, 4.085356712341309e+00, 1.594476461410522e+00, 4.636799991130829e-01, 8.308113366365433e-02, 1.691985130310059e-02, 1.125625241547823e-02, 1.0703488253057e-02, 1.045004930347204e-02, 1.006650552153587e-02, 9.579313918948174e-03, 9.001354686915874e-03, 8.335450664162636e-03, 7.584122940897942e-03, 6.753960624337196e-03, 5.859667900949717e-03, 4.926009569317102e-03, 3.989060409367085e-03, 3.092605154961348e-03, 2.279580105096102e-03, 1.585763529874384e-03, 1.032536616548896e-03, 6.233266904018819e-04, 3.449780342634767e-04, 1.729613286443055e-04, 7.7911710832268e-05, 3.217799894628115e-05, 1.336847617494641e-05, 6.543617018905934e-06, 5.091404091217555e-06, 5.138277174410177e-06, 4.757794158649631e-06, 3.705546987475827e-06, 2.515695541660534e-06, 1.509274625277612e-06, 8.325258136210323e-07, 4.231176831126504e-07, 1.965536000625434e-07, 8.917609051195541e-08, 3.923194924482232e-08, 1.543500083300842e-08, 6.10193584549279e-09, 2.889035455311273e-09, 1.534831040039819e-09, 8.494921988067006e-10, 4.913029427733306e-10, 3.238253554194159e-10, 2.598039561263477e-10, 2.500312179520847e-10, 2.626901751678901e-10, 2.668206489087055e-10]
=======
  "nonlinear": "0, 0, 28, 0, 1, 0, 1, 1, 1",
  "number of continuous time states": "42",
  "numerical Jacobians": "0"
}
time=[0e+00, 1e+03]
pmpNorth.m_flow=[0e+00, 2.590249538421631e+00, 4.262870311737061e+00, 5.342912673950195e+00, 5.632701396942139e+00, 5.587465763092041e+00, 5.659871101379395e+00, 5.72075891494751e+00, 5.77045202255249e+00, 5.809041500091553e+00, 5.836326122283936e+00, 5.851733207702637e+00, 5.854201793670654e+00, 5.841949939727783e+00, 5.871561527252197e+00, 5.897579193115234e+00, 5.920300006866455e+00, 5.939990997314453e+00, 5.956876754760742e+00, 5.971152305603027e+00, 5.982978343963623e+00, 5.992483615875244e+00, 5.999772071838379e+00, 6.004926681518555e+00, 6.00800895690918e+00, 6.009047985076904e+00, 6.008043766021729e+00, 6.254583835601807e+00, 6.452489376068115e+00, 6.608295440673828e+00, 6.726650714874268e+00, 6.810895919799805e+00, 6.863189697265625e+00, 6.88466739654541e+00, 6.875686168670654e+00, 6.836347579956055e+00, 6.767463207244873e+00, 6.672103404998779e+00, 6.556652545928955e+00, 6.502885341644287e+00, 6.442150592803955e+00, 6.374245166778564e+00, 6.298480987548828e+00, 6.21410083770752e+00, 6.120287418365479e+00, 6.016170024871826e+00, 5.900822639465332e+00, 5.77329683303833e+00, 5.632644653320312e+00, 5.477948665618896e+00, 5.308369159698486e+00, 4.676821708679199e+00, 3.499765634536743e+00, 1.931761860847473e+00, 2.670318121090531e-03, 3.923899494111538e-03, 5.138687789440155e-03, 6.222850643098354e-03, 7.049929350614548e-03, 7.484263740479946e-03, 7.438621483743191e-03, 6.934305652976036e-03, 6.090645678341389e-03, 5.052099004387856e-03, 3.978175111114979e-03, 2.984269522130489e-03, 2.116366289556026e-03, 1.405934919603169e-03, 8.644828340038657e-04, 4.8353589954786e-04, 2.393960021436214e-04, 1.001821074169129e-04, 3.242614911869168e-05, 6.658349775534589e-06, 4.837495453102747e-07, 3.252411229226482e-09, 4.581450525620312e-07, 6.372310508595547e-06, 3.048385769943707e-05, 8.966114546637982e-05, 1.959576329682022e-04, 3.447227063588798e-04, 5.086141754873097e-04, 6.432319059967995e-04, 7.004695944488049e-04, 6.410443456843495e-04, 4.426890518516302e-04, 1.510438451077789e-04, 3.040060203574058e-09, 2.776960883466018e-10, 3.305936913111651e-10, 3.542172388737441e-10, 3.682064098065041e-10, 3.94887927912535e-10, 4.39077635361329e-10, 4.675734799342024e-10, 4.870174263871263e-10, 5.03946662178123e-10, 5.342175035671914e-10, 5.661335289453007e-10, 5.908845635005378e-10]
pmpSouth.m_flow=[0e+00, 2.347795248031616e+00, 3.88747501373291e+00, 4.879833698272705e+00, 5.157901763916016e+00, 5.119084358215332e+00, 5.179433345794678e+00, 5.230185031890869e+00, 5.271530151367188e+00, 5.303447246551514e+00, 5.325657844543457e+00, 5.337550640106201e+00, 5.338079929351807e+00, 5.325552463531494e+00, 5.351479053497314e+00, 5.374359130859375e+00, 5.394422054290771e+00, 5.411873340606689e+00, 5.426887989044189e+00, 5.439618110656738e+00, 5.450190544128418e+00, 5.458705902099609e+00, 5.465245723724365e+00, 5.469877243041992e+00, 5.472648620605469e+00, 5.473583221435547e+00, 5.47268009185791e+00, 5.67002010345459e+00, 5.826502323150635e+00, 5.948439121246338e+00, 6.040303230285645e+00, 6.105294227600098e+00, 6.145499229431152e+00, 6.162050247192383e+00, 6.155321598052979e+00, 6.125333786010742e+00, 6.072505950927734e+00, 5.998912811279297e+00, 5.909227848052979e+00, 5.86393928527832e+00, 5.813002109527588e+00, 5.756283283233643e+00, 5.693256378173828e+00, 5.623339176177979e+00, 5.545895099639893e+00, 5.460233211517334e+00, 5.365599632263184e+00, 5.261194705963135e+00, 5.146178722381592e+00, 5.019684314727783e+00, 4.880834579467773e+00, 4.316765308380127e+00, 3.241622924804688e+00, 1.795577764511108e+00, 1.734344172291458e-03, 2.846687333658338e-03, 3.970941063016653e-03, 4.977670032531023e-03, 5.769306793808937e-03, 6.272046361118555e-03, 6.422411184757948e-03, 6.179784890264273e-03, 5.574416369199753e-03, 4.708272404968739e-03, 3.75688448548317e-03, 2.855347469449043e-03, 2.049527131021023e-03, 1.375691965222359e-03, 8.528282633051276e-04, 4.79840295156464e-04, 2.384822728345171e-04, 1.000213014776818e-04, 3.240926162106916e-05, 6.65763718643575e-06, 4.837458504880487e-07, 3.333850306930231e-09, 4.58141670378609e-07, 6.339274932543049e-06, 2.983450212923344e-05, 8.546034223400056e-05, 1.811458641896024e-04, 3.098493907600641e-04, 4.448223917279392e-04, 5.412112805061042e-04, 5.508115864358842e-04, 4.487854312174022e-04, 2.616095007397234e-04, 7.70578917581588e-05, 1.492759027499346e-09, 1.350387995868729e-10, 1.59421420509176e-10, 1.69607120015236e-10, 1.752775286023578e-10, 1.870865268260857e-10, 2.072174515310721e-10, 2.198776716255679e-10, 2.285714256755611e-10, 2.360445727767058e-10, 2.498171114417858e-10, 2.64392036042338e-10, 2.756520289803888e-10]
>>>>>>> master
