<<<<<<< HEAD
last-generated=2021-09-20
=======
last-generated=2024-09-13
>>>>>>> master
statistics-initialization=
{
  "nonlinear": "1, 0, 0, 0",
  "numerical Jacobians": "0"
}
statistics-simulation=
{
  "linear": "0",
  "nonlinear": "1, 0, 0, 0, 1, 1",
  "number of continuous time states": "11",
  "numerical Jacobians": "0"
}
<<<<<<< HEAD
TOut.T=[3.031499938964844e+02, 3.031499938964844e+02]
vol.T_start=[2.931499938964844e+02, 2.931499938964844e+02]
vol.T=[2.931499938964844e+02, 2.938323669433594e+02, 2.943529052734375e+02, 2.948023376464844e+02, 2.951911010742188e+02, 2.955275573730469e+02, 2.9581884765625e+02, 2.960711059570312e+02, 2.962896423339844e+02, 2.9647900390625e+02, 2.966430969238281e+02, 2.967853393554688e+02, 2.969086303710938e+02, 2.970155334472656e+02, 2.971082153320312e+02, 2.971885681152344e+02, 2.972582397460938e+02, 2.973186645507812e+02, 2.9737109375e+02, 2.974165344238281e+02, 2.974559326171875e+02, 2.974901428222656e+02, 2.97519775390625e+02, 2.975455017089844e+02, 2.975678100585938e+02, 2.97587158203125e+02, 2.976039428710938e+02, 2.976184997558594e+02, 2.976311340332031e+02, 2.9764208984375e+02, 2.976515808105469e+02, 2.976598205566406e+02, 2.976669616699219e+02, 2.976731567382812e+02, 2.976785583496094e+02, 2.976831970214844e+02, 2.97687255859375e+02, 2.976907653808594e+02, 2.976938171386719e+02, 2.976964416503906e+02, 2.9769873046875e+02, 2.977007446289062e+02, 2.977024536132812e+02, 2.977039489746094e+02, 2.977052307128906e+02, 2.977063598632812e+02, 2.977073364257812e+02, 2.977081909179688e+02, 2.977089233398438e+02, 2.977095642089844e+02, 2.977101135253906e+02, 2.977106018066406e+02, 2.977109985351562e+02, 2.977113647460938e+02, 2.97711669921875e+02, 2.977119445800781e+02, 2.97712158203125e+02, 2.977123718261719e+02, 2.977125244140625e+02, 2.977126770019531e+02, 2.977127990722656e+02, 2.977129211425781e+02, 2.977130432128906e+02, 2.97713134765625e+02, 2.977131958007812e+02, 2.977132873535156e+02, 2.977133483886719e+02, 2.977134094238281e+02, 2.977134399414062e+02, 2.977134704589844e+02, 2.977135314941406e+02, 2.977135314941406e+02, 2.977135620117188e+02, 2.977135925292969e+02, 2.977135925292969e+02, 2.97713623046875e+02, 2.97713623046875e+02, 2.977136535644531e+02, 2.977136535644531e+02, 2.977136535644531e+02, 2.977136840820312e+02, 2.977136840820312e+02, 2.977136840820312e+02, 2.977137145996094e+02, 2.977137145996094e+02, 2.977137145996094e+02, 2.977137145996094e+02, 2.977137145996094e+02, 2.977137145996094e+02, 2.977137145996094e+02, 2.977137145996094e+02, 2.977137145996094e+02, 2.977137145996094e+02, 2.977137145996094e+02, 2.977137145996094e+02, 2.977137145996094e+02, 2.977137145996094e+02, 2.977137145996094e+02, 2.977137145996094e+02, 2.977137145996094e+02, 2.977137145996094e+02]
cooCoi.sta_b2.T=[2.931499938964844e+02, 2.917825927734375e+02, 2.918406677246094e+02, 2.919131469726562e+02, 2.919779357910156e+02, 2.920351867675781e+02, 2.920856018066406e+02, 2.921298828125e+02, 2.92168701171875e+02, 2.9220263671875e+02, 2.922323303222656e+02, 2.922582092285156e+02, 2.922807922363281e+02, 2.923004760742188e+02, 2.923175964355469e+02, 2.923324890136719e+02, 2.923454284667969e+02, 2.92356689453125e+02, 2.923664855957031e+02, 2.923749694824219e+02, 2.923823547363281e+02, 2.923887634277344e+02, 2.923943176269531e+02, 2.923991394042969e+02, 2.924033508300781e+02, 2.92406982421875e+02, 2.924101257324219e+02, 2.924128723144531e+02, 2.924152526855469e+02, 2.924173278808594e+02, 2.924190979003906e+02, 2.92420654296875e+02, 2.924219970703125e+02, 2.924231567382812e+02, 2.924241943359375e+02, 2.92425048828125e+02, 2.924258117675781e+02, 2.924264831542969e+02, 2.924270629882812e+02, 2.924275512695312e+02, 2.92427978515625e+02, 2.924283752441406e+02, 2.924286804199219e+02, 2.92428955078125e+02, 2.9242919921875e+02, 2.924294128417969e+02, 2.924295959472656e+02, 2.924297790527344e+02, 2.924299011230469e+02, 2.924300231933594e+02, 2.924301452636719e+02, 2.924302368164062e+02, 2.924302978515625e+02, 2.924303588867188e+02, 2.92430419921875e+02, 2.924304809570312e+02, 2.924305114746094e+02, 2.924305419921875e+02, 2.924306030273438e+02, 2.924306030273438e+02, 2.924306335449219e+02, 2.924306640625e+02, 2.924306945800781e+02, 2.924306945800781e+02, 2.924307250976562e+02, 2.924307250976562e+02, 2.924307556152344e+02, 2.924307556152344e+02, 2.924307556152344e+02, 2.924307556152344e+02, 2.924307861328125e+02, 2.924307861328125e+02, 2.924307861328125e+02, 2.924307861328125e+02, 2.924307861328125e+02, 2.924307861328125e+02, 2.924307861328125e+02, 2.924307861328125e+02, 2.924307861328125e+02, 2.924308166503906e+02, 2.924308166503906e+02, 2.924308166503906e+02, 2.924308166503906e+02, 2.924308166503906e+02, 2.924308166503906e+02, 2.924308166503906e+02, 2.924308166503906e+02, 2.924308166503906e+02, 2.924308166503906e+02, 2.924308166503906e+02, 2.924308166503906e+02, 2.924308166503906e+02, 2.924308166503906e+02, 2.924308166503906e+02, 2.924308166503906e+02, 2.924308166503906e+02, 2.924308166503906e+02, 2.924308166503906e+02, 2.924308166503906e+02, 2.924308166503906e+02, 2.924308166503906e+02]
time=[0e+00, 1.08e+04]
=======
time=[0e+00, 1.08e+04]
vol.T_start=[2.931499938964844e+02, 2.931499938964844e+02]
vol.T=[2.931499938964844e+02, 2.938084106445312e+02, 2.943312377929688e+02, 2.947831115722656e+02, 2.951741333007812e+02, 2.955126342773438e+02, 2.958057250976562e+02, 2.960596313476562e+02, 2.962796020507812e+02, 2.964702453613281e+02, 2.966354370117188e+02, 2.967786560058594e+02, 2.9690283203125e+02, 2.970104675292969e+02, 2.971037902832031e+02, 2.971847229003906e+02, 2.972549133300781e+02, 2.973157958984375e+02, 2.973685607910156e+02, 2.974143371582031e+02, 2.974540710449219e+02, 2.974884948730469e+02, 2.975183715820312e+02, 2.975442810058594e+02, 2.975667419433594e+02, 2.975862426757812e+02, 2.976031494140625e+02, 2.976177978515625e+02, 2.976305236816406e+02, 2.976415405273438e+02, 2.97651123046875e+02, 2.97659423828125e+02, 2.976666259765625e+02, 2.976728515625e+02, 2.976782836914062e+02, 2.976829833984375e+02, 2.976870422363281e+02, 2.976905822753906e+02, 2.976936645507812e+02, 2.976963195800781e+02, 2.976986389160156e+02, 2.977006225585938e+02, 2.977023620605469e+02, 2.97703857421875e+02, 2.977051696777344e+02, 2.97706298828125e+02, 2.977073059082031e+02, 2.977081604003906e+02, 2.977088928222656e+02, 2.977095336914062e+02, 2.977100830078125e+02, 2.977105712890625e+02, 2.977109985351562e+02, 2.977113647460938e+02, 2.97711669921875e+02, 2.977119445800781e+02, 2.97712158203125e+02, 2.977123718261719e+02, 2.977125549316406e+02, 2.977127075195312e+02, 2.977128295898438e+02, 2.977129516601562e+02, 2.977130737304688e+02, 2.977131652832031e+02, 2.977132263183594e+02, 2.977132873535156e+02, 2.977133483886719e+02, 2.977134094238281e+02, 2.977134399414062e+02, 2.977134704589844e+02, 2.977135009765625e+02, 2.977135314941406e+02, 2.977135620117188e+02, 2.977135925292969e+02, 2.977135925292969e+02, 2.97713623046875e+02, 2.97713623046875e+02, 2.97713623046875e+02, 2.97713623046875e+02, 2.977136535644531e+02, 2.977136535644531e+02, 2.977136535644531e+02, 2.977136535644531e+02, 2.977136535644531e+02, 2.977136535644531e+02, 2.977136840820312e+02, 2.977136840820312e+02, 2.977136840820312e+02, 2.977136840820312e+02, 2.977136840820312e+02, 2.977136840820312e+02, 2.977137145996094e+02, 2.977137145996094e+02, 2.977137145996094e+02, 2.977137145996094e+02, 2.977137145996094e+02, 2.977137145996094e+02, 2.977137145996094e+02, 2.977137451171875e+02, 2.977137451171875e+02, 2.977137451171875e+02]
TOut.T=[3.031499938964844e+02, 3.031499938964844e+02]
senTemSupAir.T=[2.931499938964844e+02, 2.917579956054688e+02, 2.918307189941406e+02, 2.919053649902344e+02, 2.919716186523438e+02, 2.920299987792969e+02, 2.920813293457031e+02, 2.921263427734375e+02, 2.921657409667969e+02, 2.922001647949219e+02, 2.92230224609375e+02, 2.922564697265625e+02, 2.92279296875e+02, 2.922991943359375e+02, 2.923164978027344e+02, 2.9233154296875e+02, 2.923446350097656e+02, 2.923560180664062e+02, 2.923658752441406e+02, 2.923744812011719e+02, 2.923819274902344e+02, 2.923883972167969e+02, 2.923940124511719e+02, 2.923988647460938e+02, 2.924031066894531e+02, 2.924067687988281e+02, 2.924099426269531e+02, 2.924127197265625e+02, 2.924151306152344e+02, 2.924172058105469e+02, 2.924190063476562e+02, 2.924205627441406e+02, 2.924219360351562e+02, 2.92423095703125e+02, 2.924241333007812e+02, 2.924250183105469e+02, 2.9242578125e+02, 2.924264526367188e+02, 2.924270324707031e+02, 2.924275207519531e+02, 2.92427978515625e+02, 2.924283447265625e+02, 2.924286804199219e+02, 2.92428955078125e+02, 2.9242919921875e+02, 2.924294128417969e+02, 2.924295959472656e+02, 2.924297485351562e+02, 2.924299011230469e+02, 2.924300231933594e+02, 2.924301147460938e+02, 2.924302062988281e+02, 2.924302978515625e+02, 2.924303588867188e+02, 2.92430419921875e+02, 2.924304809570312e+02, 2.924305114746094e+02, 2.924305725097656e+02, 2.924306030273438e+02, 2.924306335449219e+02, 2.924306335449219e+02, 2.924306640625e+02, 2.924306945800781e+02, 2.924306945800781e+02, 2.924307250976562e+02, 2.924307250976562e+02, 2.924307556152344e+02, 2.924307556152344e+02, 2.924307556152344e+02, 2.924307556152344e+02, 2.924307861328125e+02, 2.924307861328125e+02, 2.924307861328125e+02, 2.924307861328125e+02, 2.924307861328125e+02, 2.924307861328125e+02, 2.924307861328125e+02, 2.924307861328125e+02, 2.924307861328125e+02, 2.924307861328125e+02, 2.924307861328125e+02, 2.924307861328125e+02, 2.924307861328125e+02, 2.924307861328125e+02, 2.924308166503906e+02, 2.924308166503906e+02, 2.924308166503906e+02, 2.924308166503906e+02, 2.924308166503906e+02, 2.924308166503906e+02, 2.924308166503906e+02, 2.924308166503906e+02, 2.924308166503906e+02, 2.924308166503906e+02, 2.924308166503906e+02, 2.924308166503906e+02, 2.924308166503906e+02, 2.924308166503906e+02, 2.924308166503906e+02, 2.924308166503906e+02, 2.924308166503906e+02]
>>>>>>> master
