<<<<<<< HEAD
last-generated=2022-09-10
=======
last-generated=2023-06-22
>>>>>>> master
statistics-simulation=
{
  "linear": "0",
  "nonlinear": " ",
  "number of continuous time states": "25",
  "numerical Jacobians": "0"
}
time=[0e+00, 3.6e+02]
hex.sta_a1.T=[3.331499938964844e+02, 3.331499938964844e+02, 3.331499938964844e+02, 3.331499938964844e+02, 3.331499938964844e+02, 3.331499938964844e+02, 3.331499938964844e+02, 3.331499938964844e+02, 3.331499938964844e+02, 3.331499938964844e+02, 3.331499938964844e+02, 3.331499938964844e+02, 3.331499938964844e+02, 3.331499938964844e+02, 3.331499938964844e+02, 3.331499938964844e+02, 3.331499938964844e+02, 3.332499999364244e+02, 3.335499875386664e+02, 3.338500059763645e+02, 3.341499938964844e+02, 3.344500123341824e+02, 3.347500002543024e+02, 3.350499875386664e+02, 3.353500059763645e+02, 3.356499938964844e+02, 3.359500123341824e+02, 3.362500002543024e+02, 3.365499875386664e+02, 3.368500059763645e+02, 3.371499938964844e+02, 3.374500123341824e+02, 3.377500002543024e+02, 3.380499875386664e+02, 3.381499938964844e+02, 3.381499938964844e+02, 3.381499938964844e+02, 3.381499938964844e+02, 3.381499938964844e+02, 3.381499938964844e+02, 3.381499938964844e+02, 3.381499938964844e+02, 3.381499938964844e+02, 3.381499938964844e+02, 3.381499938964844e+02, 3.381499938964844e+02, 3.381499938964844e+02, 3.381499938964844e+02, 3.381499938964844e+02, 3.381499938964844e+02, 3.381499938964844e+02, 3.381499938964844e+02, 3.381499938964844e+02, 3.381499938964844e+02, 3.381499938964844e+02, 3.381499938964844e+02, 3.381499938964844e+02, 3.381499938964844e+02, 3.381499938964844e+02, 3.381499938964844e+02, 3.381499938964844e+02, 3.381499938964844e+02, 3.381499938964844e+02, 3.381499938964844e+02, 3.381499938964844e+02, 3.381499938964844e+02, 3.381499938964844e+02, 3.381499938964844e+02, 3.381499938964844e+02, 3.381499938964844e+02, 3.381499938964844e+02, 3.381499938964844e+02, 3.381499938964844e+02, 3.381499938964844e+02, 3.381499938964844e+02, 3.381499938964844e+02, 3.381499938964844e+02, 3.381499938964844e+02, 3.381499938964844e+02, 3.381499938964844e+02, 3.381499938964844e+02, 3.381499938964844e+02, 3.381499938964844e+02, 3.381499938964844e+02, 3.381499938964844e+02, 3.381499938964844e+02, 3.381499938964844e+02, 3.381499938964844e+02, 3.381499938964844e+02, 3.381499938964844e+02, 3.381499938964844e+02, 3.381499938964844e+02, 3.381499938964844e+02, 3.381499938964844e+02, 3.381499938964844e+02, 3.381499938964844e+02, 3.381499938964844e+02, 3.381499938964844e+02, 3.381499938964844e+02, 3.381499938964844e+02, 3.381499938964844e+02]
<<<<<<< HEAD
hex.sta_b1.T=[2.931499938964844e+02, 2.931060790986117e+02, 2.92977478020949e+02, 2.929110107420501e+02, 2.93081756631184e+02, 2.936047058105469e+02, 2.945030211300281e+02, 2.957256466903173e+02, 2.971827395871703e+02, 2.987763970158359e+02, 3.004193725585938e+02, 3.020429083882406e+02, 3.035980221390174e+02, 3.050529177741582e+02, 3.063894953042045e+02, 3.075997314453125e+02, 3.086828617554979e+02, 3.096428525898893e+02, 3.104867852108771e+02, 3.112235409646533e+02, 3.118637084960938e+02, 3.124191286341775e+02, 3.129022525747093e+02, 3.133252865246554e+02, 3.136993406690375e+02, 3.140341491699219e+02, 3.143377991943722e+02, 3.146170656560502e+02, 3.148773191208282e+02, 3.151228941851168e+02, 3.15357177734375e+02, 3.155828248008748e+02, 3.158019411009992e+02, 3.160161436186434e+02, 3.162269591393934e+02, 3.16439453125e+02, 3.16660827253325e+02, 3.16895385948501e+02, 3.171448667266979e+02, 3.174094548095527e+02, 3.176889038085938e+02, 3.179833063751261e+02, 3.182935793733271e+02, 3.186216732992847e+02, 3.189705816701355e+02, 3.193443298339844e+02, 3.19748015650394e+02, 3.201875309109319e+02, 3.206694636870596e+02, 3.211999521241507e+02, 3.217825622558594e+02, 3.224136036371107e+02, 3.230846868660291e+02, 3.237891534454355e+02, 3.245209058042491e+02, 3.252727966308594e+02, 3.260362841017152e+02, 3.268020331174538e+02, 3.27560698823901e+02, 3.283038342464694e+02, 3.290242614746094e+02, 3.297162769239208e+02, 3.303757329632053e+02, 3.309997858603287e+02, 3.31586853984276e+02, 3.321361694335938e+02, 3.326478263063681e+02, 3.331211856786259e+02, 3.335429378927484e+02, 3.339151312006731e+02, 3.342442016601562e+02, 3.345355219908791e+02, 3.347933646465355e+02, 3.350214545750565e+02, 3.35222809154281e+02, 3.354000549316406e+02, 3.355552670851147e+02, 3.356902461505192e+02, 3.358063358057077e+02, 3.359044190938064e+02, 3.359849548339844e+02, 3.360475157757498e+02, 3.36090118294375e+02, 3.36106658906055e+02, 3.360805968806252e+02, 3.360596618652344e+02, 3.36047943130239e+02, 3.360422668586381e+02, 3.36040679932158e+02, 3.360417785683337e+02, 3.360446472167969e+02, 3.360487060471852e+02, 3.360535583325351e+02, 3.360588989444076e+02, 3.360645141699869e+02, 3.360703430175781e+02, 3.360762329000669e+02, 3.360821533001339e+02, 3.360880737506474e+02, 3.360939636331362e+02, 3.360998229980469e+02]
hex.sta_a2.T=[2.781499938964844e+02, 2.781499938964844e+02, 2.781499938964844e+02, 2.781499938964844e+02, 2.781499938964844e+02, 2.781499938964844e+02, 2.781499938964844e+02, 2.781499938964844e+02, 2.781499938964844e+02, 2.781499938964844e+02, 2.781499938964844e+02, 2.781499938964844e+02, 2.781499938964844e+02, 2.781499938964844e+02, 2.781499938964844e+02, 2.781499938964844e+02, 2.781499938964844e+02, 2.781499938964844e+02, 2.781499938964844e+02, 2.781499938964844e+02, 2.781499938964844e+02, 2.781499938964844e+02, 2.781499938964844e+02, 2.781499938964844e+02, 2.781499938964844e+02, 2.781499938964844e+02, 2.781499938964844e+02, 2.781499938964844e+02, 2.781499938964844e+02, 2.781499938964844e+02, 2.781499938964844e+02, 2.781499938964844e+02, 2.781499938964844e+02, 2.781499938964844e+02, 2.781499938964844e+02, 2.781499938964844e+02, 2.781499938964844e+02, 2.781499938964844e+02, 2.781499938964844e+02, 2.781499938964844e+02, 2.781499938964844e+02, 2.781499938964844e+02, 2.781499938964844e+02, 2.781499938964844e+02, 2.781499938964844e+02, 2.781499938964844e+02, 2.781499938964844e+02, 2.781499938964844e+02, 2.781499938964844e+02, 2.781499938964844e+02, 2.781499938964844e+02, 2.781499938964844e+02, 2.781499938964844e+02, 2.781499938964844e+02, 2.781499938964844e+02, 2.781499938964844e+02, 2.781499938964844e+02, 2.781499938964844e+02, 2.781499938964844e+02, 2.781499938964844e+02, 2.781499938964844e+02, 2.781499938964844e+02, 2.781499938964844e+02, 2.781499938964844e+02, 2.781499938964844e+02, 2.781499938964844e+02, 2.781499938964844e+02, 2.781499938964844e+02, 2.781499938964844e+02, 2.781499938964844e+02, 2.781499938964844e+02, 2.781499938964844e+02, 2.781499938964844e+02, 2.781499938964844e+02, 2.781499938964844e+02, 2.781499938964844e+02, 2.781499938964844e+02, 2.781499938964844e+02, 2.781499938964844e+02, 2.781499938964844e+02, 2.781499938964844e+02, 2.781499938964844e+02, 2.781499938964844e+02, 2.781499938964844e+02, 2.781499938964844e+02, 2.781499938964844e+02, 2.781499938964844e+02, 2.781499938964844e+02, 2.781499938964844e+02, 2.781499938964844e+02, 2.781499938964844e+02, 2.781499938964844e+02, 2.781499938964844e+02, 2.781499938964844e+02, 2.781499938964844e+02, 2.781499938964844e+02, 2.781499938964844e+02, 2.781499938964844e+02, 2.781499938964844e+02, 2.781499938964844e+02, 2.781499938964844e+02]
hex.sta_b2.T=[2.931499938964844e+02, 2.840371704019869e+02, 2.839407959037328e+02, 2.841226196153083e+02, 2.844622192813387e+02, 2.849002685546875e+02, 2.853954467232916e+02, 2.859176024273686e+02, 2.864442139777172e+02, 2.869586484669841e+02, 2.874490051269531e+02, 2.879074098531335e+02, 2.883291319939632e+02, 2.887119751738111e+02, 2.89055694440962e+02, 2.893612670898438e+02, 2.896307068925944e+02, 2.8986657710116e+02, 2.900722654599492e+02, 2.902522887459233e+02, 2.904108581542969e+02, 2.905516357979374e+02, 2.906777649930832e+02, 2.907919310592117e+02, 2.908964843321205e+02, 2.909932861328125e+02, 2.910839844121235e+02, 2.911698914281764e+02, 2.912520446091788e+02, 2.913313293125248e+02, 2.914083862304688e+02, 2.914837646800636e+02, 2.915578919080499e+02, 2.916310729362175e+02, 2.919624631235691e+02, 2.926283569335938e+02, 2.933692613873239e+02, 2.941892097225762e+02, 2.950966788864346e+02, 2.961029070900308e+02, 2.97221923828125e+02, 2.984707619469754e+02, 2.998699963884407e+02, 3.014435105644863e+02, 3.032185396127762e+02, 3.052237548828125e+02, 3.074849508192148e+02, 3.100130943136975e+02, 3.127764258189426e+02, 3.156308945773814e+02, 3.181484985351562e+02, 3.197594886697971e+02, 3.209411019835503e+02, 3.219712821175617e+02, 3.229242569318325e+02, 3.238281555175781e+02, 3.246970200315142e+02, 3.255379340493936e+02, 3.263535454596094e+02, 3.27143891694022e+02, 3.279074096679688e+02, 3.286419665487504e+02, 3.293452154231093e+02, 3.300150751273882e+02, 3.306499339013033e+02, 3.312487182617188e+02, 3.318109121577209e+02, 3.323364567256836e+02, 3.328251033583921e+02, 3.332755439369927e+02, 3.336870727539062e+02, 3.340604852318981e+02, 3.343974903597411e+02, 3.347003183436253e+02, 3.349713749409025e+02, 3.352131958007812e+02, 3.354282223088155e+02, 3.356187127647518e+02, 3.357868352440281e+02, 3.359344179551113e+02, 3.360631408691406e+02, 3.361743467466184e+02, 3.362691037043313e+02, 3.363479311425856e+02, 3.364100342666108e+02, 3.36454833984375e+02, 3.364859008336337e+02, 3.365075072610959e+02, 3.365226746019389e+02, 3.365334472803709e+02, 3.365411682128906e+02, 3.365468444738848e+02, 3.365509948606293e+02, 3.365540771577507e+02, 3.365564270053162e+02, 3.365581970214844e+02, 3.365595092755328e+02, 3.365604858372567e+02, 3.365611572286321e+02, 3.365616149907518e+02, 3.365618286132812e+02]
hex.hexReg[1].ele[1, 1].vol1.T=[2.931499938964844e+02, 3.088121645798083e+02, 3.169403994628114e+02, 3.213863828711523e+02, 3.239710695375138e+02, 3.255706176757812e+02, 3.266183470736402e+02, 3.273371275539331e+02, 3.27847442715655e+02, 3.282184752032629e+02, 3.284924926757812e+02, 3.286969605218488e+02, 3.288504333206673e+02, 3.289661255089126e+02, 3.290535277989823e+02, 3.291196899414062e+02, 3.291697998226025e+02, 3.292160644386378e+02, 3.293455198821614e+02, 3.295383910244824e+02, 3.297643737792969e+02, 3.300088502044348e+02, 3.302643434822608e+02, 3.305267942093006e+02, 3.307938231283593e+02, 3.310640563964844e+02, 3.313365479674602e+02, 3.316106569713702e+02, 3.318860471295455e+02, 3.321623533983691e+02, 3.324393615722656e+02, 3.32716888545443e+02, 3.329948122473947e+02, 3.332730100179716e+02, 3.335205382439956e+02, 3.336733093261719e+02, 3.337751463335528e+02, 3.338521729096407e+02, 3.339173888631114e+02, 3.33977600198032e+02, 3.340369567871094e+02, 3.340982970128148e+02, 3.341638489354194e+02, 3.342356871923485e+02, 3.343161622565755e+02, 3.34407958984375e+02, 3.345144956573951e+02, 3.346403809781184e+02, 3.347919004959729e+02, 3.349782413274251e+02, 3.352130737304688e+02, 3.355099481915961e+02, 3.35838531771338e+02, 3.361565854327188e+02, 3.364435124119943e+02, 3.366932678222656e+02, 3.369066463901357e+02, 3.370871278234341e+02, 3.372389830343893e+02, 3.373663637194159e+02, 3.374730834960938e+02, 3.375624083065327e+02, 3.376372070881641e+02, 3.376998290521507e+02, 3.377522888982978e+02, 3.377962341308594e+02, 3.378330993070268e+02, 3.378638000710764e+02, 3.378870544260265e+02, 3.379045410407189e+02, 3.379179077148438e+02, 3.379280700530961e+02, 3.379355773703299e+02, 3.379407959118899e+02, 3.379439697301843e+02, 3.379452819824219e+02, 3.379447326680852e+02, 3.37942291270631e+02, 3.379378967088544e+02, 3.379312133649364e+02, 3.379217834472656e+02, 3.379087219491807e+02, 3.37890350414233e+02, 3.378626402484048e+02, 3.378146971833583e+02, 3.377680053710938e+02, 3.377250061743995e+02, 3.37684631481663e+02, 3.376460875192038e+02, 3.376089476920769e+02, 3.375728454589844e+02, 3.375375671979143e+02, 3.375029603214933e+02, 3.374689024735451e+02, 3.374353637131346e+02, 3.374022827148438e+02, 3.37369598443775e+02, 3.373373109001872e+02, 3.373054198142557e+02, 3.372738341754821e+02, 3.372426452636719e+02]
hex.hexReg[1].ele[1, 1].vol2.T=[2.931499938964844e+02, 2.817386779915032e+02, 2.823795471598294e+02, 2.831556396076113e+02, 2.838753662803016e+02, 2.844812622070312e+02, 2.849683227070491e+02, 2.85350372241435e+02, 2.856459961471069e+02, 2.8587301627121e+02, 2.860465698242188e+02, 2.861789551256612e+02, 2.862797851371385e+02, 2.863565673965883e+02, 2.86415008522803e+02, 2.864595336914062e+02, 2.86493438732862e+02, 2.865193176220378e+02, 2.865412292295498e+02, 2.865645141497436e+02, 2.865913391113281e+02, 2.86621948256028e+02, 2.866558838193304e+02, 2.866925964035974e+02, 2.867315368484188e+02, 2.867721557617188e+02, 2.868141174496849e+02, 2.868570557009273e+02, 2.869007873162628e+02, 2.86945098858068e+02, 2.869898376464844e+02, 2.870349121285188e+02, 2.870802307514369e+02, 2.871257629007774e+02, 2.874019468203449e+02, 2.879134521484375e+02, 2.884811086164183e+02, 2.891119390473847e+02, 2.89817046493474e+02, 2.906111159522269e+02, 2.915131225585938e+02, 2.92547361426369e+02, 2.93745667617999e+02, 2.951502367659856e+02, 2.968181794202419e+02, 2.988287658691406e+02, 3.012947952557018e+02, 3.043816253318038e+02, 3.083399315828831e+02, 3.135656233748448e+02, 3.20712890625e+02, 3.255206247315726e+02, 3.276759657831062e+02, 3.291979968775498e+02, 3.304199847510674e+02, 3.314291687011719e+02, 3.322690721635936e+02, 3.329702458946388e+02, 3.335568232679126e+02, 3.340482185221161e+02, 3.344603881835938e+02, 3.34806548525632e+02, 3.350976259546454e+02, 3.353426816909991e+02, 3.355492251693886e+02, 3.357235717773438e+02, 3.358709714460812e+02, 3.359957276347816e+02, 3.361013793109711e+02, 3.361904908587326e+02, 3.362653503417969e+02, 3.363280638660203e+02, 3.363804929990117e+02, 3.364242249859702e+02, 3.364605103087507e+02, 3.36490478515625e+02, 3.365150146104086e+02, 3.365348204955874e+02, 3.365504456021719e+02, 3.365623169108294e+02, 3.365706481933594e+02, 3.365755615174874e+02, 3.365769653325486e+02, 3.365743102835905e+02, 3.365660094994948e+02, 3.365501403808594e+02, 3.365280151775934e+02, 3.365015870082294e+02, 3.364724425245078e+02, 3.364415893019178e+02, 3.3640966796875e+02, 3.363771668034087e+02, 3.363443909803817e+02, 3.363115538433196e+02, 3.362787475032319e+02, 3.362461242675781e+02, 3.362137146544538e+02, 3.361815491809197e+02, 3.361496886130838e+02, 3.361181029743102e+02, 3.360868530273438e+02]
hex.hexReg[1].ele[1, 2].vol1.T=[2.931499938964844e+02, 2.968465272579018e+02, 3.030054934804453e+02, 3.085319211193516e+02, 3.128259891498859e+02, 3.160141296386719e+02, 3.18360473413467e+02, 3.200982357576016e+02, 3.214002687872591e+02, 3.223874202798929e+02, 3.231433410644531e+02, 3.237264711587531e+02, 3.241786192983597e+02, 3.245303955718085e+02, 3.248045653247199e+02, 3.250185241699219e+02, 3.251855164182164e+02, 3.253163757069399e+02, 3.254400633658388e+02, 3.255871581359923e+02, 3.257613525390625e+02, 3.259575196188847e+02, 3.261699525792304e+02, 3.263942258808403e+02, 3.266270140602979e+02, 3.268660888671875e+02, 3.271098633855062e+02, 3.273571474278963e+02, 3.27607177521594e+02, 3.278593138576771e+02, 3.281130981445312e+02, 3.283681946884735e+02, 3.286242983132701e+02, 3.288811948504044e+02, 3.291354674243939e+02, 3.2936083984375e+02, 3.295473019540211e+02, 3.297025758032426e+02, 3.298369444712947e+02, 3.299591066452878e+02, 3.300757446289062e+02, 3.301920774377782e+02, 3.303124085528153e+02, 3.304407957860323e+02, 3.305812990819099e+02, 3.30738525390625e+02, 3.309180599806525e+02, 3.311271669437537e+02, 3.313755796076217e+02, 3.316770635675112e+02, 3.320520324707031e+02, 3.32523619742962e+02, 3.330659489607845e+02, 3.33624358661189e+02, 3.341601571179394e+02, 3.346527709960938e+02, 3.350940849811575e+02, 3.354831546009772e+02, 3.358227231167779e+02, 3.361171879571234e+02, 3.363715515136719e+02, 3.365906368575272e+02, 3.367790833976014e+02, 3.36940948357366e+02, 3.370798647166744e+02, 3.371990661621094e+02, 3.373012388509494e+02, 3.373884583170163e+02, 3.374584655222329e+02, 3.375140381684629e+02, 3.375586547851562e+02, 3.375945739189888e+02, 3.376233214447277e+02, 3.376459961594599e+02, 3.376633911378578e+02, 3.37676025390625e+02, 3.376843261607509e+02, 3.376885070712823e+02, 3.376885986245341e+02, 3.376844787481241e+02, 3.376757507324219e+02, 3.376616516395264e+02, 3.376406861179403e+02, 3.37609405375293e+02, 3.375598754039449e+02, 3.375118713378906e+02, 3.374673462648771e+02, 3.37425171038653e+02, 3.373845823844897e+02, 3.373451232247884e+02, 3.373064270019531e+02, 3.372682800937133e+02, 3.372305604300149e+02, 3.371931151081293e+02, 3.371559447613546e+02, 3.371189270019531e+02, 3.37082092347503e+02, 3.37045379762848e+02, 3.37008819455902e+02, 3.369723510123894e+02, 3.369360046386719e+02]
hex.hexReg[1].ele[1, 2].vol2.T=[2.931499938964844e+02, 2.814164123511873e+02, 2.814852295062948e+02, 2.818429870373689e+02, 2.823474426843038e+02, 2.828914184570312e+02, 2.83411468452745e+02, 2.838770140668624e+02, 2.842776184847461e+02, 2.846137999167616e+02, 2.848912963867188e+02, 2.851177979360928e+02, 2.853011779429443e+02, 2.854487915312638e+02, 2.855670470734153e+02, 2.856614685058594e+02, 2.857366638460403e+02, 2.857963867072378e+02, 2.858440551386578e+02, 2.858837890465899e+02, 2.859193420410156e+02, 2.8595333863734e+02, 2.859872436813182e+02, 2.860217895212894e+02, 2.860573425140336e+02, 2.860939331054688e+02, 2.861315612954656e+02, 2.861701050134531e+02, 2.862094115875921e+02, 2.862494201489414e+02, 2.862899475097656e+02, 2.863309631522279e+02, 2.863723450060157e+02, 2.864140624645581e+02, 2.866685789160744e+02, 2.871427307128906e+02, 2.876731252813624e+02, 2.882655950194837e+02, 2.889294732876339e+02, 2.896777967771285e+02, 2.9052783203125e+02, 2.915022565532609e+02, 2.926310130121789e+02, 2.939539172597664e+02, 2.955251494529607e+02, 2.97419921875e+02, 2.997452654848465e+02, 3.02658480632528e+02, 3.063980372558769e+02, 3.113410439526803e+02, 3.181111755371094e+02, 3.227156016838615e+02, 3.248525405110922e+02, 3.264194018529076e+02, 3.277290364502274e+02, 3.288594665527344e+02, 3.298452437783411e+02, 3.307084357343189e+02, 3.314653619403651e+02, 3.321291819474021e+02, 3.327109680175781e+02, 3.332203055784741e+02, 3.336657413147487e+02, 3.340547787406125e+02, 3.343941960859414e+02, 3.3468994140625e+02, 3.349473872826856e+02, 3.351712953402503e+02, 3.353656004307173e+02, 3.355332033842177e+02, 3.356768798828125e+02, 3.357994077644418e+02, 3.359035030878672e+02, 3.359915774180032e+02, 3.360657960117482e+02, 3.361279907226562e+02, 3.361797484539244e+02, 3.362223509412468e+02, 3.36256866557006e+02, 3.36284149209503e+02, 3.363048400878906e+02, 3.363193664346408e+02, 3.363278503211009e+02, 3.36330017083635e+02, 3.363247375309778e+02, 3.363108215332031e+02, 3.362898254787756e+02, 3.362639771433959e+02, 3.362348631772525e+02, 3.362035521912493e+02, 3.361707763671875e+02, 3.361370545010495e+02, 3.361026917678406e+02, 3.360679320104215e+02, 3.360328978897177e+02, 3.359977416992188e+02, 3.359625244738223e+02, 3.359272767308477e+02, 3.358920286890742e+02, 3.358568114639364e+02, 3.358216857910156e+02]
hex.hexReg[1].ele[1, 1].Gc_1=[5.608318359375e+03, 5.608318359375e+03]
hex.hexReg[1].ele[1, 1].Gc_2=[2.8041591796875e+03, 2.8041591796875e+03]
hex.Q1_flow=[0e+00, -1.303698544045571e+05, -2.220693944193972e+05, -2.838528409530448e+05, -3.265009723790771e+05, -3.5639609375e+05, -3.77333154343499e+05, -3.916802161784282e+05, -4.01045063967795e+05, -4.066209356772268e+05, -4.0934809375e+05, -4.099851873572802e+05, -4.091423440277241e+05, -4.073023120198523e+05, -4.048379386193071e+05, -4.0202978125e+05, -3.99083217494927e+05, -3.961916255742566e+05, -3.939885953534947e+05, -3.924990005252485e+05, -3.915925625e+05, -3.911791561866205e+05, -3.911886877002713e+05, -3.915612495723043e+05, -3.922432496635655e+05, -3.93186125e+05, -3.943461255396198e+05, -3.95685126213416e+05, -3.97170061197707e+05, -3.987729368031566e+05, -4.0047021875e+05, -4.022426882673754e+05, -4.040745953281959e+05, -4.059531858939887e+05, -4.074209684495931e+05, -4.0685521875e+05, -4.046175672323359e+05, -4.011181839835969e+05, -3.96574441681325e+05, -3.910812084937799e+05, -3.8465596875e+05, -3.772557007404209e+05, -3.687850547242562e+05, -3.590967586638515e+05, -3.479851357701437e+05, -3.3517571875e+05, -3.20309183024626e+05, -3.029222962704775e+05, -2.82429831062312e+05, -2.581227824557337e+05, -2.2923634375e+05, -1.985374551107585e+05, -1.738269823316899e+05, -1.551005767057495e+05, -1.406315411870046e+05, -1.290227812499999e+05, -1.193143123355576e+05, -1.108747433272051e+05, -1.03299717124253e+05, -9.633771525902815e+04, -8.98381328125e+04, -8.371476796143189e+04, -7.79212608719019e+04, -7.243477017444924e+04, -6.724515556262714e+04, -6.234835546875e+04, -5.774195292631816e+04, -5.339958618278924e+04, -4.908441770420515e+04, -4.488379778334016e+04, -4.091730468750003e+04, -3.724053337215356e+04, -3.387058132145923e+04, -3.080511325285505e+04, -2.802931002526903e+04, -2.5520345703125e+04, -2.325176150707107e+04, -2.119585240900042e+04, -1.932371468631121e+04, -1.760544253198113e+04, -1.60077021484375e+04, -1.449000839929845e+04, -1.29942766013423e+04, -1.140222333483945e+04, -9.458546023607052e+03, -8.0393525390625e+03, -7.087362208219197e+03, -6.44570936850559e+03, -6.011721011922066e+03, -5.718325292302339e+03, -5.519568359375e+03, -5.38465888572534e+03, -5.293563738648646e+03, -5.231888018704402e+03, -5.189935978871348e+03, -5.16123193359375e+03, -5.141528348897846e+03, -5.12798685573697e+03, -5.118603977688529e+03, -5.111805654571304e+03, -5.10672314453125e+03]
hex.Q2_flow=[0e+00, 1.651553437221659e+05, 1.663271721297353e+05, 1.730623901749396e+05, 1.835073293976332e+05, 1.962593125e+05, 2.103311547231965e+05, 2.249863250005961e+05, 2.396631124464553e+05, 2.539391503012016e+05, 2.67510375e+05, 2.801733488610896e+05, 2.918077163751894e+05, 3.023593770973515e+05, 3.118241836702094e+05, 3.2023421875e+05, 3.276459716506882e+05, 3.341320611993957e+05, 3.398004329452857e+05, 3.447789979949694e+05, 3.49179e+05, 3.530965953039567e+05, 3.56615909058831e+05, 3.59809934889321e+05, 3.627409987965843e+05, 3.6546165625e+05, 3.680155947970531e+05, 3.704385644986066e+05, 3.727594980620576e+05, 3.750016865609635e+05, 3.771835625e+05, 3.793196571459887e+05, 3.814214080176058e+05, 3.834975919970966e+05, 3.817144397754365e+05, 3.759600625e+05, 3.697215422384288e+05, 3.627939312017866e+05, 3.549765069692282e+05, 3.46064796112989e+05, 3.3583146875e+05, 3.24009614994119e+05, 3.102741122389322e+05, 2.942192332433083e+05, 2.75330370876955e+05, 2.529494375e+05, 2.262334392645594e+05, 1.941155164311847e+05, 1.552952073471212e+05, 1.08350669024512e+05, 5.225251171875e+04, 2.423176124883442e+04, 1.866100757813823e+04, 1.671796022340445e+04, 1.558489786232443e+04, 1.476213867187499e+04, 1.411278323979835e+04, 1.357370661508197e+04, 1.310732068860053e+04, 1.26904446443579e+04, 1.230864453125e+04, 1.195321640737586e+04, 1.161917550780174e+04, 1.130375514422395e+04, 1.100556494107925e+04, 1.07239189453125e+04, 1.045845942356942e+04, 1.020861600392347e+04, 9.96401485623384e+03, 9.720088459807002e+03, 9.484209960937502e+03, 9.262130248585718e+03, 9.056514345820266e+03, 8.868104864806961e+03, 8.696657929018606e+03, 8.541162109375e+03, 8.400186753270964e+03, 8.272086355791444e+03, 8.155160268352073e+03, 8.047629708622359e+03, 7.94747802734375e+03, 7.852265784276586e+03, 7.758736646818906e+03, 7.661230597980101e+03, 7.543215127090962e+03, 7.433232421875e+03, 7.354610465216775e+03, 7.301339997033018e+03, 7.265383693297867e+03, 7.241099577047814e+03, 7.22470849609375e+03, 7.213639664340323e+03, 7.206212911917068e+03, 7.201228014098296e+03, 7.197874995537938e+03, 7.19561083984375e+03, 7.194079103768696e+03, 7.193042483457256e+03, 7.192334958967239e+03, 7.191825194600557e+03, 7.191439453125e+03]
hex.m1_flow=[5e+00, 5e+00, 5e+00, 5e+00, 5e+00, 5e+00, 5e+00, 5e+00, 5e+00, 5e+00, 5e+00, 5e+00, 5e+00, 5e+00, 5e+00, 5e+00, 5e+00, 5e+00, 5e+00, 5e+00, 5e+00, 5e+00, 5e+00, 5e+00, 5e+00, 5e+00, 5e+00, 5e+00, 5e+00, 5e+00, 5e+00, 5e+00, 5e+00, 5e+00, 5e+00, 5e+00, 5e+00, 5e+00, 5e+00, 5e+00, 5e+00, 5e+00, 5e+00, 5e+00, 5e+00, 5e+00, 5e+00, 5e+00, 5e+00, 5e+00, 5e+00, 5e+00, 5e+00, 5e+00, 5e+00, 5e+00, 5e+00, 5e+00, 5e+00, 5e+00, 5e+00, 5e+00, 5e+00, 5e+00, 5e+00, 5e+00, 5e+00, 4.949848523303864e+00, 4.796248567840523e+00, 4.637563907683278e+00, 4.473253726959229e+00, 4.302674110435072e+00, 4.1250459121242e+00, 3.939415522714712e+00, 3.744595663763673e+00, 3.53906774520874e+00, 3.32084359933708e+00, 3.087232690216632e+00, 2.83443026748209e+00, 2.556755279016255e+00, 2.244994401931763e+00, 1.88228649387918e+00, 1.43038623053662e+00, 7.409412473875931e-01, 1.384000033140182e-01, 1.384000033140182e-01, 1.384000033140182e-01, 1.384000033140182e-01, 1.384000033140182e-01, 1.384000033140182e-01, 1.384000033140182e-01, 1.384000033140182e-01, 1.384000033140182e-01, 1.384000033140182e-01, 1.384000033140182e-01, 1.384000033140182e-01, 1.384000033140182e-01, 1.384000033140182e-01, 1.384000033140182e-01, 1.384000033140182e-01, 1.384000033140182e-01]
hex.m2_flow=[2.8e+01, 2.8e+01, 2.8e+01, 2.8e+01, 2.8e+01, 2.8e+01, 2.8e+01, 2.8e+01, 2.8e+01, 2.8e+01, 2.8e+01, 2.8e+01, 2.8e+01, 2.8e+01, 2.8e+01, 2.8e+01, 2.8e+01, 2.8e+01, 2.8e+01, 2.8e+01, 2.8e+01, 2.8e+01, 2.8e+01, 2.8e+01, 2.8e+01, 2.8e+01, 2.8e+01, 2.8e+01, 2.8e+01, 2.8e+01, 2.8e+01, 2.8e+01, 2.8e+01, 2.8e+01, 2.688596605626623e+01, 2.521327590942384e+01, 2.354058740011376e+01, 2.186789370838231e+01, 2.019520519908031e+01, 1.852251150734078e+01, 1.684982299804688e+01, 1.51771354424192e+01, 1.35044407970094e+01, 1.183175324137767e+01, 1.015905859597191e+01, 8.486371040344238e+00, 6.813690160359981e+00, 5.140911114676161e+00, 3.468156802308162e+00, 1.814795037034011e+00, 1.229736134409904e-01, 1.239999979734421e-01, 1.239999979734421e-01, 1.239999979734421e-01, 1.239999979734421e-01, 1.239999979734421e-01, 1.239999979734421e-01, 1.239999979734421e-01, 1.239999979734421e-01, 1.239999979734421e-01, 1.239999979734421e-01, 1.239999979734421e-01, 1.239999979734421e-01, 1.239999979734421e-01, 1.239999979734421e-01, 1.239999979734421e-01, 1.239999979734421e-01, 1.239999979734421e-01, 1.239999979734421e-01, 1.239999979734421e-01, 1.239999979734421e-01, 1.239999979734421e-01, 1.239999979734421e-01, 1.239999979734421e-01, 1.239999979734421e-01, 1.239999979734421e-01, 1.239999979734421e-01, 1.239999979734421e-01, 1.239999979734421e-01, 1.239999979734421e-01, 1.239999979734421e-01, 1.239999979734421e-01, 1.239999979734421e-01, 1.239999979734421e-01, 1.239999979734421e-01, 1.239999979734421e-01, 1.239999979734421e-01, 1.239999979734421e-01, 1.239999979734421e-01, 1.239999979734421e-01, 1.239999979734421e-01, 1.239999979734421e-01, 1.239999979734421e-01, 1.239999979734421e-01, 1.239999979734421e-01, 1.239999979734421e-01, 1.239999979734421e-01, 1.239999979734421e-01, 1.239999979734421e-01, 1.239999979734421e-01, 1.239999979734421e-01]
=======
hex.sta_b1.T=[2.931499938964844e+02, 2.931431884758915e+02, 2.931096496568368e+02, 2.931278381307638e+02, 2.933515930605871e+02, 2.938975830078125e+02, 2.947961119510843e+02, 2.960031125149953e+02, 2.974342959772518e+02, 2.989959099695822e+02, 3.006039733886719e+02, 3.021922308832603e+02, 3.037133785913471e+02, 3.051369936956838e+02, 3.064457392118777e+02, 3.07632080078125e+02, 3.086953129199352e+02, 3.096392820363208e+02, 3.104707329742259e+02, 3.111982113782373e+02, 3.11831787109375e+02, 3.123828737500068e+02, 3.128634647314896e+02, 3.132853390154073e+02, 3.136593016064082e+02, 3.139947509765625e+02, 3.142995911871417e+02, 3.145803224934106e+02, 3.148422544221397e+02, 3.150895079539366e+02, 3.153254089355469e+02, 3.155526123991778e+02, 3.157731630259915e+02, 3.15988647279718e+02, 3.162004088462953e+02, 3.164108581542969e+02, 3.166247860101161e+02, 3.168464662573142e+02, 3.170782773876566e+02, 3.173209232737614e+02, 3.175743408203125e+02, 3.178384394863525e+02, 3.181135866649497e+02, 3.184007565881026e+02, 3.18701660681929e+02, 3.190185852050781e+02, 3.193543695338184e+02, 3.197122500717324e+02, 3.200957333080786e+02, 3.205082404774394e+02, 3.209527587890625e+02, 3.214308768520146e+02, 3.219422611920673e+02, 3.22485137469136e+02, 3.230567942088867e+02, 3.236534729003906e+02, 3.242702931321451e+02, 3.249015508331349e+02, 3.255409845638926e+02, 3.261823130961903e+02, 3.268194274902344e+02, 3.274469899112997e+02, 3.280603032455667e+02, 3.286556086329907e+02, 3.292299814197322e+02, 3.297812805175781e+02, 3.303080130400565e+02, 3.30807800694989e+02, 3.312622066624727e+02, 3.316703802874922e+02, 3.320372314453125e+02, 3.32366912306546e+02, 3.326629934239528e+02, 3.329284676386857e+02, 3.331658939300616e+02, 3.333773193359375e+02, 3.335643612711385e+02, 3.337282404421527e+02, 3.338695683046754e+02, 3.339884340163938e+02, 3.340841674804688e+02, 3.341547545375201e+02, 3.341958617227568e+02, 3.341955259823139e+02, 3.341253660952985e+02, 3.340656127929688e+02, 3.340234375618294e+02, 3.339941101922756e+02, 3.339743651831524e+02, 3.339618530123391e+02, 3.339548645019531e+02, 3.339520874046721e+02, 3.339525451603242e+02, 3.339554748680029e+02, 3.339603576758462e+02, 3.339666748046875e+02, 3.339741210805563e+02, 3.339824523636037e+02, 3.339914245921083e+02, 3.340008850263225e+02, 3.340107116699219e+02]
hex.sta_a2.T=[2.781499938964844e+02, 2.781499938964844e+02, 2.781499938964844e+02, 2.781499938964844e+02, 2.781499938964844e+02, 2.781499938964844e+02, 2.781499938964844e+02, 2.781499938964844e+02, 2.781499938964844e+02, 2.781499938964844e+02, 2.781499938964844e+02, 2.781499938964844e+02, 2.781499938964844e+02, 2.781499938964844e+02, 2.781499938964844e+02, 2.781499938964844e+02, 2.781499938964844e+02, 2.781499938964844e+02, 2.781499938964844e+02, 2.781499938964844e+02, 2.781499938964844e+02, 2.781499938964844e+02, 2.781499938964844e+02, 2.781499938964844e+02, 2.781499938964844e+02, 2.781499938964844e+02, 2.781499938964844e+02, 2.781499938964844e+02, 2.781499938964844e+02, 2.781499938964844e+02, 2.781499938964844e+02, 2.781499938964844e+02, 2.781499938964844e+02, 2.781499938964844e+02, 2.781499938964844e+02, 2.781499938964844e+02, 2.781499938964844e+02, 2.781499938964844e+02, 2.781499938964844e+02, 2.781499938964844e+02, 2.781499938964844e+02, 2.781499938964844e+02, 2.781499938964844e+02, 2.781499938964844e+02, 2.781499938964844e+02, 2.781499938964844e+02, 2.781499938964844e+02, 2.781499938964844e+02, 2.781499938964844e+02, 2.781499938964844e+02, 2.781499938964844e+02, 2.781499938964844e+02, 2.781499938964844e+02, 2.781499938964844e+02, 2.781499938964844e+02, 2.781499938964844e+02, 2.781499938964844e+02, 2.781499938964844e+02, 2.781499938964844e+02, 2.781499938964844e+02, 2.781499938964844e+02, 2.781499938964844e+02, 2.781499938964844e+02, 2.781499938964844e+02, 2.781499938964844e+02, 2.781499938964844e+02, 2.781499938964844e+02, 2.781499938964844e+02, 2.781499938964844e+02, 2.781499938964844e+02, 2.781499938964844e+02, 2.781499938964844e+02, 2.781499938964844e+02, 2.781499938964844e+02, 2.781499938964844e+02, 2.781499938964844e+02, 2.781499938964844e+02, 2.781499938964844e+02, 2.781499938964844e+02, 2.781499938964844e+02, 2.781499938964844e+02, 2.781499938964844e+02, 2.781499938964844e+02, 2.781499938964844e+02, 2.781499938964844e+02, 2.781499938964844e+02, 2.781499938964844e+02, 2.781499938964844e+02, 2.781499938964844e+02, 2.781499938964844e+02, 2.781499938964844e+02, 2.781499938964844e+02, 2.781499938964844e+02, 2.781499938964844e+02, 2.781499938964844e+02, 2.781499938964844e+02, 2.781499938964844e+02, 2.781499938964844e+02, 2.781499938964844e+02, 2.781499938964844e+02, 2.781499938964844e+02]
hex.sta_b2.T=[2.931499938964844e+02, 2.894885557980492e+02, 2.862326659118456e+02, 2.84891143841538e+02, 2.84567474366156e+02, 2.847064514160156e+02, 2.85060668902061e+02, 2.85518707172913e+02, 2.860231019160062e+02, 2.865398862560077e+02, 2.870472717285156e+02, 2.875311281269464e+02, 2.879826964405237e+02, 2.883971253270217e+02, 2.887723997499693e+02, 2.891084899902344e+02, 2.894067078807984e+02, 2.896691894003825e+02, 2.898988035267429e+02, 2.900990904958454e+02, 2.902742919921875e+02, 2.904284668576049e+02, 2.905653687607391e+02, 2.906881712867311e+02, 2.907995910188572e+02, 2.909018859863281e+02, 2.909969787985707e+02, 2.910863953370134e+02, 2.911713256128392e+02, 2.912527770655903e+02, 2.913315734863281e+02, 2.914083252273913e+02, 2.914834900533572e+02, 2.915574950548407e+02, 2.917077635603105e+02, 2.92118896484375e+02, 2.926929310770309e+02, 2.933684698532118e+02, 2.941249688149751e+02, 2.949593520820012e+02, 2.958753967285156e+02, 2.968802472559972e+02, 2.979827890739139e+02, 2.991930531346671e+02, 3.005216088258724e+02, 3.019783630371094e+02, 3.035706759177506e+02, 3.052998367377479e+02, 3.071549666514389e+02, 3.091014742909667e+02, 3.110609436035156e+02, 3.128412447245322e+02, 3.143800976418663e+02, 3.157392872291791e+02, 3.169620380914323e+02, 3.180792846679688e+02, 3.191139509311078e+02, 3.200829475703894e+02, 3.20998809054133e+02, 3.218706374249604e+02, 3.227049560546875e+02, 3.235062547660352e+02, 3.242774664594315e+02, 3.25020415639273e+02, 3.257361767232501e+02, 3.264252319335938e+02, 3.270877979668393e+02, 3.277239079963821e+02, 3.283332514458137e+02, 3.289147958785486e+02, 3.294671020507812e+02, 3.299890128078161e+02, 3.304797652241698e+02, 3.309392409967233e+02, 3.313676459590582e+02, 3.31765625e+02, 3.321340325982837e+02, 3.324738758386442e+02, 3.32786316923278e+02, 3.33072449189403e+02, 3.333333129882812e+02, 3.335698848689602e+02, 3.337828667409109e+02, 3.339725958108892e+02, 3.341385195427052e+02, 3.342792053222656e+02, 3.343957822883194e+02, 3.344911496048384e+02, 3.345686342644811e+02, 3.346314698204707e+02, 3.346824645996094e+02, 3.347239379236062e+02, 3.347578734290892e+02, 3.347857972034769e+02, 3.348089599961207e+02, 3.34828369140625e+02, 3.348447875715275e+02, 3.348588256390973e+02, 3.348710022350359e+02, 3.348816528488468e+02, 3.348910827636719e+02]
hex.hexReg[1].ele[1, 1].vol1.T=[2.931499938964844e+02, 3.088471072080953e+02, 3.170145571787061e+02, 3.214691770606782e+02, 3.240433656784103e+02, 3.256257019042969e+02, 3.266563109425577e+02, 3.273608702324631e+02, 3.278604126845149e+02, 3.282239073348855e+02, 3.284929809570312e+02, 3.286943665268674e+02, 3.288461913775666e+02, 3.289610901084897e+02, 3.290483398107011e+02, 3.291146545410156e+02, 3.291651611509215e+02, 3.292118835303377e+02, 3.293418577725277e+02, 3.295352171961633e+02, 3.297615966796875e+02, 3.300064087982495e+02, 3.302621156991869e+02, 3.305246884962806e+02, 3.30791778450625e+02, 3.310620422363281e+02, 3.313345032897905e+02, 3.316086122936358e+02, 3.318839414166549e+02, 3.32160217167965e+02, 3.324371643066406e+02, 3.327146607622399e+02, 3.329925539466134e+02, 3.332707211996122e+02, 3.335181273555178e+02, 3.336692199707031e+02, 3.337677916036921e+02, 3.338404541556309e+02, 3.339006957522749e+02, 3.339555664967951e+02, 3.340090026855469e+02, 3.340635680213261e+02, 3.341211548359909e+02, 3.341833190372111e+02, 3.34251709107775e+02, 3.343280029296875e+02, 3.344142759691202e+02, 3.345130005793437e+02, 3.346272581979479e+02, 3.347611391664375e+02, 3.34919921875e+02, 3.351094356926371e+02, 3.353258058564061e+02, 3.355559385237029e+02, 3.357872318312933e+02, 3.360106201171875e+02, 3.362205501917445e+02, 3.364141542080839e+02, 3.365904234404057e+02, 3.367495119715002e+02, 3.368921813964844e+02, 3.370196531138697e+02, 3.371331788005771e+02, 3.372340697427281e+02, 3.373236695748441e+02, 3.374031066894531e+02, 3.374735716635157e+02, 3.37535491989408e+02, 3.375849303817636e+02, 3.376246033312441e+02, 3.376574401855469e+02, 3.376849059623977e+02, 3.377079161873295e+02, 3.377270508386815e+02, 3.377426452866962e+02, 3.377549438476562e+02, 3.377640380727438e+02, 3.377698974454155e+02, 3.377723999033785e+02, 3.377711486754318e+02, 3.377655029296875e+02, 3.377542114495817e+02, 3.377349549131467e+02, 3.377015073981346e+02, 3.376380919339137e+02, 3.37578369140625e+02, 3.375258484737843e+02, 3.374787294017148e+02, 3.374356382885536e+02, 3.373957213703544e+02, 3.373582458496094e+02, 3.373227539654924e+02, 3.372888489902638e+02, 3.372562254778008e+02, 3.372246703576401e+02, 3.371940002441406e+02, 3.371640625501879e+02, 3.371347657238235e+02, 3.371060484872305e+02, 3.370777892592985e+02, 3.370499877929688e+02]
hex.hexReg[1].ele[1, 1].vol2.T=[2.931499938964844e+02, 2.845584715963293e+02, 2.828735656610144e+02, 2.830095824972587e+02, 2.835757446940179e+02, 2.841752319335938e+02, 2.846990050755041e+02, 2.85126556313862e+02, 2.854649963995906e+02, 2.857286681122562e+02, 2.85932373046875e+02, 2.860889893143385e+02, 2.862091064225145e+02, 2.863011169599162e+02, 2.863715514868964e+02, 2.864254455566406e+02, 2.864667053371409e+02, 2.864983520447341e+02, 2.865235595501339e+02, 2.865472717182969e+02, 2.865728759765625e+02, 2.866017151010196e+02, 2.866338806440795e+02, 2.866690063170003e+02, 2.867066039876081e+02, 2.867461547851562e+02, 2.867872619806116e+02, 2.868295593625193e+02, 2.86872741662354e+02, 2.869166564754495e+02, 2.869610900878906e+02, 2.870059204292354e+02, 2.870510559464907e+02, 2.870964049907506e+02, 2.872410277147753e+02, 2.876301574707031e+02, 2.881226187451861e+02, 2.88682190447812e+02, 2.893059381690248e+02, 2.900011304100022e+02, 2.907795715332031e+02, 2.916567672373133e+02, 2.926523141453752e+02, 2.937908620175716e+02, 2.951038842679788e+02, 2.966319274902344e+02, 2.984278531929326e+02, 3.005618001095554e+02, 3.031279273419939e+02, 3.062550108792262e+02, 3.101222534179688e+02, 3.139585512111374e+02, 3.170384239429931e+02, 3.195745219290032e+02, 3.217041048324715e+02, 3.235187377929688e+02, 3.250818456447105e+02, 3.264389353851615e+02, 3.276238698978511e+02, 3.286627213553394e+02, 3.295762023925781e+02, 3.303811937712362e+02, 3.310917058810582e+02, 3.317195734682036e+02, 3.322749642535719e+02, 3.327666320800781e+02, 3.332021782519308e+02, 3.335881961051421e+02, 3.339305111981881e+02, 3.342337651262569e+02, 3.345022277832031e+02, 3.347395626054048e+02, 3.349492180737575e+02, 3.351342474077301e+02, 3.352973940552001e+02, 3.354411926269531e+02, 3.355677488195817e+02, 3.356789852376619e+02, 3.357765505977177e+02, 3.358618470570588e+02, 3.359360961914062e+02, 3.360002745560165e+02, 3.360550535376083e+02, 3.361008912503924e+02, 3.361374512236151e+02, 3.361637573242188e+02, 3.361799621372484e+02, 3.361872253283445e+02, 3.361869506696239e+02, 3.3618051145857e+02, 3.361691589355469e+02, 3.361539612095802e+02, 3.361357117351143e+02, 3.361151427487948e+02, 3.360928344333338e+02, 3.360691833496094e+02, 3.360445557064893e+02, 3.360192261611421e+02, 3.359934081146495e+02, 3.359672240765973e+02, 3.359408874511719e+02]
hex.hexReg[1].ele[1, 2].vol1.T=[2.931499938964844e+02, 2.968875428847047e+02, 3.031083682387219e+02, 3.086665951906391e+02, 3.129628299690503e+02, 3.161348876953125e+02, 3.184572751739635e+02, 3.201700741416495e+02, 3.214497072595854e+02, 3.22418487181409e+02, 3.231602478027344e+02, 3.237331239872919e+02, 3.241781920535271e+02, 3.245253601707064e+02, 3.247967833432035e+02, 3.250093078613281e+02, 3.251758118283727e+02, 3.25306793187344e+02, 3.25431030162067e+02, 3.255788573544189e+02, 3.257538452148438e+02, 3.259508057519559e+02, 3.261639406168571e+02, 3.263887632339679e+02, 3.266220091772914e+02, 3.268614196777344e+02, 3.271053773016512e+02, 3.2735284444951e+02, 3.276029355782346e+02, 3.278551329494094e+02, 3.281089172363281e+02, 3.283640137802704e+02, 3.286200868873594e+02, 3.28876952907045e+02, 3.291310423757598e+02, 3.293545227050781e+02, 3.295366818456295e+02, 3.296857606117456e+02, 3.298125304157796e+02, 3.299259950569828e+02, 3.300327758789062e+02, 3.301378477216288e+02, 3.302450562454758e+02, 3.303576659177069e+02, 3.304787294643203e+02, 3.306114501953125e+02, 3.307592770811692e+02, 3.309263307195568e+02, 3.311176450920242e+02, 3.31339661058193e+02, 3.316007080078125e+02, 3.319104608656951e+02, 3.322682803521548e+02, 3.32659698146784e+02, 3.330668341899279e+02, 3.334737854003906e+02, 3.338687432386096e+02, 3.342438052375537e+02, 3.345943905808192e+02, 3.349183660000554e+02, 3.352152404785156e+02, 3.354856868147754e+02, 3.357309267093787e+02, 3.359526365384359e+02, 3.361525882088263e+02, 3.363326416015625e+02, 3.364945676082543e+02, 3.366392823372862e+02, 3.367600096711994e+02, 3.368598634331071e+02, 3.369436645507812e+02, 3.370147093598629e+02, 3.370751646029663e+02, 3.371264955186179e+02, 3.371697388352411e+02, 3.372056274414062e+02, 3.372345275436529e+02, 3.372567138009603e+02, 3.372720947648501e+02, 3.372804260318582e+02, 3.372809448242188e+02, 3.372723083713402e+02, 3.372518616612585e+02, 3.372131650865909e+02, 3.371413878191575e+02, 3.370745544433594e+02, 3.370162049281513e+02, 3.36964111497315e+02, 3.369167173761463e+02, 3.368729247332862e+02, 3.368318786621094e+02, 3.367929993322532e+02, 3.367557679469592e+02, 3.367199095484492e+02, 3.366850585355425e+02, 3.366510620117188e+02, 3.366177063549661e+02, 3.365849000130675e+02, 3.365525511603597e+02, 3.365205382762684e+02, 3.364888305664062e+02]
hex.hexReg[1].ele[1, 2].vol2.T=[2.931499938964844e+02, 2.844095458052204e+02, 2.822763976661033e+02, 2.819545593256302e+02, 2.822108459902746e+02, 2.826612243652344e+02, 2.831560668422738e+02, 2.836291502940328e+02, 2.840522766935625e+02, 2.844164122092902e+02, 2.847223815917969e+02, 2.849753724095254e+02, 2.85182342488972e+02, 2.853503418281454e+02, 2.854859618614817e+02, 2.85594970703125e+02, 2.856822815264135e+02, 2.857520446642496e+02, 2.858078002497658e+02, 2.858533019839734e+02, 2.858924560546875e+02, 2.859283447413731e+02, 2.859630432421238e+02, 2.859977416697269e+02, 2.860330810396182e+02, 2.860693359375e+02, 2.861065063636956e+02, 2.8614462283546e+02, 2.861835631991789e+02, 2.86223175031948e+02, 2.86263427734375e+02, 2.863041382009914e+02, 2.863453064315383e+02, 2.863868102674218e+02, 2.865200804583342e+02, 2.868800048828125e+02, 2.873384391166697e+02, 2.878622746451543e+02, 2.88448241668806e+02, 2.891023876604914e+02, 2.89835205078125e+02, 2.906608872021988e+02, 2.915976876263337e+02, 2.926687002128731e+02, 2.93903688811124e+02, 2.953409729003906e+02, 2.970306060704351e+02, 2.990390033607287e+02, 3.014554421267665e+02, 3.044020442270785e+02, 3.080488891601562e+02, 3.116780339385375e+02, 3.146110861971678e+02, 3.170473003199409e+02, 3.191157868930809e+02, 3.209025573730469e+02, 3.224667028027836e+02, 3.238499156432725e+02, 3.250823659447763e+02, 3.261865557101008e+02, 3.271798095703125e+02, 3.280757736884496e+02, 3.288855292105571e+02, 3.296182855361203e+02, 3.302819529641919e+02, 3.308832702636719e+02, 3.314282522857101e+02, 3.319221805702992e+02, 3.32369720094605e+02, 3.327745672958478e+02, 3.331399536132812e+02, 3.334689020536745e+02, 3.337643423029755e+02, 3.340291451268505e+02, 3.342660526212092e+02, 3.344775695800781e+02, 3.346661068727267e+02, 3.348337091750785e+02, 3.349823613075739e+02, 3.351136476671216e+02, 3.352290954589844e+02, 3.353298033056266e+02, 3.354167477700657e+02, 3.354904177034684e+02, 3.355506592673869e+02, 3.355965881347656e+02, 3.356288451687951e+02, 3.35648986763114e+02, 3.356589965975533e+02, 3.356606445268521e+02, 3.356555786132812e+02, 3.356451416222585e+02, 3.356304627013288e+02, 3.356124266910678e+02, 3.355917968377472e+02, 3.35569091796875e+02, 3.355447998468557e+02, 3.355192871973331e+02, 3.354927977599826e+02, 3.354655761250502e+02, 3.354378051757812e+02]
hex.hexReg[1].ele[1, 1].Gc_1=[5.608318359375e+03, 5.608318359375e+03]
hex.hexReg[1].ele[1, 1].Gc_2=[2.8041591796875e+03, 2.8041591796875e+03]
hex.Q1_flow=[0e+00, -1.126958229651447e+05, -2.030592540166603e+05, -2.700468406473683e+05, -3.180639103693251e+05, -3.520048125e+05, -3.756540291051139e+05, -3.916932471394124e+05, -4.020430328606472e+05, -4.081391542660959e+05, -4.1109353125e+05, -4.117810310991343e+05, -4.108878752941815e+05, -4.089447807443216e+05, -4.063539386748718e+05, -4.03413e+05, -4.003365299414816e+05, -3.973224693494561e+05, -3.950070016947559e+05, -3.934179380648524e+05, -3.9242740625e+05, -3.919451561609905e+05, -3.918993439093428e+05, -3.9222762460661e+05, -3.928740621773407e+05, -3.9378796875e+05, -3.949240942804805e+05, -3.962430011979189e+05, -3.977108112113498e+05, -3.992988743090509e+05, -4.009833125e+05, -4.027445632630044e+05, -4.04566720320646e+05, -4.064368421507439e+05, -4.080772182396526e+05, -4.08341375e+05, -4.070781905896346e+05, -4.045224972677277e+05, -4.009054721396441e+05, -3.963824602305239e+05, -3.91035375e+05, -3.848887922167063e+05, -3.779223999086064e+05, -3.700787257131352e+05, -3.612665152362459e+05, -3.513609375e+05, -3.402024573432798e+05, -3.275950509911574e+05, -3.133042939884182e+05, -2.97058032744617e+05, -2.7855453125e+05, -2.581506599277328e+05, -2.380934993692514e+05, -2.196752024506739e+05, -2.032473491526883e+05, -1.887376406249999e+05, -1.75908895722513e+05, -1.644851159316323e+05, -1.542083989948025e+05, -1.448607662108465e+05, -1.3626834375e+05, -1.282976693862454e+05, -1.208490329848896e+05, -1.138495214180318e+05, -1.072463094903679e+05, -1.010014296875e+05, -9.508729887413637e+04, -8.944858112324098e+04, -8.371619238707586e+04, -7.798822479913272e+04, -7.242229687500004e+04, -6.710185258359207e+04, -6.206725885458612e+04, -5.733334002951748e+04, -5.289824277639292e+04, -4.874936328125e+04, -4.486694781757961e+04, -4.122570735546562e+04, -3.779548093495686e+04, -3.454058056633586e+04, -3.14163828125e+04, -2.836120048042916e+04, -2.527790709441427e+04, -2.19346726168282e+04, -1.784591974357465e+04, -1.47142119140625e+04, -1.24322231406942e+04, -1.073653147652211e+04, -9.457567619425978e+03, -8.482334531147353e+03, -7.73277880859375e+03, -7.153078033945778e+03, -6.703063387937996e+03, -6.352935015885438e+03, -6.079889250291567e+03, -5.86616845703125e+03, -5.698427992023921e+03, -5.566681556777136e+03, -5.463357119539231e+03, -5.382205935792993e+03, -5.3181650390625e+03]
hex.Q2_flow=[0e+00, 1.040028064198928e+05, 1.523257359323819e+05, 1.756547490166355e+05, 1.912415639986589e+05, 2.0515109375e+05, 2.189845454034714e+05, 2.329028720526878e+05, 2.466791903747106e+05, 2.600313225639292e+05, 2.7271925e+05, 2.845698797877681e+05, 2.954759977721146e+05, 3.053869394725793e+05, 3.142965276414747e+05, 3.222316875e+05, 3.292420652478357e+05, 3.353925925152588e+05, 3.407901206513849e+05, 3.455659043201373e+05, 3.4982096875e+05, 3.53638001520247e+05, 3.570894090141938e+05, 3.602390599204478e+05, 3.631425613059885e+05, 3.658475625e+05, 3.683940322954637e+05, 3.708151269990039e+05, 3.731378105596734e+05, 3.753840615589767e+05, 3.7757125e+05, 3.797132821485054e+05, 3.818210330226391e+05, 3.839030294923282e+05, 3.845825317696854e+05, 3.81481625e+05, 3.766663839001505e+05, 3.70908025965991e+05, 3.643586620741586e+05, 3.569687677844064e+05, 3.4862159375e+05, 3.391678293468932e+05, 3.28431302672138e+05, 3.162059796655788e+05, 3.0224628685892e+05, 2.8626125e+05, 2.679063141336943e+05, 2.467767148829235e+05, 2.224081937327148e+05, 1.942910887544769e+05, 1.6191221875e+05, 1.328684018278727e+05, 1.122810715736327e+05, 9.71777535491194e+04, 8.575321783189134e+04, 7.687321093749994e+04, 6.979964380457123e+04, 6.403605033138472e+04, 5.923905457436728e+04, 5.516509915858255e+04, 5.16389765625e+04, 4.85331143971464e+04, 4.575427903372094e+04, 4.323420127840156e+04, 4.092288688988127e+04, 3.878385546875e+04, 3.679047985197541e+04, 3.49226937815904e+04, 3.314253273996458e+04, 3.140902834926211e+04, 2.971429687500001e+04, 2.806617072673502e+04, 2.647609905424147e+04, 2.495386803446401e+04, 2.350629059347583e+04, 2.213681640625e+04, 2.08458771360116e+04, 1.963130089290918e+04, 1.848871110717427e+04, 1.741181073515912e+04, 1.6392244140625e+04, 1.541901920243159e+04, 1.447683910621e+04, 1.353960026851847e+04, 1.253927167327174e+04, 1.151337109375e+04, 1.057934720131831e+04, 9.77852498716019e+03, 9.114668909996806e+03, 8.57541228524152e+03, 8.1429208984375e+03, 7.79906840103609e+03, 7.527074567639403e+03, 7.312591168154682e+03, 7.143868405465042e+03, 7.01154443359375e+03, 6.907946936251948e+03, 6.826798588965908e+03, 6.76309795821738e+03, 6.713109301926485e+03, 6.67395947265625e+03]
hex.m1_flow=[5e+00, 5e+00, 5e+00, 5e+00, 5e+00, 5e+00, 5e+00, 5e+00, 5e+00, 5e+00, 5e+00, 5e+00, 5e+00, 5e+00, 5e+00, 5e+00, 5e+00, 5e+00, 5e+00, 5e+00, 5e+00, 5e+00, 5e+00, 5e+00, 5e+00, 5e+00, 5e+00, 5e+00, 5e+00, 5e+00, 5e+00, 5e+00, 5e+00, 5e+00, 5e+00, 5e+00, 5e+00, 5e+00, 5e+00, 5e+00, 5e+00, 5e+00, 5e+00, 5e+00, 5e+00, 5e+00, 5e+00, 5e+00, 5e+00, 5e+00, 5e+00, 5e+00, 5e+00, 5e+00, 5e+00, 5e+00, 5e+00, 5e+00, 5e+00, 5e+00, 5e+00, 5e+00, 5e+00, 5e+00, 5e+00, 5e+00, 5e+00, 4.949848523303864e+00, 4.796248567840523e+00, 4.637563907683278e+00, 4.473253726959229e+00, 4.302674110435072e+00, 4.1250459121242e+00, 3.939415522714712e+00, 3.744595663763673e+00, 3.53906774520874e+00, 3.32084359933708e+00, 3.087232690216632e+00, 2.83443026748209e+00, 2.556755279016255e+00, 2.244994401931763e+00, 1.88228649387918e+00, 1.43038623053662e+00, 7.409412473875931e-01, 1.384000033140182e-01, 1.384000033140182e-01, 1.384000033140182e-01, 1.384000033140182e-01, 1.384000033140182e-01, 1.384000033140182e-01, 1.384000033140182e-01, 1.384000033140182e-01, 1.384000033140182e-01, 1.384000033140182e-01, 1.384000033140182e-01, 1.384000033140182e-01, 1.384000033140182e-01, 1.384000033140182e-01, 1.384000033140182e-01, 1.384000033140182e-01, 1.384000033140182e-01]
hex.m2_flow=[2.8e+01, 2.8e+01, 2.8e+01, 2.8e+01, 2.8e+01, 2.8e+01, 2.8e+01, 2.8e+01, 2.8e+01, 2.8e+01, 2.8e+01, 2.8e+01, 2.8e+01, 2.8e+01, 2.8e+01, 2.8e+01, 2.8e+01, 2.8e+01, 2.8e+01, 2.8e+01, 2.8e+01, 2.8e+01, 2.8e+01, 2.8e+01, 2.8e+01, 2.8e+01, 2.8e+01, 2.8e+01, 2.8e+01, 2.8e+01, 2.8e+01, 2.8e+01, 2.8e+01, 2.8e+01, 2.689059900634999e+01, 2.521730613708497e+01, 2.354401872132282e+01, 2.187072421324409e+01, 2.019743489014138e+01, 1.852414038205457e+01, 1.685085296630859e+01, 1.517756268953159e+01, 1.350426913511909e+01, 1.183097981201638e+01, 1.015768530394574e+01, 8.484393119812012e+00, 6.811102366169551e+00, 5.13804675352729e+00, 3.464151370761331e+00, 1.727289104977047e+00, 1.18265338242054e-01, 1.239999979734421e-01, 1.239999979734421e-01, 1.239999979734421e-01, 1.239999979734421e-01, 1.239999979734421e-01, 1.239999979734421e-01, 1.239999979734421e-01, 1.239999979734421e-01, 1.239999979734421e-01, 1.239999979734421e-01, 1.239999979734421e-01, 1.239999979734421e-01, 1.239999979734421e-01, 1.239999979734421e-01, 1.239999979734421e-01, 1.239999979734421e-01, 1.239999979734421e-01, 1.239999979734421e-01, 1.239999979734421e-01, 1.239999979734421e-01, 1.239999979734421e-01, 1.239999979734421e-01, 1.239999979734421e-01, 1.239999979734421e-01, 1.239999979734421e-01, 1.239999979734421e-01, 1.239999979734421e-01, 1.239999979734421e-01, 1.239999979734421e-01, 1.239999979734421e-01, 1.239999979734421e-01, 1.239999979734421e-01, 1.239999979734421e-01, 1.239999979734421e-01, 1.239999979734421e-01, 1.239999979734421e-01, 1.239999979734421e-01, 1.239999979734421e-01, 1.239999979734421e-01, 1.239999979734421e-01, 1.239999979734421e-01, 1.239999979734421e-01, 1.239999979734421e-01, 1.239999979734421e-01, 1.239999979734421e-01, 1.239999979734421e-01, 1.239999979734421e-01, 1.239999979734421e-01, 1.239999979734421e-01, 1.239999979734421e-01]
>>>>>>> master
