<<<<<<< HEAD
last-generated=2021-12-15
=======
last-generated=2023-05-17
>>>>>>> master
statistics-simulation=
{
  "linear": "0, 0",
  "nonlinear": " ",
  "number of continuous time states": "8",
  "numerical Jacobians": "0"
}
time=[0e+00, 7.2e+03]
<<<<<<< HEAD
dooOpe.vAB=[-1.828544676785171e-10, 7.744491449557245e-04, 3.126408206298947e-03, 6.824564188718796e-03, 1.150044240057468e-02, 1.634598709642887e-02, 2.088560163974762e-02, 2.475745603442192e-02, 2.793893031775951e-02, 3.069211542606354e-02, 3.287404030561447e-02, 3.471832722425461e-02, 3.618446737527847e-02, 3.731796517968178e-02, 3.813650831580162e-02, 3.785678744316101e-02, 3.578037023544312e-02, 3.387875109910965e-02, 3.234697133302689e-02, 3.098013624548912e-02, 2.963963337242603e-02, 2.822437696158886e-02, 2.665749564766884e-02, 2.485298551619053e-02, 2.279411256313324e-02, 2.037849090993404e-02, 1.727424748241901e-02, 1.319135166704654e-02, 9.126138873398271e-03, 3.492848481982946e-03, 3.25475842691958e-03, 1.052926573902369e-02, 1.673942245543003e-02, 2.138028293848038e-02, 2.460222132503986e-02, 2.690499275922775e-02, 2.854816056787968e-02, 2.96954307705164e-02, 3.045486658811569e-02, 3.090913593769073e-02, 3.109617531299591e-02, 3.104282543063164e-02, 3.07721383869648e-02, 3.029255382716656e-02, 2.961136400699615e-02, 2.870305068790913e-02, 2.758398465812206e-02, 2.619920670986176e-02, 2.452904172241688e-02, 2.253635413944721e-02, 2.006781846284866e-02, 1.706331036984921e-02, 1.347223483026028e-02, 8.898299187421799e-03, 3.290762193500957e-03, 3.169928677380139e-03, 1.073025725781922e-02, 1.662073843181133e-02, 2.143167518079281e-02, 2.463618107140064e-02, 2.687975391745567e-02, 2.854172140359879e-02, 2.969769388437271e-02, 3.044886700809002e-02, 3.087048791348934e-02, 3.10349352657795e-02, 3.100168332457542e-02, 3.074426762759686e-02, 3.02540622651577e-02, 2.957002259790897e-02, 2.866455540060997e-02, 2.752996049821377e-02, 2.617792226374149e-02, 2.451957017183304e-02, 2.25012544542551e-02, 1.995438151061535e-02, 1.715601235628128e-02, 1.345400046557188e-02, 9.30469948798418e-03, 3.354310756549239e-03, 3.335019340738654e-03, 1.068410649895668e-02, 1.68079175055027e-02, 2.14424766600132e-02, 2.461335062980652e-02, 2.693399600684643e-02, 2.855824306607246e-02, 2.969736605882645e-02, 3.04766409099102e-02, 3.090672008693218e-02, 3.116651996970177e-02, 3.109642677009106e-02, 3.080328926444054e-02, 3.031845204532146e-02, 2.961230464279652e-02, 2.86313034594059e-02, 2.752614393830299e-02, 2.615531533956528e-02, 2.451770938932896e-02, 2.25512683391571e-02, 2.004491910338402e-02]
dooOpe.vBA=[1.828547174786976e-10, 7.83747062087059e-04, 3.144021378830075e-03, 6.866686511784792e-03, 1.146634388715029e-02, 1.641799695789814e-02, 2.093749307096004e-02, 2.478193119168282e-02, 2.803885750472546e-02, 3.066929429769516e-02, 3.295781835913658e-02, 3.478732332587242e-02, 3.625870868563652e-02, 3.739211335778236e-02, 3.820675984025002e-02, 3.790257498621941e-02, 3.581408783793449e-02, 3.391041979193687e-02, 3.237622231245041e-02, 3.100467473268509e-02, 2.96582318842411e-02, 2.82397847622633e-02, 2.667257376015186e-02, 2.490060403943062e-02, 2.277233451604843e-02, 2.019063010811806e-02, 1.723539642989635e-02, 1.390858646482227e-02, 8.917136117815971e-03, 3.46675980836153e-03, 3.247717162594199e-03, 1.044344715774059e-02, 1.670407876372337e-02, 2.13088933378458e-02, 2.458807080984116e-02, 2.688021399080753e-02, 2.851173281669617e-02, 2.965828962624073e-02, 3.04261539131403e-02, 3.087218664586544e-02, 3.105437569320202e-02, 3.100870549678802e-02, 3.074002079665661e-02, 3.026344813406467e-02, 2.957595512270927e-02, 2.868826687335968e-02, 2.755492366850376e-02, 2.619172446429729e-02, 2.454659901559353e-02, 2.250445447862148e-02, 2.007024735212326e-02, 1.707418635487556e-02, 1.329874433577061e-02, 8.830358274281025e-03, 3.342199372127612e-03, 3.688683500513472e-03, 1.056843530386691e-02, 1.707121357321739e-02, 2.142133563756943e-02, 2.467524632811546e-02, 2.699362114071846e-02, 2.859470434486866e-02, 2.972431480884552e-02, 3.043109551072121e-02, 3.090281970798969e-02, 3.111743554472923e-02, 3.104687295854092e-02, 3.076393343508244e-02, 3.028965555131435e-02, 2.959390357136726e-02, 2.869491837918758e-02, 2.757121063768864e-02, 2.61818915605545e-02, 2.456836402416229e-02, 2.25574541836977e-02, 2.01951377093792e-02, 1.699557714164257e-02, 1.333893463015556e-02, 8.463369682431221e-03, 3.354933811351657e-03, 3.408969147130847e-03, 1.048373151570559e-02, 1.676920615136623e-02, 2.13253740221262e-02, 2.461722306907177e-02, 2.686721459031105e-02, 2.851072140038013e-02, 2.966075763106346e-02, 3.0396843329072e-02, 3.084370493888855e-02, 3.113112226128578e-02, 3.104995749890804e-02, 3.077353909611702e-02, 3.027939423918724e-02, 2.955561690032482e-02, 2.860996685922146e-02, 2.750560268759727e-02, 2.615051344037056e-02, 2.448460273444653e-02, 2.242027781903744e-02, 2.005279064178467e-02]
dooOpeClo.vAB=[-9.164435876840571e-11, 3.714343474712223e-04, 1.559961936436594e-03, 3.409753320738673e-03, 5.714734550565481e-03, 8.061368018388748e-03, 1.024057157337666e-02, 1.215398497879505e-02, 1.383013185113668e-02, 1.535248104482889e-02, 1.660839654505253e-02, 1.769412122666836e-02, 1.857748627662659e-02, 1.927228458225727e-02, 2.066314034163953e-02, 3.039447776973248e-02, 3.578037023544312e-02, 3.387875109910965e-02, 3.234697133302689e-02, 3.098013624548912e-02, 2.963963337242603e-02, 2.822437696158886e-02, 2.665749564766884e-02, 2.485298551619053e-02, 2.279411256313324e-02, 2.037849090993404e-02, 1.727424748241901e-02, 1.319135166704654e-02, 9.126138873398271e-03, 3.492848481982946e-03, 3.25475842691958e-03, 1.052926573902369e-02, 1.673942245543003e-02, 2.138028293848038e-02, 2.460222132503986e-02, 2.690499275922775e-02, 2.854816056787968e-02, 2.96954307705164e-02, 3.045486658811569e-02, 3.090913593769073e-02, 3.109617531299591e-02, 3.104282543063164e-02, 3.07721383869648e-02, 3.029255382716656e-02, 2.961136400699615e-02, 2.870305068790913e-02, 2.758398465812206e-02, 2.619920670986176e-02, 2.452904172241688e-02, 2.253635413944721e-02, 2.006781846284866e-02, 1.706331036984921e-02, 1.347223483026028e-02, 8.898299187421799e-03, 3.290762193500957e-03, 3.169928677380139e-03, 1.073025725781922e-02, 1.662073843181133e-02, 2.143167518079281e-02, 2.463618107140064e-02, 2.687975391745567e-02, 2.854172140359879e-02, 2.969769388437271e-02, 3.044886700809002e-02, 3.087048791348934e-02, 3.10349352657795e-02, 3.100168332457542e-02, 3.074426762759686e-02, 3.02540622651577e-02, 2.957002259790897e-02, 2.866455540060997e-02, 2.752996049821377e-02, 2.617792226374149e-02, 2.451957017183304e-02, 2.25012544542551e-02, 1.995438151061535e-02, 1.715601235628128e-02, 1.345400046557188e-02, 9.30469948798418e-03, 3.354310756549239e-03, 3.335019340738654e-03, 1.068410649895668e-02, 1.68079175055027e-02, 2.14424766600132e-02, 2.461335062980652e-02, 2.693399600684643e-02, 2.855824306607246e-02, 2.969736605882645e-02, 3.04766409099102e-02, 3.090672008693218e-02, 3.116651996970177e-02, 3.109642677009106e-02, 3.080328926444054e-02, 3.031845204532146e-02, 2.961230464279652e-02, 2.86313034594059e-02, 2.752614393830299e-02, 2.615531533956528e-02, 2.451770938932896e-02, 2.25512683391571e-02, 2.004491910338402e-02]
dooOpeClo.vBA=[9.164442121845084e-11, 3.760939580388367e-04, 1.568777719512582e-03, 3.430733224377036e-03, 5.697924643754959e-03, 8.096450008451939e-03, 1.026585325598717e-02, 1.216619741171599e-02, 1.388140209019184e-02, 1.534048467874527e-02, 1.665311492979527e-02, 1.773150637745857e-02, 1.861824095249176e-02, 1.931336149573326e-02, 2.070380374789239e-02, 3.043212927877903e-02, 3.581408783793449e-02, 3.391041979193687e-02, 3.237622231245041e-02, 3.100467473268509e-02, 2.96582318842411e-02, 2.82397847622633e-02, 2.667257376015186e-02, 2.490060403943062e-02, 2.277233451604843e-02, 2.019063010811806e-02, 1.723539642989635e-02, 1.390858646482227e-02, 8.917136117815971e-03, 3.46675980836153e-03, 3.247717162594199e-03, 1.044344715774059e-02, 1.670407876372337e-02, 2.13088933378458e-02, 2.458807080984116e-02, 2.688021399080753e-02, 2.851173281669617e-02, 2.965828962624073e-02, 3.04261539131403e-02, 3.087218664586544e-02, 3.105437569320202e-02, 3.100870549678802e-02, 3.074002079665661e-02, 3.026344813406467e-02, 2.957595512270927e-02, 2.868826687335968e-02, 2.755492366850376e-02, 2.619172446429729e-02, 2.454659901559353e-02, 2.250445447862148e-02, 2.007024735212326e-02, 1.707418635487556e-02, 1.329874433577061e-02, 8.830358274281025e-03, 3.342199372127612e-03, 3.688683500513472e-03, 1.056843530386691e-02, 1.707121357321739e-02, 2.142133563756943e-02, 2.467524632811546e-02, 2.699362114071846e-02, 2.859470434486866e-02, 2.972431480884552e-02, 3.043109551072121e-02, 3.090281970798969e-02, 3.111743554472923e-02, 3.104687295854092e-02, 3.076393343508244e-02, 3.028965555131435e-02, 2.959390357136726e-02, 2.869491837918758e-02, 2.757121063768864e-02, 2.61818915605545e-02, 2.456836402416229e-02, 2.25574541836977e-02, 2.01951377093792e-02, 1.699557714164257e-02, 1.333893463015556e-02, 8.463369682431221e-03, 3.354933811351657e-03, 3.408969147130847e-03, 1.048373151570559e-02, 1.676920615136623e-02, 2.13253740221262e-02, 2.461722306907177e-02, 2.686721459031105e-02, 2.851072140038013e-02, 2.966075763106346e-02, 3.0396843329072e-02, 3.084370493888855e-02, 3.113112226128578e-02, 3.104995749890804e-02, 3.077353909611702e-02, 3.027939423918724e-02, 2.955561690032482e-02, 2.860996685922146e-02, 2.750560268759727e-02, 2.615051344037056e-02, 2.448460273444653e-02, 2.242027781903744e-02, 2.005279064178467e-02]
dooOpe.port_a1.m_flow=[-4.161354316689625e-10, 1.762489206157625e-03, 7.115285377949476e-03, 1.55325485393405e-02, 2.617641724646091e-02, 3.720827028155327e-02, 4.754563048481941e-02, 5.636449903249741e-02, 6.361281871795654e-02, 6.988674402236938e-02, 7.486022263765335e-02, 7.906480878591537e-02, 8.240791410207748e-02, 8.499287068843842e-02, 8.685977756977081e-02, 8.622173964977264e-02, 8.148637413978577e-02, 7.715059816837311e-02, 7.365868985652924e-02, 7.054323703050613e-02, 6.74881786108017e-02, 6.426315754652023e-02, 6.069307774305344e-02, 5.658213421702385e-02, 5.189231038093567e-02, 4.639064148068428e-02, 3.932183608412743e-02, 3.002605028450487e-02, 2.077149040997021e-02, 7.949289865791798e-03, 7.406784221529961e-03, 2.395889721810818e-02, 3.808622062206268e-02, 4.864120110869408e-02, 5.596733093261719e-02, 6.120243296027184e-02, 6.493741273880005e-02, 6.754489243030548e-02, 6.927075237035751e-02, 7.03030601143837e-02, 7.072809338569641e-02, 7.060685008764267e-02, 6.999174505472183e-02, 6.890188902616501e-02, 6.735382974147797e-02, 6.528943777084351e-02, 6.274586915969849e-02, 5.959799140691757e-02, 5.580092966556549e-02, 5.127007886767387e-02, 4.565641283988953e-02, 3.882292285561562e-02, 3.065420314669609e-02, 2.024816162884235e-02, 7.488710805773646e-03, 7.214359473437194e-03, 2.442308887839327e-02, 3.783397749066353e-02, 4.878925159573555e-02, 5.608825013041496e-02, 6.119953468441963e-02, 6.498631089925766e-02, 6.762050092220306e-02, 6.933236867189407e-02, 7.029333710670471e-02, 7.066819816827774e-02, 7.059236615896225e-02, 7.000564783811569e-02, 6.888845562934875e-02, 6.732954829931259e-02, 6.526618450880051e-02, 6.26809224486351e-02, 5.960046499967575e-02, 5.582261830568314e-02, 5.122531950473785e-02, 4.542499035596848e-02, 3.90525721013546e-02, 3.062381781637669e-02, 2.117786183953285e-02, 7.633982691913843e-03, 7.589420303702354e-03, 2.431119792163372e-02, 3.824202343821526e-02, 4.878265410661697e-02, 5.599262565374374e-02, 6.12683966755867e-02, 6.496034562587738e-02, 6.754928827285767e-02, 6.932028383016586e-02, 7.029759883880615e-02, 7.088793069124222e-02, 7.072866708040237e-02, 7.006252557039261e-02, 6.89607635140419e-02, 6.735599040985107e-02, 6.512637436389923e-02, 6.261438131332397e-02, 5.949821323156357e-02, 5.577519908547401e-02, 5.130404606461525e-02, 4.560433328151703e-02]
dooOpe.port_a2.m_flow=[4.161359867804748e-10, 1.783612999133766e-03, 7.154793012887239e-03, 1.562563516199589e-02, 2.609080821275711e-02, 3.735511377453804e-02, 4.763424023985863e-02, 5.63759207725525e-02, 6.377986073493958e-02, 6.975797563791275e-02, 7.495808601379395e-02, 7.911422103643417e-02, 8.245625346899033e-02, 8.503024280071259e-02, 8.688011020421982e-02, 8.618935942649841e-02, 8.144637197256088e-02, 7.712218165397644e-02, 7.363662123680115e-02, 7.052014768123627e-02, 6.74603283405304e-02, 6.423649191856384e-02, 6.067408993840218e-02, 5.664574727416039e-02, 5.180664360523224e-02, 4.593563452363014e-02, 3.921433538198471e-02, 3.164698183536525e-02, 2.029098011553288e-02, 7.889207452535629e-03, 7.391379214823246e-03, 2.377022802829742e-02, 3.802360594272614e-02, 4.850966110825539e-02, 5.597864091396332e-02, 6.120051443576813e-02, 6.491795927286148e-02, 6.753071397542953e-02, 6.928064674139023e-02, 7.029721140861511e-02, 7.071246206760406e-02, 7.060835510492325e-02, 6.999598443508148e-02, 6.890983879566193e-02, 6.73430860042572e-02, 6.53202086687088e-02, 6.273779273033142e-02, 5.963191390037537e-02, 5.588414892554283e-02, 5.123259499669075e-02, 4.568875208497047e-02, 3.88663075864315e-02, 3.027042001485825e-02, 2.009823732078075e-02, 7.606415078043847e-03, 8.394238539040175e-03, 2.404797077178965e-02, 3.884104639291763e-02, 4.873451590538025e-02, 5.613337457180023e-02, 6.140397116541862e-02, 6.504321843385696e-02, 6.761052459478378e-02, 6.921668350696564e-02, 7.028870284557343e-02, 7.077644765377045e-02, 7.061605900526047e-02, 6.997308135032654e-02, 6.889531761407852e-02, 6.731414049863815e-02, 6.527096778154373e-02, 6.271684169769287e-02, 5.955862626433372e-02, 5.589037388563156e-02, 5.131807178258896e-02, 4.594607651233673e-02, 3.866880759596825e-02, 3.035089187324047e-02, 1.925846934318542e-02, 7.63474078848958e-03, 7.75837991386652e-03, 2.3861950263381e-02, 3.817189484834671e-02, 4.854721948504448e-02, 5.60450367629528e-02, 6.117092818021774e-02, 6.491566449403763e-02, 6.753633916378021e-02, 6.921390444040298e-02, 7.02323317527771e-02, 7.088737189769745e-02, 7.070239633321762e-02, 7.007237523794174e-02, 6.894619017839432e-02, 6.729675829410553e-02, 6.514178961515427e-02, 6.262540817260742e-02, 5.953802540898323e-02, 5.574295669794083e-02, 5.104092508554459e-02, 4.564899206161499e-02]
dooOpeClo.port_a1.m_flow=[-1.165218502198126e-13, 4.722676010260329e-07, 1.98350448954443e-06, 4.335740868555149e-06, 7.267152341228211e-06, 1.025202345772414e-05, 1.302447890338954e-05, 1.545933810120914e-05, 1.759275073709432e-05, 1.953075843630359e-05, 2.112994116032496e-05, 2.251261867058929e-05, 2.363775456615258e-05, 2.452281478326768e-05, 3.162034088745764e-03, 4.616339504718781e-02, 8.148637413978577e-02, 7.715059816837311e-02, 7.365868985652924e-02, 7.054323703050613e-02, 6.74881786108017e-02, 6.426315754652023e-02, 6.069307774305344e-02, 5.658213421702385e-02, 5.189231038093567e-02, 4.639064148068428e-02, 3.932183608412743e-02, 3.002605028450487e-02, 2.077149040997021e-02, 7.949289865791798e-03, 7.406784221529961e-03, 2.395889721810818e-02, 3.808622062206268e-02, 4.864120110869408e-02, 5.596733093261719e-02, 6.120243296027184e-02, 6.493741273880005e-02, 6.754489243030548e-02, 6.927075237035751e-02, 7.03030601143837e-02, 7.072809338569641e-02, 7.060685008764267e-02, 6.999174505472183e-02, 6.890188902616501e-02, 6.735382974147797e-02, 6.528943777084351e-02, 6.274586915969849e-02, 5.959799140691757e-02, 5.580092966556549e-02, 5.127007886767387e-02, 4.565641283988953e-02, 3.882292285561562e-02, 3.065420314669609e-02, 2.024816162884235e-02, 7.488710805773646e-03, 7.214359473437194e-03, 2.442308887839327e-02, 3.783397749066353e-02, 4.878925159573555e-02, 5.608825013041496e-02, 6.119953468441963e-02, 6.498631089925766e-02, 6.762050092220306e-02, 6.933236867189407e-02, 7.029333710670471e-02, 7.066819816827774e-02, 7.059236615896225e-02, 7.000564783811569e-02, 6.888845562934875e-02, 6.732954829931259e-02, 6.526618450880051e-02, 6.26809224486351e-02, 5.960046499967575e-02, 5.582261830568314e-02, 5.122531950473785e-02, 4.542499035596848e-02, 3.90525721013546e-02, 3.062381781637669e-02, 2.117786183953285e-02, 7.633982691913843e-03, 7.589420303702354e-03, 2.431119792163372e-02, 3.824202343821526e-02, 4.878265410661697e-02, 5.599262565374374e-02, 6.12683966755867e-02, 6.496034562587738e-02, 6.754928827285767e-02, 6.932028383016586e-02, 7.029759883880615e-02, 7.088793069124222e-02, 7.072866708040237e-02, 7.006252557039261e-02, 6.89607635140419e-02, 6.735599040985107e-02, 6.512637436389923e-02, 6.261438131332397e-02, 5.949821323156357e-02, 5.577519908547401e-02, 5.130404606461525e-02, 4.560433328151703e-02]
dooOpeClo.port_a2.m_flow=[1.165219315349755e-13, 4.781824145538849e-07, 1.994552803807892e-06, 4.361641458672239e-06, 7.243555955938064e-06, 1.029193663271144e-05, 1.304854686168255e-05, 1.546272142149974e-05, 1.764124135661405e-05, 1.94940348592354e-05, 2.116060386470053e-05, 2.252951162518002e-05, 2.365497493883595e-05, 2.453713204886299e-05, 3.163171699270656e-03, 4.614740982651711e-02, 8.144637197256088e-02, 7.712218165397644e-02, 7.363662123680115e-02, 7.052014768123627e-02, 6.74603283405304e-02, 6.423649191856384e-02, 6.067408993840218e-02, 5.664574727416039e-02, 5.180664360523224e-02, 4.593563452363014e-02, 3.921433538198471e-02, 3.164698183536525e-02, 2.029098011553288e-02, 7.889207452535629e-03, 7.391379214823246e-03, 2.377022802829742e-02, 3.802360594272614e-02, 4.850966110825539e-02, 5.597864091396332e-02, 6.120051443576813e-02, 6.491795927286148e-02, 6.753071397542953e-02, 6.928064674139023e-02, 7.029721140861511e-02, 7.071246206760406e-02, 7.060835510492325e-02, 6.999598443508148e-02, 6.890983879566193e-02, 6.73430860042572e-02, 6.53202086687088e-02, 6.273779273033142e-02, 5.963191390037537e-02, 5.588414892554283e-02, 5.123259499669075e-02, 4.568875208497047e-02, 3.88663075864315e-02, 3.027042001485825e-02, 2.009823732078075e-02, 7.606415078043847e-03, 8.394238539040175e-03, 2.404797077178965e-02, 3.884104639291763e-02, 4.873451590538025e-02, 5.613337457180023e-02, 6.140397116541862e-02, 6.504321843385696e-02, 6.761052459478378e-02, 6.921668350696564e-02, 7.028870284557343e-02, 7.077644765377045e-02, 7.061605900526047e-02, 6.997308135032654e-02, 6.889531761407852e-02, 6.731414049863815e-02, 6.527096778154373e-02, 6.271684169769287e-02, 5.955862626433372e-02, 5.589037388563156e-02, 5.131807178258896e-02, 4.594607651233673e-02, 3.866880759596825e-02, 3.035089187324047e-02, 1.925846934318542e-02, 7.63474078848958e-03, 7.75837991386652e-03, 2.3861950263381e-02, 3.817189484834671e-02, 4.854721948504448e-02, 5.60450367629528e-02, 6.117092818021774e-02, 6.491566449403763e-02, 6.753633916378021e-02, 6.921390444040298e-02, 7.02323317527771e-02, 7.088737189769745e-02, 7.070239633321762e-02, 7.007237523794174e-02, 6.894619017839432e-02, 6.729675829410553e-02, 6.514178961515427e-02, 6.262540817260742e-02, 5.953802540898323e-02, 5.574295669794083e-02, 5.104092508554459e-02, 4.564899206161499e-02]
=======
dooOpe.vAB=[-1.828544676785171e-10, 7.744491449557245e-04, 3.126408206298947e-03, 6.824564188718796e-03, 1.150044240057468e-02, 1.634598709642887e-02, 2.088560163974762e-02, 2.475745603442192e-02, 2.793893031775951e-02, 3.069211542606354e-02, 3.287404030561447e-02, 3.471832722425461e-02, 3.618446737527847e-02, 3.731796517968178e-02, 3.813650831580162e-02, 3.785678744316101e-02, 3.57804149389267e-02, 3.38774062693119e-02, 3.23469452559948e-02, 3.097828477621078e-02, 2.963784523308277e-02, 2.81934067606926e-02, 2.659506909549236e-02, 2.483978308737278e-02, 2.278081886470318e-02, 2.028625458478928e-02, 1.730182580649853e-02, 1.356685534119604e-02, 9.0165128931403e-03, 3.471459960564971e-03, 3.273782785981894e-03, 1.053156889975071e-02, 1.676952093839645e-02, 2.135889604687691e-02, 2.463493309915066e-02, 2.691610157489777e-02, 2.855356968939304e-02, 2.969700284302235e-02, 3.046138398349285e-02, 3.091375343501568e-02, 3.109992668032646e-02, 3.104654513299465e-02, 3.078222833573818e-02, 3.029893711209297e-02, 2.961143292486668e-02, 2.871550433337688e-02, 2.757833711802959e-02, 2.618465945124626e-02, 2.44584996253252e-02, 2.254046685993671e-02, 2.008364908397198e-02, 1.708420366048813e-02, 1.394183468073606e-02, 8.821394294500351e-03, 3.265364328399262e-03, 3.417652565985964e-03, 1.083902642130855e-02, 1.684461906552315e-02, 2.153633907437325e-02, 2.462518960237503e-02, 2.694894932210445e-02, 2.855446934700012e-02, 2.962999045848846e-02, 3.044306114315987e-02, 3.0883913859725e-02, 3.104816749691963e-02, 3.101447597146034e-02, 3.074103780090809e-02, 3.025010414421558e-02, 2.95639019459486e-02, 2.866718173027039e-02, 2.754904702305794e-02, 2.619215101003647e-02, 2.435538545250893e-02, 2.259227819740772e-02, 2.010496146976948e-02, 1.702353544533253e-02, 1.326805539429188e-02, 8.497469127178192e-03, 3.868402913212776e-03, 3.386779455468059e-03, 1.049860753118992e-02, 1.708715781569481e-02, 2.13993713259697e-02, 2.464430965483189e-02, 2.688002213835716e-02, 2.848318219184875e-02, 2.944638393819332e-02, 3.04570272564888e-02, 3.091903403401375e-02, 3.111285902559757e-02, 3.104654140770435e-02, 3.078549541532993e-02, 3.029675967991352e-02, 2.962013706564903e-02, 2.874823287129402e-02, 2.751371636986732e-02, 2.620579302310944e-02, 2.458268031477928e-02, 2.260582149028778e-02, 2.011994831264019e-02]
dooOpe.vBA=[1.828547174786976e-10, 7.83747062087059e-04, 3.144021378830075e-03, 6.866686511784792e-03, 1.146634388715029e-02, 1.641799695789814e-02, 2.093749307096004e-02, 2.478193119168282e-02, 2.803885750472546e-02, 3.066929429769516e-02, 3.295781835913658e-02, 3.478732332587242e-02, 3.625870868563652e-02, 3.739211335778236e-02, 3.820675984025002e-02, 3.79025787115097e-02, 3.581405058503151e-02, 3.391158208250999e-02, 3.237593919038773e-02, 3.100764937698841e-02, 2.966053783893585e-02, 2.826798893511295e-02, 2.67217718064785e-02, 2.489273995161057e-02, 2.276913076639175e-02, 2.025449275970459e-02, 1.717553660273552e-02, 1.350934710353612e-02, 9.011490270495397e-03, 3.482780186459422e-03, 3.233452560380101e-03, 1.044557243585587e-02, 1.667612418532372e-02, 2.132990770041943e-02, 2.457333169877529e-02, 2.688101679086685e-02, 2.851410396397114e-02, 2.966376766562462e-02, 3.042508289217949e-02, 3.087605535984039e-02, 3.106238692998886e-02, 3.101613931357861e-02, 3.07428203523159e-02, 3.026765212416649e-02, 2.958405017852783e-02, 2.868128195405006e-02, 2.756119705736637e-02, 2.619745582342148e-02, 2.461772784590721e-02, 2.250980585813522e-02, 2.006391808390617e-02, 1.705970987677574e-02, 1.283587142825127e-02, 8.911159820854664e-03, 3.375126747414429e-03, 3.434382379055069e-03, 1.045252382755285e-02, 1.68504286557436e-02, 2.13282648473978e-02, 2.469220384955406e-02, 2.694321051239967e-02, 2.857979573309422e-02, 2.977629192173481e-02, 3.047758527100086e-02, 3.091839700937271e-02, 3.111627884209156e-02, 3.103974275290966e-02, 3.076931089162827e-02, 3.02955899387598e-02, 2.960638888180256e-02, 2.870012074708939e-02, 2.75780763477087e-02, 2.619711682200432e-02, 2.469354681670666e-02, 2.242117002606392e-02, 2.001316100358963e-02, 1.709861867129803e-02, 1.349742244929075e-02, 9.277578443288803e-03, 2.828962402418256e-03, 3.355599939823151e-03, 1.067154575139284e-02, 1.648825220763683e-02, 2.137370035052299e-02, 2.45954804122448e-02, 2.688288129866123e-02, 2.840959466993809e-02, 2.979338355362415e-02, 3.04138045758009e-02, 3.086077235639095e-02, 3.104749321937561e-02, 3.101584501564503e-02, 3.074182011187077e-02, 3.026830777525902e-02, 2.957503870129585e-02, 2.870534360408783e-02, 2.755630388855934e-02, 2.619614452123642e-02, 2.44913250207901e-02, 2.243798971176147e-02, 2.001634612679482e-02]
dooOpeClo.vAB=[-9.164435876840571e-11, 3.714343474712223e-04, 1.559961936436594e-03, 3.409753320738673e-03, 5.714734550565481e-03, 8.061368018388748e-03, 1.024057157337666e-02, 1.215398497879505e-02, 1.383013185113668e-02, 1.535248104482889e-02, 1.660839654505253e-02, 1.769412122666836e-02, 1.857748627662659e-02, 1.927228458225727e-02, 2.066314034163953e-02, 3.039447776973248e-02, 3.57804149389267e-02, 3.38774062693119e-02, 3.23469452559948e-02, 3.097828477621078e-02, 2.963784523308277e-02, 2.81934067606926e-02, 2.659506909549236e-02, 2.483978308737278e-02, 2.278081886470318e-02, 2.028625458478928e-02, 1.730182580649853e-02, 1.356685534119604e-02, 9.0165128931403e-03, 3.471459960564971e-03, 3.273782785981894e-03, 1.053156889975071e-02, 1.676952093839645e-02, 2.135889604687691e-02, 2.463493309915066e-02, 2.691610157489777e-02, 2.855356968939304e-02, 2.969700284302235e-02, 3.046138398349285e-02, 3.091375343501568e-02, 3.109992668032646e-02, 3.104654513299465e-02, 3.078222833573818e-02, 3.029893711209297e-02, 2.961143292486668e-02, 2.871550433337688e-02, 2.757833711802959e-02, 2.618465945124626e-02, 2.44584996253252e-02, 2.254046685993671e-02, 2.008364908397198e-02, 1.708420366048813e-02, 1.394183468073606e-02, 8.821394294500351e-03, 3.265364328399262e-03, 3.417652565985964e-03, 1.083902642130855e-02, 1.684461906552315e-02, 2.153633907437325e-02, 2.462518960237503e-02, 2.694894932210445e-02, 2.855446934700012e-02, 2.962999045848846e-02, 3.044306114315987e-02, 3.0883913859725e-02, 3.104816749691963e-02, 3.101447597146034e-02, 3.074103780090809e-02, 3.025010414421558e-02, 2.95639019459486e-02, 2.866718173027039e-02, 2.754904702305794e-02, 2.619215101003647e-02, 2.435538545250893e-02, 2.259227819740772e-02, 2.010496146976948e-02, 1.702353544533253e-02, 1.326805539429188e-02, 8.497469127178192e-03, 3.868402913212776e-03, 3.386779455468059e-03, 1.049860753118992e-02, 1.708715781569481e-02, 2.13993713259697e-02, 2.464430965483189e-02, 2.688002213835716e-02, 2.848318219184875e-02, 2.944638393819332e-02, 3.04570272564888e-02, 3.091903403401375e-02, 3.111285902559757e-02, 3.104654140770435e-02, 3.078549541532993e-02, 3.029675967991352e-02, 2.962013706564903e-02, 2.874823287129402e-02, 2.751371636986732e-02, 2.620579302310944e-02, 2.458268031477928e-02, 2.260582149028778e-02, 2.011994831264019e-02]
dooOpeClo.vBA=[9.164442121845084e-11, 3.760939580388367e-04, 1.568777719512582e-03, 3.430733224377036e-03, 5.697924643754959e-03, 8.096450008451939e-03, 1.026585325598717e-02, 1.216619741171599e-02, 1.388140209019184e-02, 1.534048467874527e-02, 1.665311492979527e-02, 1.773150637745857e-02, 1.861824095249176e-02, 1.931336149573326e-02, 2.070380374789239e-02, 3.043213114142418e-02, 3.581405058503151e-02, 3.391158208250999e-02, 3.237593919038773e-02, 3.100764937698841e-02, 2.966053783893585e-02, 2.826798893511295e-02, 2.67217718064785e-02, 2.489273995161057e-02, 2.276913076639175e-02, 2.025449275970459e-02, 1.717553660273552e-02, 1.350934710353612e-02, 9.011490270495397e-03, 3.482780186459422e-03, 3.233452560380101e-03, 1.044557243585587e-02, 1.667612418532372e-02, 2.132990770041943e-02, 2.457333169877529e-02, 2.688101679086685e-02, 2.851410396397114e-02, 2.966376766562462e-02, 3.042508289217949e-02, 3.087605535984039e-02, 3.106238692998886e-02, 3.101613931357861e-02, 3.07428203523159e-02, 3.026765212416649e-02, 2.958405017852783e-02, 2.868128195405006e-02, 2.756119705736637e-02, 2.619745582342148e-02, 2.461772784590721e-02, 2.250980585813522e-02, 2.006391808390617e-02, 1.705970987677574e-02, 1.283587142825127e-02, 8.911159820854664e-03, 3.375126747414429e-03, 3.434382379055069e-03, 1.045252382755285e-02, 1.68504286557436e-02, 2.13282648473978e-02, 2.469220384955406e-02, 2.694321051239967e-02, 2.857979573309422e-02, 2.977629192173481e-02, 3.047758527100086e-02, 3.091839700937271e-02, 3.111627884209156e-02, 3.103974275290966e-02, 3.076931089162827e-02, 3.02955899387598e-02, 2.960638888180256e-02, 2.870012074708939e-02, 2.75780763477087e-02, 2.619711682200432e-02, 2.469354681670666e-02, 2.242117002606392e-02, 2.001316100358963e-02, 1.709861867129803e-02, 1.349742244929075e-02, 9.277578443288803e-03, 2.828962402418256e-03, 3.355599939823151e-03, 1.067154575139284e-02, 1.648825220763683e-02, 2.137370035052299e-02, 2.45954804122448e-02, 2.688288129866123e-02, 2.840959466993809e-02, 2.979338355362415e-02, 3.04138045758009e-02, 3.086077235639095e-02, 3.104749321937561e-02, 3.101584501564503e-02, 3.074182011187077e-02, 3.026830777525902e-02, 2.957503870129585e-02, 2.870534360408783e-02, 2.755630388855934e-02, 2.619614452123642e-02, 2.44913250207901e-02, 2.243798971176147e-02, 2.001634612679482e-02]
dooOpe.port_a1.m_flow=[-4.161354316689625e-10, 1.762489206157625e-03, 7.115285377949476e-03, 1.55325485393405e-02, 2.617641724646091e-02, 3.720827028155327e-02, 4.754563048481941e-02, 5.636449903249741e-02, 6.361281871795654e-02, 6.988674402236938e-02, 7.486022263765335e-02, 7.906480878591537e-02, 8.240791410207748e-02, 8.499287068843842e-02, 8.685977756977081e-02, 8.622173219919205e-02, 8.148647844791412e-02, 7.714753597974777e-02, 7.365863770246506e-02, 7.053902000188828e-02, 6.748411059379578e-02, 6.419264525175095e-02, 6.055093556642532e-02, 5.655206367373466e-02, 5.186203494668007e-02, 4.618065431714058e-02, 3.938460350036621e-02, 3.088076226413247e-02, 2.052197419106957e-02, 7.90061242878437e-03, 7.450077217072248e-03, 2.396413683891296e-02, 3.815470635890961e-02, 4.859254509210587e-02, 5.604173615574837e-02, 6.122769415378571e-02, 6.494971364736557e-02, 6.754845380783081e-02, 6.928557157516479e-02, 7.031355798244476e-02, 7.07366093993187e-02, 7.061529904603958e-02, 7.001467794179916e-02, 6.891640275716782e-02, 6.73539862036705e-02, 6.531776487827301e-02, 6.273302435874939e-02, 5.956490710377693e-02, 5.564045161008835e-02, 5.127942934632301e-02, 4.569242522120476e-02, 3.887045383453369e-02, 3.172270953655243e-02, 2.007316239178181e-02, 7.430913392454298e-03, 7.778147701174127e-03, 2.467065677046784e-02, 3.834359720349312e-02, 4.902752861380577e-02, 5.606322735548019e-02, 6.135709211230278e-02, 6.501533091068268e-02, 6.746633350849152e-02, 6.931918859481812e-02, 7.032393664121628e-02, 7.06983357667923e-02, 7.062149792909622e-02, 6.999830156564713e-02, 6.887944042682648e-02, 6.731562316417694e-02, 6.527217477560043e-02, 6.272440403699875e-02, 5.963288247585297e-02, 5.544880405068398e-02, 5.143251642584801e-02, 4.576776549220085e-02, 3.875100612640381e-02, 3.020056523382664e-02, 1.934057660400867e-02, 8.803990669548512e-03, 7.707209791988134e-03, 2.388910204172134e-02, 3.887736052274704e-02, 4.868458956480026e-02, 5.606304481625557e-02, 6.114564836025238e-02, 6.478976458311081e-02, 6.697852164506912e-02, 6.927567720413208e-02, 7.03255757689476e-02, 7.076602429151535e-02, 7.061529159545898e-02, 7.00221061706543e-02, 6.891145557165146e-02, 6.737378239631653e-02, 6.539215892553329e-02, 6.258608400821686e-02, 5.961296707391739e-02, 5.592295154929161e-02, 5.142811313271523e-02, 4.577501863241196e-02]
dooOpe.port_a2.m_flow=[4.161359867804748e-10, 1.783612999133766e-03, 7.154793012887239e-03, 1.562563516199589e-02, 2.609080821275711e-02, 3.735511377453804e-02, 4.763424023985863e-02, 5.63759207725525e-02, 6.377986073493958e-02, 6.975797563791275e-02, 7.495808601379395e-02, 7.911422103643417e-02, 8.245625346899033e-02, 8.503024280071259e-02, 8.688011020421982e-02, 8.618936687707901e-02, 8.144629001617432e-02, 7.712481915950775e-02, 7.363598048686981e-02, 7.052691280841827e-02, 6.746557354927063e-02, 6.430064141750336e-02, 6.078601256012917e-02, 5.662786960601807e-02, 5.179936066269875e-02, 4.608094319701195e-02, 3.907814994454384e-02, 3.073857538402078e-02, 2.050568535923954e-02, 7.925665006041527e-03, 7.3589151725173e-03, 2.377506531774998e-02, 3.795997053384781e-02, 4.855750128626823e-02, 5.594509467482567e-02, 6.120235100388527e-02, 6.492336839437485e-02, 6.754319369792938e-02, 6.927821785211563e-02, 7.030603289604187e-02, 7.073071599006653e-02, 7.062529772520065e-02, 7.000236958265305e-02, 6.891942024230957e-02, 6.736152619123459e-02, 6.530430912971497e-02, 6.275207549333572e-02, 5.964495986700058e-02, 5.604608356952667e-02, 5.124478414654732e-02, 4.567434638738632e-02, 3.883335739374161e-02, 2.92168390005827e-02, 2.028214558959007e-02, 7.681353483348993e-03, 7.815532386303052e-03, 2.378422208130371e-02, 3.833870962262154e-02, 4.852277040481567e-02, 5.617194622755051e-02, 6.128928065299988e-02, 6.500931084156036e-02, 6.772876530885696e-02, 6.93223848938942e-02, 7.032410055398941e-02, 7.077380269765854e-02, 7.059983909130096e-02, 6.998531520366669e-02, 6.890881061553955e-02, 6.734253466129303e-02, 6.528279930353165e-02, 6.273243576288223e-02, 5.959323793649673e-02, 5.617517977952957e-02, 5.100804939866066e-02, 4.553207010030746e-02, 3.890326246619225e-02, 3.071151487529278e-02, 2.111120522022247e-02, 6.437800358980894e-03, 7.636918220669031e-03, 2.428943477571011e-02, 3.753235936164856e-02, 4.865723848342896e-02, 5.599553883075714e-02, 6.120656803250313e-02, 6.468525528907776e-02, 6.783820688724518e-02, 6.925252079963684e-02, 7.027122378349304e-02, 7.069680094718933e-02, 7.062462717294693e-02, 7.000009715557098e-02, 6.892091780900955e-02, 6.734100729227066e-02, 6.535914540290833e-02, 6.274087727069855e-02, 5.964198708534241e-02, 5.575830861926079e-02, 5.108128488063812e-02, 4.556604474782944e-02]
dooOpeClo.port_a1.m_flow=[-1.165218502198126e-13, 4.722676010260329e-07, 1.98350448954443e-06, 4.335740868555149e-06, 7.267152341228211e-06, 1.025202345772414e-05, 1.302447890338954e-05, 1.545933810120914e-05, 1.759275073709432e-05, 1.953075843630359e-05, 2.112994116032496e-05, 2.251261867058929e-05, 2.363775456615258e-05, 2.452281478326768e-05, 3.162034088745764e-03, 4.616339504718781e-02, 8.148647844791412e-02, 7.714753597974777e-02, 7.365863770246506e-02, 7.053902000188828e-02, 6.748411059379578e-02, 6.419264525175095e-02, 6.055093556642532e-02, 5.655206367373466e-02, 5.186203494668007e-02, 4.618065431714058e-02, 3.938460350036621e-02, 3.088076226413247e-02, 2.052197419106957e-02, 7.90061242878437e-03, 7.450077217072248e-03, 2.396413683891296e-02, 3.815470635890961e-02, 4.859254509210587e-02, 5.604173615574837e-02, 6.122769415378571e-02, 6.494971364736557e-02, 6.754845380783081e-02, 6.928557157516479e-02, 7.031355798244476e-02, 7.07366093993187e-02, 7.061529904603958e-02, 7.001467794179916e-02, 6.891640275716782e-02, 6.73539862036705e-02, 6.531776487827301e-02, 6.273302435874939e-02, 5.956490710377693e-02, 5.564045161008835e-02, 5.127942934632301e-02, 4.569242522120476e-02, 3.887045383453369e-02, 3.172270953655243e-02, 2.007316239178181e-02, 7.430913392454298e-03, 7.778147701174127e-03, 2.467065677046784e-02, 3.834359720349312e-02, 4.902752861380577e-02, 5.606322735548019e-02, 6.135709211230278e-02, 6.501533091068268e-02, 6.746633350849152e-02, 6.931918859481812e-02, 7.032393664121628e-02, 7.06983357667923e-02, 7.062149792909622e-02, 6.999830156564713e-02, 6.887944042682648e-02, 6.731562316417694e-02, 6.527217477560043e-02, 6.272440403699875e-02, 5.963288247585297e-02, 5.544880405068398e-02, 5.143251642584801e-02, 4.576776549220085e-02, 3.875100612640381e-02, 3.020056523382664e-02, 1.934057660400867e-02, 8.803990669548512e-03, 7.707209791988134e-03, 2.388910204172134e-02, 3.887736052274704e-02, 4.868458956480026e-02, 5.606304481625557e-02, 6.114564836025238e-02, 6.478976458311081e-02, 6.697852164506912e-02, 6.927567720413208e-02, 7.03255757689476e-02, 7.076602429151535e-02, 7.061529159545898e-02, 7.00221061706543e-02, 6.891145557165146e-02, 6.737378239631653e-02, 6.539215892553329e-02, 6.258608400821686e-02, 5.961296707391739e-02, 5.592295154929161e-02, 5.142811313271523e-02, 4.577501863241196e-02]
dooOpeClo.port_a2.m_flow=[1.165219315349755e-13, 4.781824145538849e-07, 1.994552803807892e-06, 4.361641458672239e-06, 7.243555955938064e-06, 1.029193663271144e-05, 1.304854686168255e-05, 1.546272142149974e-05, 1.764124135661405e-05, 1.94940348592354e-05, 2.116060386470053e-05, 2.252951162518002e-05, 2.365497493883595e-05, 2.453713204886299e-05, 3.163171699270656e-03, 4.614740982651711e-02, 8.144629001617432e-02, 7.712481915950775e-02, 7.363598048686981e-02, 7.052691280841827e-02, 6.746557354927063e-02, 6.430064141750336e-02, 6.078601256012917e-02, 5.662786960601807e-02, 5.179936066269875e-02, 4.608094319701195e-02, 3.907814994454384e-02, 3.073857538402078e-02, 2.050568535923954e-02, 7.925665006041527e-03, 7.3589151725173e-03, 2.377506531774998e-02, 3.795997053384781e-02, 4.855750128626823e-02, 5.594509467482567e-02, 6.120235100388527e-02, 6.492336839437485e-02, 6.754319369792938e-02, 6.927821785211563e-02, 7.030603289604187e-02, 7.073071599006653e-02, 7.062529772520065e-02, 7.000236958265305e-02, 6.891942024230957e-02, 6.736152619123459e-02, 6.530430912971497e-02, 6.275207549333572e-02, 5.964495986700058e-02, 5.604608356952667e-02, 5.124478414654732e-02, 4.567434638738632e-02, 3.883335739374161e-02, 2.92168390005827e-02, 2.028214558959007e-02, 7.681353483348993e-03, 7.815532386303052e-03, 2.378422208130371e-02, 3.833870962262154e-02, 4.852277040481567e-02, 5.617194622755051e-02, 6.128928065299988e-02, 6.500931084156036e-02, 6.772876530885696e-02, 6.93223848938942e-02, 7.032410055398941e-02, 7.077380269765854e-02, 7.059983909130096e-02, 6.998531520366669e-02, 6.890881061553955e-02, 6.734253466129303e-02, 6.528279930353165e-02, 6.273243576288223e-02, 5.959323793649673e-02, 5.617517977952957e-02, 5.100804939866066e-02, 4.553207010030746e-02, 3.890326246619225e-02, 3.071151487529278e-02, 2.111120522022247e-02, 6.437800358980894e-03, 7.636918220669031e-03, 2.428943477571011e-02, 3.753235936164856e-02, 4.865723848342896e-02, 5.599553883075714e-02, 6.120656803250313e-02, 6.468525528907776e-02, 6.783820688724518e-02, 6.925252079963684e-02, 7.027122378349304e-02, 7.069680094718933e-02, 7.062462717294693e-02, 7.000009715557098e-02, 6.892091780900955e-02, 6.734100729227066e-02, 6.535914540290833e-02, 6.274087727069855e-02, 5.964198708534241e-02, 5.575830861926079e-02, 5.108128488063812e-02, 4.556604474782944e-02]
>>>>>>> master
