<<<<<<< HEAD
last-generated=2022-10-03
=======
last-generated=2025-07-01
>>>>>>> master
statistics-initialization=
{
  "linear": "19",
  "nonlinear": "1, 14",
  "numerical Jacobians": "0"
}
statistics-simulation=
{
  "linear": "0, 0, 11, 0, 0, 0, 0, 0, 0, 0, 0, 0, 0",
  "nonlinear": "1, 1",
  "number of continuous time states": "70",
  "numerical Jacobians": "0"
}
time=[0e+00, 5.048e+05]
<<<<<<< HEAD
con.TRoo=[2.931499938964844e+02, 2.881376386668641e+02, 2.881135203721788e+02, 2.881045971679687e+02, 2.88101279703776e+02, 2.881065921359592e+02, 2.931443458163069e+02, 2.931293248155382e+02, 2.981645608436399e+02, 2.982827502441406e+02, 2.982999443901909e+02, 2.982526520453559e+02, 2.977623982747396e+02, 2.943379886203342e+02, 2.905333574761285e+02, 2.881293304443359e+02, 2.881112403700087e+02, 2.880952172851563e+02, 2.88084091796875e+02, 2.880750246853299e+02, 2.88068854437934e+02, 2.880633595784505e+02, 2.880588913302951e+02, 2.892987085639106e+02, 2.930079382324218e+02, 2.930216623942057e+02, 2.930194067382812e+02, 2.930171740722656e+02, 2.930127898491754e+02, 2.930023480902778e+02, 2.897296133081868e+02, 2.880546705457899e+02, 2.880425779893663e+02, 2.880364111328125e+02, 2.88034107937283e+02, 2.880334971110026e+02, 2.880343957519531e+02, 2.880338674587674e+02, 2.880303601074219e+02, 2.880278000895182e+02, 2.88473824734158e+02, 2.929796314154731e+02, 2.930320939127604e+02, 2.938863359917535e+02, 2.951521653917101e+02, 2.932467490742088e+02, 2.930678506130643e+02, 2.93011984117296e+02, 2.880573852539063e+02, 2.880384882269965e+02, 2.880317213270399e+02, 2.880272957356771e+02, 2.880206256781684e+02, 2.880170850287544e+02, 2.880171118164063e+02, 2.880165734185113e+02, 2.880173649088542e+02, 2.880462320963542e+02, 2.930580114746094e+02, 2.944127190854995e+02, 2.982013834635417e+02, 2.982252948676215e+02, 2.982096367730035e+02, 2.959698109832686e+02, 2.930503525119358e+02, 2.8807513800727e+02, 2.880485091145833e+02, 2.880370849609375e+02, 2.880358989800347e+02, 2.880351118977865e+02, 2.88036171468099e+02, 2.880590839301215e+02, 2.880610949707032e+02, 2.880621808539497e+02, 2.880939146592882e+02, 2.931452249170428e+02, 2.981817714321271e+02, 2.982660550265842e+02, 2.982876123046875e+02, 2.982675345865886e+02, 2.980269165039062e+02, 2.948919663556805e+02, 2.905459880913629e+02, 2.881267758446043e+02, 2.881027144368489e+02, 2.88094140625e+02, 2.880904949273004e+02, 2.880872304280599e+02, 2.880950339084201e+02, 2.880914345974392e+02, 2.880893737792969e+02, 2.881086537679037e+02, 2.931694155544705e+02, 2.98193753108566e+02, 2.982960911729601e+02, 2.983248931884766e+02, 2.982951208496094e+02, 2.982193229844835e+02, 2.963934658463255e+02, 2.926014227294922e+02, 2.887645263671875e+02]
con.TSetRooHea=[2.881499938964844e+02, 2.881499938964844e+02, 2.881499938964844e+02, 2.881499938964844e+02, 2.881499938964844e+02, 2.881499938964844e+02, 2.931499938964844e+02, 2.931499938964844e+02, 2.931499938964844e+02, 2.931499938964844e+02, 2.931499938964844e+02, 2.931499938964844e+02, 2.931499938964844e+02, 2.920055494520399e+02, 2.881499938964844e+02, 2.881499938964844e+02, 2.881499938964844e+02, 2.881499938964844e+02, 2.881499938964844e+02, 2.881499938964844e+02, 2.881499938964844e+02, 2.881499938964844e+02, 2.881499938964844e+02, 2.894055494520399e+02, 2.931499938964844e+02, 2.931499938964844e+02, 2.931499938964844e+02, 2.931499938964844e+02, 2.931499938964844e+02, 2.931499938964844e+02, 2.897887964699012e+02, 2.881499938964844e+02, 2.881499938964844e+02, 2.881499938964844e+02, 2.881499938964844e+02, 2.881499938964844e+02, 2.881499938964844e+02, 2.881499938964844e+02, 2.881499938964844e+02, 2.881499938964844e+02, 2.885944383409288e+02, 2.931499938964844e+02, 2.931499938964844e+02, 2.931499938964844e+02, 2.931499938964844e+02, 2.931499938964844e+02, 2.931499938964844e+02, 2.931499938964844e+02, 2.881499938964844e+02, 2.881499938964844e+02, 2.881499938964844e+02, 2.881499938964844e+02, 2.881499938964844e+02, 2.881499938964844e+02, 2.881499938964844e+02, 2.881499938964844e+02, 2.881499938964844e+02, 2.881499938964844e+02, 2.931499938964844e+02, 2.931499938964844e+02, 2.931499938964844e+02, 2.931499938964844e+02, 2.931499938964844e+02, 2.931499938964844e+02, 2.931499938964844e+02, 2.881499938964844e+02, 2.881499938964844e+02, 2.881499938964844e+02, 2.881499938964844e+02, 2.881499938964844e+02, 2.881499938964844e+02, 2.881499938964844e+02, 2.881499938964844e+02, 2.881499938964844e+02, 2.881499938964844e+02, 2.931499938964844e+02, 2.931499938964844e+02, 2.931499938964844e+02, 2.931499938964844e+02, 2.931499938964844e+02, 2.931499938964844e+02, 2.931499938964844e+02, 2.882388827853733e+02, 2.881499938964844e+02, 2.881499938964844e+02, 2.881499938964844e+02, 2.881499938964844e+02, 2.881499938964844e+02, 2.881499938964844e+02, 2.881499938964844e+02, 2.881499938964844e+02, 2.881499938964844e+02, 2.931499938964844e+02, 2.931499938964844e+02, 2.931499938964844e+02, 2.931499938964844e+02, 2.931499938964844e+02, 2.931499938964844e+02, 2.931499938964844e+02, 2.890499938964844e+02, 2.881499938964844e+02]
con.TSetRooCoo=[3.031499938964844e+02, 3.031499938964844e+02, 3.031499938964844e+02, 3.031499938964844e+02, 3.031499938964844e+02, 3.031499938964844e+02, 2.981499938964844e+02, 2.981499938964844e+02, 2.981499938964844e+02, 2.981499938964844e+02, 2.981499938964844e+02, 2.981499938964844e+02, 2.981499938964844e+02, 2.992944383409288e+02, 3.031499938964844e+02, 3.031499938964844e+02, 3.031499938964844e+02, 3.031499938964844e+02, 3.031499938964844e+02, 3.031499938964844e+02, 3.031499938964844e+02, 3.031499938964844e+02, 3.031499938964844e+02, 3.018944383409288e+02, 2.981499938964844e+02, 2.981499938964844e+02, 2.981499938964844e+02, 2.981499938964844e+02, 2.981499938964844e+02, 2.981499938964844e+02, 3.015111913230676e+02, 3.031499938964844e+02, 3.031499938964844e+02, 3.031499938964844e+02, 3.031499938964844e+02, 3.031499938964844e+02, 3.031499938964844e+02, 3.031499938964844e+02, 3.031499938964844e+02, 3.031499938964844e+02, 3.027055494520399e+02, 2.981499938964844e+02, 2.981499938964844e+02, 2.981499938964844e+02, 2.981499938964844e+02, 2.981499938964844e+02, 2.981499938964844e+02, 2.981499938964844e+02, 3.031499938964844e+02, 3.031499938964844e+02, 3.031499938964844e+02, 3.031499938964844e+02, 3.031499938964844e+02, 3.031499938964844e+02, 3.031499938964844e+02, 3.031499938964844e+02, 3.031499938964844e+02, 3.031499938964844e+02, 2.981499938964844e+02, 2.981499938964844e+02, 2.981499938964844e+02, 2.981499938964844e+02, 2.981499938964844e+02, 2.981499938964844e+02, 2.981499938964844e+02, 3.031499938964844e+02, 3.031499938964844e+02, 3.031499938964844e+02, 3.031499938964844e+02, 3.031499938964844e+02, 3.031499938964844e+02, 3.031499938964844e+02, 3.031499938964844e+02, 3.031499938964844e+02, 3.031499938964844e+02, 2.981499938964844e+02, 2.981499938964844e+02, 2.981499938964844e+02, 2.981499938964844e+02, 2.981499938964844e+02, 2.981499938964844e+02, 2.981499938964844e+02, 3.030611050075955e+02, 3.031499938964844e+02, 3.031499938964844e+02, 3.031499938964844e+02, 3.031499938964844e+02, 3.031499938964844e+02, 3.031499938964844e+02, 3.031499938964844e+02, 3.031499938964844e+02, 3.031499938964844e+02, 2.981499938964844e+02, 2.981499938964844e+02, 2.981499938964844e+02, 2.981499938964844e+02, 2.981499938964844e+02, 2.981499938964844e+02, 2.981499938964844e+02, 3.022499938964844e+02, 3.031499938964844e+02]
EFan.y=[0e+00, 3.998758001470833e+02, 4.780174533420139e+03, 9.19192798828125e+03, 1.360368197916667e+04, 1.801543500434028e+04, 2.242718831225473e+04, 2.683894217881944e+04, 3.972926690147426e+04, 3.1054964203125e+05, 9.642930861111111e+05, 1.415089242777778e+06, 1.523547785e+06, 1.52991875e+06, 1.52991875e+06, 1.53157625e+06, 1.535987991666667e+06, 1.540399733333333e+06, 1.544811475e+06, 1.549223216666667e+06, 1.553634958333333e+06, 1.5580467e+06, 1.562458441666667e+06, 1.566870214722222e+06, 1.57128205e+06, 1.575693791666667e+06, 1.580105533333333e+06, 1.584517275e+06, 1.588929016666667e+06, 1.593340758333333e+06, 1.59754275e+06, 1.601505991666667e+06, 1.605917842222222e+06, 1.6103296e+06, 1.614741341666667e+06, 1.619153083333333e+06, 1.623564825e+06, 1.627976566666667e+06, 1.632388308333333e+06, 1.63680005e+06, 1.641211791666667e+06, 1.645623533333333e+06, 1.650035275e+06, 1.654447141666667e+06, 1.658858883333333e+06, 1.663270631291455e+06, 1.667682366666667e+06, 1.672094108333333e+06, 1.675659225e+06, 1.680070966666667e+06, 1.684482708333333e+06, 1.68889445e+06, 1.693306191666667e+06, 1.697717933333333e+06, 1.702129765e+06, 1.706541541666667e+06, 1.710953283333333e+06, 1.715365025e+06, 1.719776766666667e+06, 1.724188529773995e+06, 1.736041708333333e+06, 1.802871315555556e+06, 1.881801024444444e+06, 1.898768417943497e+06, 1.903180216666667e+06, 1.906298458333333e+06, 1.9107102e+06, 1.915121941666667e+06, 1.919533683333333e+06, 1.923945425e+06, 1.928357186111111e+06, 1.932769033333333e+06, 1.937180775e+06, 1.941592516666667e+06, 1.946004258333333e+06, 1.950416012552417e+06, 1.963250314297515e+06, 2.125686746111111e+06, 2.5953807e+06, 3.080250069444444e+06, 3.268374072222222e+06, 3.279947599718442e+06, 3.281269e+06, 3.283093599949555e+06, 3.2875053e+06, 3.291917041666667e+06, 3.296328783333333e+06, 3.300740525e+06, 3.305152516666667e+06, 3.309564258333333e+06, 3.313976e+06, 3.318387741666667e+06, 3.322799483333333e+06, 3.354751791764447e+06, 3.69826317e+06, 4.630844927777777e+06, 5.55799384e+06, 5.943693386666667e+06, 5.964998947115582e+06, 5.966831e+06, 5.966831e+06]
EHea.y=[0e+00, 1.800657121963933e+05, 4.218873986666666e+06, 1.014492977333333e+07, 1.694746226666667e+07, 2.371854804444445e+07, 3.446173635209049e+07, 4.254422626666667e+07, 4.3545488e+07, 4.3545488e+07, 4.3545488e+07, 4.3545488e+07, 4.3545488e+07, 4.3545488e+07, 4.3545488e+07, 4.4432874e+07, 4.900476894222222e+07, 5.561486018666667e+07, 6.428465968e+07, 7.438685975111111e+07, 8.552333404444444e+07, 9.754069216e+07, 1.102399800533333e+08, 1.2577704336e+08, 1.496471477333333e+08, 1.688667493333333e+08, 1.873185795555556e+08, 2.0613284896e+08, 2.253695360711111e+08, 2.456705632355556e+08, 2.662564945504836e+08, 2.760979617422222e+08, 2.906506326755555e+08, 3.064839191466666e+08, 3.229257221688889e+08, 3.395165137777778e+08, 3.5608683776e+08, 3.725832654933333e+08, 3.894148066133333e+08, 4.067342308266667e+08, 4.248179356444445e+08, 4.531024101688889e+08, 4.7561393536e+08, 4.82166944e+08, 4.82166944e+08, 4.821703384221615e+08, 4.8884968576e+08, 5.048304406044444e+08, 5.136532522666667e+08, 5.284946397866667e+08, 5.44945728e+08, 5.621594542933333e+08, 5.800942637511111e+08, 5.988929742222222e+08, 6.1783451904e+08, 6.36856672e+08, 6.5587190784e+08, 6.738218295466666e+08, 6.956375247644445e+08, 7.019787446658268e+08, 7.01979968e+08, 7.01979968e+08, 7.01979968e+08, 7.019810033302958e+08, 7.100404397511111e+08, 7.163946581333333e+08, 7.294176981333333e+08, 7.448266626844444e+08, 7.610607049955555e+08, 7.774489122133334e+08, 7.937967502222222e+08, 8.087949688888888e+08, 8.209427123200001e+08, 8.335493905066667e+08, 8.451085095822222e+08, 8.562018317192672e+08, 8.56242176e+08, 8.56242176e+08, 8.56242176e+08, 8.56242176e+08, 8.56242176e+08, 8.56242176e+08, 8.56242176e+08, 8.581000122769839e+08, 8.636374971733333e+08, 8.710703985777777e+08, 8.792880270222223e+08, 8.880546530133333e+08, 8.963694162488889e+08, 9.042678316088889e+08, 9.128084992e+08, 9.209688905955555e+08, 9.300275265422223e+08, 9.30028992e+08, 9.30028992e+08, 9.30028992e+08, 9.30028992e+08, 9.30028992e+08, 9.30028992e+08, 9.30028992e+08, 9.30028992e+08]
ECoo.y=[0e+00, 0e+00, 0e+00, 0e+00, 0e+00, 0e+00, 0e+00, 0e+00, 0e+00, 0e+00, 0e+00, 0e+00, 0e+00, 0e+00, 0e+00, 0e+00, 0e+00, 0e+00, 0e+00, 0e+00, 0e+00, 0e+00, 0e+00, 0e+00, 0e+00, 0e+00, 0e+00, 0e+00, 0e+00, 0e+00, 0e+00, 0e+00, 0e+00, 0e+00, 0e+00, 0e+00, 0e+00, 0e+00, 0e+00, 0e+00, 0e+00, 0e+00, 0e+00, 0e+00, 0e+00, 0e+00, 0e+00, 0e+00, 0e+00, 0e+00, 0e+00, 0e+00, 0e+00, 0e+00, 0e+00, 0e+00, 0e+00, 0e+00, 0e+00, 0e+00, 0e+00, 0e+00, 0e+00, 0e+00, 0e+00, 0e+00, 0e+00, 0e+00, 0e+00, 0e+00, 0e+00, 0e+00, 0e+00, 0e+00, 0e+00, 0e+00, 0e+00, 0e+00, 0e+00, 0e+00, 0e+00, 0e+00, 0e+00, 0e+00, 0e+00, 0e+00, 0e+00, 0e+00, 0e+00, 0e+00, 0e+00, 0e+00, 0e+00, 0e+00, 0e+00, 0e+00, 0e+00, 0e+00, 0e+00, 0e+00, 0e+00]
EHVAC.y=[0e+00, 1.804655838578193e+05, 4.223654195555556e+06, 1.015412194666667e+07, 1.696106583111111e+07, 2.373656497777778e+07, 3.448416578668568e+07, 4.257106563555556e+07, 4.358521526111365e+07, 4.385603696e+07, 4.450978133333334e+07, 4.496057715555555e+07, 4.506903530666666e+07, 4.5075404e+07, 4.5075404e+07, 4.596445093333333e+07, 5.054075832888889e+07, 5.715525816e+07, 6.582947024e+07, 7.593608403555556e+07, 8.707696977777778e+07, 9.909874005333333e+07, 1.118024341688889e+08, 1.273439148622222e+08, 1.5121843904e+08, 1.704424444444444e+08, 1.888986871466667e+08, 2.0771735392e+08, 2.269584585955555e+08, 2.472639055644445e+08, 2.678540413063154e+08, 2.776994641777778e+08, 2.9225653248e+08, 3.080942250666667e+08, 3.245404703288889e+08, 3.411356696888889e+08, 3.577104064e+08, 3.742112481422222e+08, 3.910472095288889e+08, 4.083710082133333e+08, 4.264591424e+08, 4.547480142933334e+08, 4.7726396544e+08, 4.8382138432e+08, 4.838258042311111e+08, 4.838336084401093e+08, 4.905173568e+08, 5.065025249422222e+08, 5.153289117866667e+08, 5.301747188622222e+08, 5.466302293333334e+08, 5.6384832896e+08, 5.817875669333333e+08, 6.005906951111112e+08, 6.1953663488e+08, 6.385632312888889e+08, 6.575828644977778e+08, 6.755371835733334e+08, 6.973572972088889e+08, 7.037029596235826e+08, 7.037160362666667e+08, 7.037828420266666e+08, 7.0386177024e+08, 7.038797817042861e+08, 7.1194363136e+08, 7.183009671111112e+08, 7.3132840448e+08, 7.467418271288888e+08, 7.6298020608e+08, 7.7937285888e+08, 7.957251100444444e+08, 8.1072772608e+08, 8.2287986688e+08, 8.354909656177778e+08, 8.4705452288e+08, 8.58152207876407e+08, 8.582054403009876e+08, 8.583678710044445e+08, 8.588376029866667e+08, 8.5932245888e+08, 8.595105848888888e+08, 8.595221374378226e+08, 8.59523456e+08, 8.613831173182436e+08, 8.669249698133334e+08, 8.743623189333333e+08, 8.825843825777777e+08, 8.913554321066667e+08, 8.996745927111111e+08, 9.075774054400001e+08, 9.161224704e+08, 9.242872977066667e+08, 9.333502927644445e+08, 9.333837686096516e+08, 9.337272496355555e+08, 9.346598620444444e+08, 9.355869764266666e+08, 9.359726685866667e+08, 9.359939893580785e+08, 9.3599584e+08, 9.3599584e+08]
=======
con.TRoo=[2.931499938964844e+02, 2.881405243773959e+02, 2.881132756890191e+02, 2.881048907470703e+02, 2.881012185329861e+02, 2.881063869900174e+02, 2.901690649414062e+02, 2.931300741238064e+02, 2.981699204983835e+02, 2.982812432861328e+02, 2.98297056749132e+02, 2.982501680501302e+02, 2.976862345377604e+02, 2.94305402086046e+02, 2.90532256266276e+02, 2.881305877685547e+02, 2.881117365180122e+02, 2.880957467990451e+02, 2.880844897460938e+02, 2.880750750732422e+02, 2.880690931532118e+02, 2.880634543863932e+02, 2.880589264594184e+02, 2.892990453423394e+02, 2.93008408203125e+02, 2.930213843451606e+02, 2.930190710449219e+02, 2.930168646240234e+02, 2.930125842285156e+02, 2.93002164984809e+02, 2.897158833041698e+02, 2.880549479844835e+02, 2.880428398980035e+02, 2.880367301432292e+02, 2.880343413628472e+02, 2.880335042317708e+02, 2.88034501953125e+02, 2.880338818359375e+02, 2.880303295898437e+02, 2.880278324381511e+02, 2.884742282443576e+02, 2.929801904975043e+02, 2.930353108723958e+02, 2.93796265940976e+02, 2.948413754611545e+02, 2.93119970703125e+02, 2.930650025770399e+02, 2.930120750596788e+02, 2.880562084960937e+02, 2.880394941541884e+02, 2.880325792100695e+02, 2.880277486165365e+02, 2.880208723958334e+02, 2.88017216796875e+02, 2.880171984863281e+02, 2.880166039360894e+02, 2.880174274359809e+02, 2.880476810709636e+02, 2.930610663519965e+02, 2.941402112425944e+02, 2.982007466634115e+02, 2.982234779866536e+02, 2.982080346679688e+02, 2.957193154304077e+02, 2.930485116916233e+02, 2.880723900689019e+02, 2.880497465006511e+02, 2.880383072238498e+02, 2.880364664713542e+02, 2.880355312093099e+02, 2.880364440917969e+02, 2.880596813964844e+02, 2.880612414550781e+02, 2.880621198187934e+02, 2.880955333116319e+02, 2.933144671847162e+02, 2.981838127591638e+02, 2.982644502766927e+02, 2.982858536783854e+02, 2.982658187527127e+02, 2.980192394480434e+02, 2.948065814208985e+02, 2.905010603841146e+02, 2.881042911783854e+02, 2.881033947753906e+02, 2.880949357774522e+02, 2.88091021999783e+02, 2.880875970458985e+02, 2.880953263346354e+02, 2.880916547309028e+02, 2.880894165039062e+02, 2.881098480224609e+02, 2.93160508450975e+02, 2.982177089436849e+02, 2.982944053819444e+02, 2.983227023654514e+02, 2.9829306640625e+02, 2.982162561713325e+02, 2.963513267558448e+02, 2.925991717529297e+02, 2.88795166015625e+02]
con.TSetRooHea=[2.881499938964844e+02, 2.881499938964844e+02, 2.881499938964844e+02, 2.881499938964844e+02, 2.881499938964844e+02, 2.881499938964844e+02, 2.90216660563151e+02, 2.931499938964844e+02, 2.931499938964844e+02, 2.931499938964844e+02, 2.931499938964844e+02, 2.931499938964844e+02, 2.931499938964844e+02, 2.920055494520399e+02, 2.881499938964844e+02, 2.881499938964844e+02, 2.881499938964844e+02, 2.881499938964844e+02, 2.881499938964844e+02, 2.881499938964844e+02, 2.881499938964844e+02, 2.881499938964844e+02, 2.881499938964844e+02, 2.894055494520399e+02, 2.931499938964844e+02, 2.931499938964844e+02, 2.931499938964844e+02, 2.931499938964844e+02, 2.931499938964844e+02, 2.931499938964844e+02, 2.897659886089761e+02, 2.881499938964844e+02, 2.881499938964844e+02, 2.881499938964844e+02, 2.881499938964844e+02, 2.881499938964844e+02, 2.881499938964844e+02, 2.881499938964844e+02, 2.881499938964844e+02, 2.881499938964844e+02, 2.885944383409288e+02, 2.931499938964844e+02, 2.931499938964844e+02, 2.931499938964844e+02, 2.931499938964844e+02, 2.931499938964844e+02, 2.931499938964844e+02, 2.931499938964844e+02, 2.881499938964844e+02, 2.881499938964844e+02, 2.881499938964844e+02, 2.881499938964844e+02, 2.881499938964844e+02, 2.881499938964844e+02, 2.881499938964844e+02, 2.881499938964844e+02, 2.881499938964844e+02, 2.881499938964844e+02, 2.931499938964844e+02, 2.931499938964844e+02, 2.931499938964844e+02, 2.931499938964844e+02, 2.931499938964844e+02, 2.931499938964844e+02, 2.931499938964844e+02, 2.881499938964844e+02, 2.881499938964844e+02, 2.881499938964844e+02, 2.881499938964844e+02, 2.881499938964844e+02, 2.881499938964844e+02, 2.881499938964844e+02, 2.881499938964844e+02, 2.881499938964844e+02, 2.881499938964844e+02, 2.931499938964844e+02, 2.931499938964844e+02, 2.931499938964844e+02, 2.931499938964844e+02, 2.931499938964844e+02, 2.931499938964844e+02, 2.931499938964844e+02, 2.882388827853733e+02, 2.881499938964844e+02, 2.881499938964844e+02, 2.881499938964844e+02, 2.881499938964844e+02, 2.881499938964844e+02, 2.881499938964844e+02, 2.881499938964844e+02, 2.881499938964844e+02, 2.881499938964844e+02, 2.931499938964844e+02, 2.931499938964844e+02, 2.931499938964844e+02, 2.931499938964844e+02, 2.931499938964844e+02, 2.931499938964844e+02, 2.931499938964844e+02, 2.890499938964844e+02, 2.881499938964844e+02]
con.TSetRooCoo=[3.031499938964844e+02, 3.031499938964844e+02, 3.031499938964844e+02, 3.031499938964844e+02, 3.031499938964844e+02, 3.031499938964844e+02, 3.010833272298177e+02, 2.981499938964844e+02, 2.981499938964844e+02, 2.981499938964844e+02, 2.981499938964844e+02, 2.981499938964844e+02, 2.981499938964844e+02, 2.992944383409288e+02, 3.031499938964844e+02, 3.031499938964844e+02, 3.031499938964844e+02, 3.031499938964844e+02, 3.031499938964844e+02, 3.031499938964844e+02, 3.031499938964844e+02, 3.031499938964844e+02, 3.031499938964844e+02, 3.018944383409288e+02, 2.981499938964844e+02, 2.981499938964844e+02, 2.981499938964844e+02, 2.981499938964844e+02, 2.981499938964844e+02, 2.981499938964844e+02, 3.015339991839926e+02, 3.031499938964844e+02, 3.031499938964844e+02, 3.031499938964844e+02, 3.031499938964844e+02, 3.031499938964844e+02, 3.031499938964844e+02, 3.031499938964844e+02, 3.031499938964844e+02, 3.031499938964844e+02, 3.027055494520399e+02, 2.981499938964844e+02, 2.981499938964844e+02, 2.981499938964844e+02, 2.981499938964844e+02, 2.981499938964844e+02, 2.981499938964844e+02, 2.981499938964844e+02, 3.031499938964844e+02, 3.031499938964844e+02, 3.031499938964844e+02, 3.031499938964844e+02, 3.031499938964844e+02, 3.031499938964844e+02, 3.031499938964844e+02, 3.031499938964844e+02, 3.031499938964844e+02, 3.031499938964844e+02, 2.981499938964844e+02, 2.981499938964844e+02, 2.981499938964844e+02, 2.981499938964844e+02, 2.981499938964844e+02, 2.981499938964844e+02, 2.981499938964844e+02, 3.031499938964844e+02, 3.031499938964844e+02, 3.031499938964844e+02, 3.031499938964844e+02, 3.031499938964844e+02, 3.031499938964844e+02, 3.031499938964844e+02, 3.031499938964844e+02, 3.031499938964844e+02, 3.031499938964844e+02, 2.981499938964844e+02, 2.981499938964844e+02, 2.981499938964844e+02, 2.981499938964844e+02, 2.981499938964844e+02, 2.981499938964844e+02, 2.981499938964844e+02, 3.030611050075955e+02, 3.031499938964844e+02, 3.031499938964844e+02, 3.031499938964844e+02, 3.031499938964844e+02, 3.031499938964844e+02, 3.031499938964844e+02, 3.031499938964844e+02, 3.031499938964844e+02, 3.031499938964844e+02, 2.981499938964844e+02, 2.981499938964844e+02, 2.981499938964844e+02, 2.981499938964844e+02, 2.981499938964844e+02, 2.981499938964844e+02, 2.981499938964844e+02, 3.022499938964844e+02, 3.031499938964844e+02]
EFan.y=[0e+00, 9.080334373967839e+02, 5.319786885850694e+03, 9.73154029296875e+03, 1.414329428385417e+04, 1.855504826388889e+04, 2.296680088541667e+04, 2.737855509982639e+04, 4.432637320767051e+04, 3.0859397703125e+05, 9.289764416666667e+05, 1.353566691666667e+06, 1.454482648333333e+06, 1.46047475e+06, 1.46047475e+06, 1.462144125e+06, 1.466555866666667e+06, 1.470967608333333e+06, 1.47537935e+06, 1.479791091666667e+06, 1.484202833333333e+06, 1.488614575e+06, 1.493026316666667e+06, 1.497438089722222e+06, 1.501849925e+06, 1.506261666666667e+06, 1.510673408333333e+06, 1.51508515e+06, 1.519496891666667e+06, 1.523908633333333e+06, 1.528110625e+06, 1.532171616666667e+06, 1.536583358333333e+06, 1.5409951e+06, 1.545406841666667e+06, 1.549818583333333e+06, 1.554230385e+06, 1.558642191666667e+06, 1.563053933333333e+06, 1.567465675e+06, 1.571877416666667e+06, 1.576289158333333e+06, 1.5807009e+06, 1.585112646507839e+06, 1.589524383333333e+06, 1.593936125e+06, 1.598347866666667e+06, 1.602759721388889e+06, 1.60647385e+06, 1.610885591666667e+06, 1.615297333333333e+06, 1.619709075e+06, 1.624120816666667e+06, 1.628532558333333e+06, 1.6329443e+06, 1.637356041666667e+06, 1.641767783333333e+06, 1.646179525e+06, 1.650591391666667e+06, 1.655003120861879e+06, 1.666585408333333e+06, 1.728937665277778e+06, 1.802181151666667e+06, 1.817845794524336e+06, 1.822257466666667e+06, 1.825596351388889e+06, 1.8300082e+06, 1.834419941666667e+06, 1.838831683333333e+06, 1.843243425e+06, 1.847655166666667e+06, 1.852066908333333e+06, 1.85647865e+06, 1.860890391666667e+06, 1.865302133333333e+06, 1.86971387596302e+06, 1.883559108268034e+06, 2.040362228055556e+06, 2.4920669e+06, 2.958395216111111e+06, 3.136884011303588e+06, 3.147397575e+06, 3.148719e+06, 3.150755058333333e+06, 3.1551668e+06, 3.159578541666667e+06, 3.163990283333333e+06, 3.168402025e+06, 3.172814016666667e+06, 3.177225758333333e+06, 3.1816375e+06, 3.186049241666667e+06, 3.190460980420311e+06, 3.224549205e+06, 3.559323603333334e+06, 4.456761083333333e+06, 5.347962706666667e+06, 5.71560918e+06, 5.735193237109151e+06, 5.737025e+06, 5.737025e+06]
EHea.y=[0e+00, 5.224997060040278e+05, 4.408926968888889e+06, 1.031795445333333e+07, 1.707869444444444e+07, 2.380788362222222e+07, 3.248085178666667e+07, 4.232573241777778e+07, 4.3251684e+07, 4.3251684e+07, 4.3251684e+07, 4.3251684e+07, 4.3251684e+07, 4.3251684e+07, 4.3251684e+07, 4.41068444e+07, 4.859539592888889e+07, 5.511525078222223e+07, 6.371573456e+07, 7.377606924444444e+07, 8.489639306666666e+07, 9.689638586666666e+07, 1.0958765248e+08, 1.250863763377778e+08, 1.4882905728e+08, 1.680410453333333e+08, 1.8653514112e+08, 2.0539788992e+08, 2.246712841244445e+08, 2.450008211555555e+08, 2.656047741969597e+08, 2.755974697955555e+08, 2.901495843555555e+08, 3.0593710016e+08, 3.2233852672e+08, 3.389122360888889e+08, 3.5546641664e+08, 3.7195344192e+08, 3.887869306311111e+08, 4.061094557866667e+08, 4.241679416888889e+08, 4.522993364622222e+08, 4.747096759466667e+08, 4.80728032e+08, 4.80728032e+08, 4.811282528e+08, 4.880970511644444e+08, 5.042953110044444e+08, 5.132470481066667e+08, 5.279818523733333e+08, 5.442851271111112e+08, 5.614015394133333e+08, 5.792694869333333e+08, 5.980445600711111e+08, 6.169698688e+08, 6.359810929777777e+08, 6.549892406044445e+08, 6.728715127466667e+08, 6.942839557688888e+08, 7.00325888e+08, 7.00325888e+08, 7.00325888e+08, 7.00325888e+08, 7.003257964365782e+08, 7.087013378844445e+08, 7.151963370666667e+08, 7.280694784e+08, 7.432888574577777e+08, 7.593879495111111e+08, 7.756847560533333e+08, 7.919855118222222e+08, 8.069398392888889e+08, 8.1903755776e+08, 8.316551957333333e+08, 8.431630717155555e+08, 8.53693342407686e+08, 8.53799616e+08, 8.53799616e+08, 8.53799616e+08, 8.53799616e+08, 8.53799616e+08, 8.53799616e+08, 8.53799616e+08, 8.556156980622222e+08, 8.610971613866667e+08, 8.684166392888889e+08, 8.765374116977777e+08, 8.8524675072e+08, 8.9352155392e+08, 9.013853767111111e+08, 9.099197056e+08, 9.1803558016e+08, 9.26685952e+08, 9.26685952e+08, 9.26685952e+08, 9.26685952e+08, 9.26685952e+08, 9.26685952e+08, 9.26685952e+08, 9.26685952e+08, 9.26685952e+08]
ECoo.y=[0e+00, 0e+00, 0e+00, 0e+00, 0e+00, 0e+00, 0e+00, 0e+00, 0e+00, 0e+00, 0e+00, 0e+00, 0e+00, 0e+00, 0e+00, 0e+00, 0e+00, 0e+00, 0e+00, 0e+00, 0e+00, 0e+00, 0e+00, 0e+00, 0e+00, 0e+00, 0e+00, 0e+00, 0e+00, 0e+00, 0e+00, 0e+00, 0e+00, 0e+00, 0e+00, 0e+00, 0e+00, 0e+00, 0e+00, 0e+00, 0e+00, 0e+00, 0e+00, 0e+00, 0e+00, 0e+00, 0e+00, 0e+00, 0e+00, 0e+00, 0e+00, 0e+00, 0e+00, 0e+00, 0e+00, 0e+00, 0e+00, 0e+00, 0e+00, 0e+00, 0e+00, 0e+00, 0e+00, 0e+00, 0e+00, 0e+00, 0e+00, 0e+00, 0e+00, 0e+00, 0e+00, 0e+00, 0e+00, 0e+00, 0e+00, 0e+00, 0e+00, 0e+00, 0e+00, 0e+00, 0e+00, 0e+00, 0e+00, 0e+00, 0e+00, 0e+00, 0e+00, 0e+00, 0e+00, 0e+00, 0e+00, 0e+00, 0e+00, 0e+00, 0e+00, 0e+00, 0e+00, 0e+00, 0e+00, 0e+00, 0e+00]
EHVAC.y=[0e+00, 5.234077241789048e+05, 4.414246702222222e+06, 1.032768583333333e+07, 1.709283800888889e+07, 2.382644055555556e+07, 3.250381813333333e+07, 4.235311178666667e+07, 4.329600939130612e+07, 4.356027672e+07, 4.418065786666667e+07, 4.460524799111111e+07, 4.470616586666667e+07, 4.4712156e+07, 4.4712156e+07, 4.55689892e+07, 5.006195105777778e+07, 5.658622010666667e+07, 6.519111312e+07, 7.525586152888888e+07, 8.63805968e+07, 9.838500176000001e+07, 1.110806745955556e+08, 1.265838138311111e+08, 1.503309085866667e+08, 1.695473004444444e+08, 1.880458160355555e+08, 2.0691298464e+08, 2.261907784533333e+08, 2.465247234844444e+08, 2.671328861969597e+08, 2.771296432355555e+08, 2.9168617216e+08, 3.074781173333333e+08, 3.238839412622222e+08, 3.40462048e+08, 3.5702064128e+08, 3.735120805688889e+08, 3.903499986488889e+08, 4.076769211733333e+08, 4.257398364444444e+08, 4.538756285866666e+08, 4.7629036544e+08, 4.823131567284328e+08, 4.8231757056e+08, 4.827221984e+08, 4.896954102044445e+08, 5.058980544e+08, 5.148535138133333e+08, 5.295927381333333e+08, 5.459004515555556e+08, 5.630212612266667e+08, 5.808936061155555e+08, 5.996730766222222e+08, 6.1860278272e+08, 6.376184682666667e+08, 6.566310132622222e+08, 6.745176827733333e+08, 6.959345661155555e+08, 7.019808756323509e+08, 7.019924736e+08, 7.020548016355555e+08, 7.021280492088889e+08, 7.021436169439528e+08, 7.105235859911112e+08, 7.170219420444444e+08, 7.298994807466667e+08, 7.451232571733333e+08, 7.612268105955555e+08, 7.775280145066667e+08, 7.938331676444445e+08, 8.0879189248e+08, 8.2089406976e+08, 8.335160436622223e+08, 8.450283659377778e+08, 8.555630610075229e+08, 8.556831604642544e+08, 8.558399752533333e+08, 8.5629168384e+08, 8.567580123022223e+08, 8.569365074889014e+08, 8.56947008e+08, 8.56948352e+08, 8.587664322844445e+08, 8.642523323733333e+08, 8.715762076444445e+08, 8.797013774222223e+08, 8.884151773866667e+08, 8.966943783822222e+08, 9.045625985422223e+08, 9.13101376e+08, 9.212215967288889e+08, 9.298764299010574e+08, 9.299104836266667e+08, 9.302452704711111e+08, 9.311427214222223e+08, 9.320339208533334e+08, 9.324015687111111e+08, 9.324211196157335e+08, 9.32422976e+08, 9.32422976e+08]
>>>>>>> master
EPum.y=[0e+00, 0e+00, 0e+00, 0e+00, 0e+00, 0e+00, 0e+00, 0e+00, 0e+00, 0e+00, 0e+00, 0e+00, 0e+00, 0e+00, 0e+00, 0e+00, 0e+00, 0e+00, 0e+00, 0e+00, 0e+00, 0e+00, 0e+00, 0e+00, 0e+00, 0e+00, 0e+00, 0e+00, 0e+00, 0e+00, 0e+00, 0e+00, 0e+00, 0e+00, 0e+00, 0e+00, 0e+00, 0e+00, 0e+00, 0e+00, 0e+00, 0e+00, 0e+00, 0e+00, 0e+00, 0e+00, 0e+00, 0e+00, 0e+00, 0e+00, 0e+00, 0e+00, 0e+00, 0e+00, 0e+00, 0e+00, 0e+00, 0e+00, 0e+00, 0e+00, 0e+00, 0e+00, 0e+00, 0e+00, 0e+00, 0e+00, 0e+00, 0e+00, 0e+00, 0e+00, 0e+00, 0e+00, 0e+00, 0e+00, 0e+00, 0e+00, 0e+00, 0e+00, 0e+00, 0e+00, 0e+00, 0e+00, 0e+00, 0e+00, 0e+00, 0e+00, 0e+00, 0e+00, 0e+00, 0e+00, 0e+00, 0e+00, 0e+00, 0e+00, 0e+00, 0e+00, 0e+00, 0e+00, 0e+00, 0e+00, 0e+00]
