<<<<<<< HEAD
last-generated=2022-10-04
=======
last-generated=2025-07-01
>>>>>>> master
statistics-initialization=
{
  "linear": "0, 0, 0, 0, 0, 0, 0, 0",
  "nonlinear": "42, 42, 1, 0, 0, 0, 0, 1, 0, 0, 0, 0",
  "numerical Jacobians": "0"
}
statistics-simulation=
{
<<<<<<< HEAD
  "linear": "0, 0, 0, 0, 30, 0, 0, 0, 0, 0, 0, 0, 0, 0, 0, 0, 0, 0, 0, 0, 0, 30, 0, 0, 0, 0,   0, 0, 0, 0, 0, 0, 0, 0",
  "nonlinear": "1, 0, 0, 0, 0, 1, 0, 0, 0, 0",
=======
  "linear": "30, 0, 0, 0, 0, 0, 0, 0, 0, 0, 0, 0, 0, 0, 0, 0, 0, 30, 0, 0, 0, 0, 0, 0, 0, 0,   0, 0, 0, 0, 0, 0, 0, 0",
  "nonlinear": "2, 0, 0, 0, 0, 2, 0, 0, 0, 0",
>>>>>>> master
  "number of continuous time states": "122",
  "numerical Jacobians": "0"
}
time=[1.5984e+07, 1.67616e+07]
zonAHUG36Con.con.TZonHeaSet=[2.881499938964844e+02, 2.881499938964844e+02, 2.881499938964844e+02, 2.881499938964844e+02, 2.931499938964844e+02, 2.931499938964844e+02, 2.931499938964844e+02, 2.931499938964844e+02, 2.931499938964844e+02, 2.881499938964844e+02, 2.881499938964844e+02, 2.881499938964844e+02, 2.881499938964844e+02, 2.881499938964844e+02, 2.881499938964844e+02, 2.931499938964844e+02, 2.931499938964844e+02, 2.931499938964844e+02, 2.931499938964844e+02, 2.931499938964844e+02, 2.881499938964844e+02, 2.881499938964844e+02, 2.881499938964844e+02, 2.881499938964844e+02, 2.881499938964844e+02, 2.881499938964844e+02, 2.931499938964844e+02, 2.931499938964844e+02, 2.931499938964844e+02, 2.931499938964844e+02, 2.931499938964844e+02, 2.881499938964844e+02, 2.881499938964844e+02, 2.881499938964844e+02, 2.881499938964844e+02, 2.881499938964844e+02, 2.881499938964844e+02, 2.881499938964844e+02, 2.931499938964844e+02, 2.931499938964844e+02, 2.931499938964844e+02, 2.931499938964844e+02, 2.881499938964844e+02, 2.881499938964844e+02, 2.881499938964844e+02, 2.881499938964844e+02, 2.881499938964844e+02, 2.881499938964844e+02, 2.881499938964844e+02, 2.931499938964844e+02, 2.931499938964844e+02, 2.931499938964844e+02, 2.931499938964844e+02, 2.881499938964844e+02, 2.881499938964844e+02, 2.881499938964844e+02, 2.881499938964844e+02, 2.881499938964844e+02, 2.881499938964844e+02, 2.881499938964844e+02, 2.931499938964844e+02, 2.931499938964844e+02, 2.931499938964844e+02, 2.931499938964844e+02, 2.881499938964844e+02, 2.881499938964844e+02, 2.881499938964844e+02, 2.881499938964844e+02, 2.881499938964844e+02, 2.881499938964844e+02, 2.881499938964844e+02, 2.931499938964844e+02, 2.931499938964844e+02, 2.931499938964844e+02, 2.931499938964844e+02, 2.931499938964844e+02, 2.881499938964844e+02, 2.881499938964844e+02, 2.881499938964844e+02, 2.881499938964844e+02, 2.881499938964844e+02, 2.881499938964844e+02, 2.931499938964844e+02, 2.931499938964844e+02, 2.931499938964844e+02, 2.931499938964844e+02, 2.931499938964844e+02, 2.881499938964844e+02, 2.881499938964844e+02, 2.881499938964844e+02, 2.881499938964844e+02, 2.881499938964844e+02, 2.881499938964844e+02, 2.931499938964844e+02, 2.931499938964844e+02, 2.931499938964844e+02, 2.931499938964844e+02, 2.931499938964844e+02, 2.881499938964844e+02, 2.881499938964844e+02, 2.881499938964844e+02]
zonAHUG36Con.con.TZonCooSet=[3.031499938964844e+02, 3.031499938964844e+02, 3.031499938964844e+02, 3.031499938964844e+02, 2.971499938964844e+02, 2.971499938964844e+02, 2.971499938964844e+02, 2.971499938964844e+02, 2.971499938964844e+02, 3.031499938964844e+02, 3.031499938964844e+02, 3.031499938964844e+02, 3.031499938964844e+02, 3.031499938964844e+02, 3.031499938964844e+02, 2.971499938964844e+02, 2.971499938964844e+02, 2.971499938964844e+02, 2.971499938964844e+02, 2.971499938964844e+02, 3.031499938964844e+02, 3.031499938964844e+02, 3.031499938964844e+02, 3.031499938964844e+02, 3.031499938964844e+02, 3.031499938964844e+02, 2.971499938964844e+02, 2.971499938964844e+02, 2.971499938964844e+02, 2.971499938964844e+02, 2.971499938964844e+02, 3.031499938964844e+02, 3.031499938964844e+02, 3.031499938964844e+02, 3.031499938964844e+02, 3.031499938964844e+02, 3.031499938964844e+02, 3.031499938964844e+02, 2.971499938964844e+02, 2.971499938964844e+02, 2.971499938964844e+02, 2.971499938964844e+02, 3.031499938964844e+02, 3.031499938964844e+02, 3.031499938964844e+02, 3.031499938964844e+02, 3.031499938964844e+02, 3.031499938964844e+02, 3.031499938964844e+02, 2.971499938964844e+02, 2.971499938964844e+02, 2.971499938964844e+02, 2.971499938964844e+02, 3.031499938964844e+02, 3.031499938964844e+02, 3.031499938964844e+02, 3.031499938964844e+02, 3.031499938964844e+02, 3.031499938964844e+02, 3.031499938964844e+02, 2.971499938964844e+02, 2.971499938964844e+02, 2.971499938964844e+02, 2.971499938964844e+02, 3.031499938964844e+02, 3.031499938964844e+02, 3.031499938964844e+02, 3.031499938964844e+02, 3.031499938964844e+02, 3.031499938964844e+02, 3.031499938964844e+02, 2.971499938964844e+02, 2.971499938964844e+02, 2.971499938964844e+02, 2.971499938964844e+02, 2.971499938964844e+02, 3.031499938964844e+02, 3.031499938964844e+02, 3.031499938964844e+02, 3.031499938964844e+02, 3.031499938964844e+02, 3.031499938964844e+02, 2.971499938964844e+02, 2.971499938964844e+02, 2.971499938964844e+02, 2.971499938964844e+02, 2.971499938964844e+02, 3.031499938964844e+02, 3.031499938964844e+02, 3.031499938964844e+02, 3.031499938964844e+02, 3.031499938964844e+02, 3.031499938964844e+02, 2.971499938964844e+02, 2.971499938964844e+02, 2.971499938964844e+02, 2.971499938964844e+02, 2.971499938964844e+02, 3.031499938964844e+02, 3.031499938964844e+02, 3.031499938964844e+02]
<<<<<<< HEAD
zonAHUG36Opt.TZon=[2.931499938964844e+02, 2.933934326171875e+02, 2.934256286621094e+02, 2.936408386230469e+02, 2.9451708984375e+02, 2.954012756347656e+02, 2.959197998046875e+02, 2.96627197265625e+02, 2.970362854003906e+02, 2.965146179199219e+02, 2.964158020019531e+02, 2.963950805664062e+02, 2.963994445800781e+02, 2.963092956542969e+02, 2.965015869140625e+02, 2.972671813964844e+02, 2.97771484375e+02, 2.977017822265625e+02, 2.982373657226562e+02, 2.982879638671875e+02, 2.98394775390625e+02, 2.982454528808594e+02, 2.981418762207031e+02, 2.981182250976562e+02, 2.981289367675781e+02, 2.981163330078125e+02, 2.978868103027344e+02, 2.982029724121094e+02, 2.971385192871094e+02, 2.971427001953125e+02, 2.971332092285156e+02, 2.985366516113281e+02, 2.984580993652344e+02, 2.983538513183594e+02, 2.983145446777344e+02, 2.98252685546875e+02, 2.982171020507812e+02, 2.979783325195312e+02, 2.969175109863281e+02, 2.971269226074219e+02, 2.971578674316406e+02, 2.971554870605469e+02, 2.987543640136719e+02, 2.9863427734375e+02, 2.985660705566406e+02, 2.984789123535156e+02, 2.984758911132812e+02, 2.984597778320312e+02, 2.980401611328125e+02, 2.972538452148438e+02, 2.972048950195312e+02, 2.980496215820312e+02, 2.978819274902344e+02, 2.98918701171875e+02, 2.987158813476562e+02, 2.986019287109375e+02, 2.98492431640625e+02, 2.984087219238281e+02, 2.983704223632812e+02, 2.982601013183594e+02, 2.976953430175781e+02, 2.974562072753906e+02, 2.971457824707031e+02, 2.969322509765625e+02, 2.983118591308594e+02, 2.983886413574219e+02, 2.984040222167969e+02, 2.983229675292969e+02, 2.982932739257812e+02, 2.98290283203125e+02, 2.982404174804688e+02, 2.974012451171875e+02, 2.972899169921875e+02, 2.969250183105469e+02, 2.971588745117188e+02, 2.971077270507812e+02, 2.986571044921875e+02, 2.986051330566406e+02, 2.985125732421875e+02, 2.984252014160156e+02, 2.983542785644531e+02, 2.984594421386719e+02, 2.974265441894531e+02, 2.970650329589844e+02, 2.971729431152344e+02, 2.971325073242188e+02, 2.971117858886719e+02, 2.98710693359375e+02, 2.98644775390625e+02, 2.985646362304688e+02, 2.984821166992188e+02, 2.984028930664062e+02, 2.985523681640625e+02, 2.98560546875e+02, 2.97138916015625e+02, 2.971745910644531e+02, 2.971517028808594e+02, 2.971194458007812e+02, 2.989922180175781e+02, 2.988418273925781e+02, 2.987028503417969e+02]
zonAHUG36Con.TZon=[2.931499938964844e+02, 2.933934326171875e+02, 2.934256286621094e+02, 2.936408386230469e+02, 2.9451708984375e+02, 2.954012756347656e+02, 2.959197998046875e+02, 2.96627197265625e+02, 2.970362854003906e+02, 2.965146179199219e+02, 2.964158020019531e+02, 2.963950805664062e+02, 2.963994445800781e+02, 2.963092956542969e+02, 2.965015869140625e+02, 2.972671813964844e+02, 2.97771484375e+02, 2.977017822265625e+02, 2.982373657226562e+02, 2.982879638671875e+02, 2.98394775390625e+02, 2.982454528808594e+02, 2.981418762207031e+02, 2.981182250976562e+02, 2.981289367675781e+02, 2.981163330078125e+02, 2.984347534179688e+02, 2.98256103515625e+02, 2.971392822265625e+02, 2.971418151855469e+02, 2.97132568359375e+02, 2.985590209960938e+02, 2.984812622070312e+02, 2.983769226074219e+02, 2.983375854492188e+02, 2.982756652832031e+02, 2.982399291992188e+02, 2.984034729003906e+02, 2.969906921386719e+02, 2.971260986328125e+02, 2.971569519042969e+02, 2.971548461914062e+02, 2.987799987792969e+02, 2.986614685058594e+02, 2.985924377441406e+02, 2.985056457519531e+02, 2.985025024414062e+02, 2.984862365722656e+02, 2.985635375976562e+02, 2.975140991210938e+02, 2.972140197753906e+02, 2.981425170898438e+02, 2.97966796875e+02, 2.990064086914062e+02, 2.988106079101562e+02, 2.986969909667969e+02, 2.985870361328125e+02, 2.985026245117188e+02, 2.98463623046875e+02, 2.986278686523438e+02, 2.979705200195312e+02, 2.975980224609375e+02, 2.971414184570312e+02, 2.969411926269531e+02, 2.983875732421875e+02, 2.984800415039062e+02, 2.984961853027344e+02, 2.984151916503906e+02, 2.983848266601562e+02, 2.983813781738281e+02, 2.984625549316406e+02, 2.978461303710938e+02, 2.974089965820312e+02, 2.970180969238281e+02, 2.971575622558594e+02, 2.971059875488281e+02, 2.987312927246094e+02, 2.986794128417969e+02, 2.985864868164062e+02, 2.984991455078125e+02, 2.984277038574219e+02, 2.98515380859375e+02, 2.980818786621094e+02, 2.970774841308594e+02, 2.971698913574219e+02, 2.971302490234375e+02, 2.971101379394531e+02, 2.987801818847656e+02, 2.98714111328125e+02, 2.986343994140625e+02, 2.985520935058594e+02, 2.984725646972656e+02, 2.986212768554688e+02, 2.990690612792969e+02, 2.970836181640625e+02, 2.971695556640625e+02, 2.971489562988281e+02, 2.971173095703125e+02, 2.99073974609375e+02, 2.989246215820312e+02, 2.987860107421875e+02]
optStaHea.tOpt=[0e+00, 0e+00, 0e+00, 0e+00, 0e+00, 0e+00, 0e+00, 0e+00, 0e+00, 0e+00, 0e+00, 0e+00, 0e+00, 0e+00, 0e+00, 0e+00, 0e+00, 0e+00, 0e+00, 0e+00, 0e+00, 0e+00, 0e+00, 0e+00, 0e+00, 0e+00, 0e+00, 0e+00, 0e+00, 0e+00, 0e+00, 0e+00, 0e+00, 0e+00, 0e+00, 0e+00, 0e+00, 0e+00, 0e+00, 0e+00, 0e+00, 0e+00, 0e+00, 0e+00, 0e+00, 0e+00, 0e+00, 0e+00, 0e+00, 0e+00, 0e+00, 0e+00, 0e+00, 0e+00, 0e+00, 0e+00, 0e+00, 0e+00, 0e+00, 0e+00, 0e+00, 0e+00, 0e+00, 0e+00, 0e+00, 0e+00, 0e+00, 0e+00, 0e+00, 0e+00, 0e+00, 0e+00, 0e+00, 0e+00, 0e+00, 0e+00, 0e+00, 0e+00, 0e+00, 0e+00, 0e+00, 0e+00, 0e+00, 0e+00, 0e+00, 0e+00, 0e+00, 0e+00, 0e+00, 0e+00, 0e+00, 0e+00, 0e+00, 0e+00, 0e+00, 0e+00, 0e+00, 0e+00, 0e+00, 0e+00, 0e+00]
optStaCoo.tOpt=[0e+00, 0e+00, 0e+00, 0e+00, 0e+00, 0e+00, 0e+00, 0e+00, 0e+00, 0e+00, 0e+00, 0e+00, 0e+00, 0e+00, 0e+00, 0e+00, 0e+00, 0e+00, 0e+00, 0e+00, 0e+00, 0e+00, 0e+00, 0e+00, 0e+00, 3.464491943359375e+03, 3.464491943359375e+03, 3.464491943359375e+03, 3.464491943359375e+03, 3.464491943359375e+03, 3.464491943359375e+03, 3.464491943359375e+03, 3.464491943359375e+03, 3.464491943359375e+03, 3.464491943359375e+03, 3.464491943359375e+03, 3.8124091796875e+03, 3.8124091796875e+03, 3.8124091796875e+03, 3.8124091796875e+03, 3.8124091796875e+03, 3.8124091796875e+03, 3.8124091796875e+03, 3.8124091796875e+03, 3.8124091796875e+03, 3.8124091796875e+03, 3.8124091796875e+03, 4.72591357421875e+03, 4.72591357421875e+03, 4.72591357421875e+03, 4.72591357421875e+03, 4.72591357421875e+03, 4.72591357421875e+03, 4.72591357421875e+03, 4.72591357421875e+03, 4.72591357421875e+03, 4.72591357421875e+03, 4.72591357421875e+03, 4.39712158203125e+03, 4.39712158203125e+03, 4.39712158203125e+03, 4.39712158203125e+03, 4.39712158203125e+03, 4.39712158203125e+03, 4.39712158203125e+03, 4.39712158203125e+03, 4.39712158203125e+03, 4.39712158203125e+03, 4.39712158203125e+03, 4.103642578125e+03, 4.103642578125e+03, 4.103642578125e+03, 4.103642578125e+03, 4.103642578125e+03, 4.103642578125e+03, 4.103642578125e+03, 4.103642578125e+03, 4.103642578125e+03, 4.103642578125e+03, 4.103642578125e+03, 4.103642578125e+03, 4.35827880859375e+03, 4.35827880859375e+03, 4.35827880859375e+03, 4.35827880859375e+03, 4.35827880859375e+03, 4.35827880859375e+03, 4.35827880859375e+03, 4.35827880859375e+03, 4.35827880859375e+03, 4.35827880859375e+03, 4.35827880859375e+03, 4.51938330078125e+03, 4.51938330078125e+03, 4.51938330078125e+03, 4.51938330078125e+03, 4.51938330078125e+03, 4.51938330078125e+03, 4.51938330078125e+03, 4.51938330078125e+03, 4.51938330078125e+03]
=======
zonAHUG36Opt.TZon=[2.931499938964844e+02, 2.933934326171875e+02, 2.934256896972656e+02, 2.93640869140625e+02, 2.945172424316406e+02, 2.954013366699219e+02, 2.959198608398438e+02, 2.966272277832031e+02, 2.970363159179688e+02, 2.965146179199219e+02, 2.964158325195312e+02, 2.963951110839844e+02, 2.963994445800781e+02, 2.963092956542969e+02, 2.965016174316406e+02, 2.972672119140625e+02, 2.977715454101562e+02, 2.972160949707031e+02, 2.971671752929688e+02, 2.971580810546875e+02, 2.982179565429688e+02, 2.980672912597656e+02, 2.979629821777344e+02, 2.97940185546875e+02, 2.979518737792969e+02, 2.97941162109375e+02, 2.978946533203125e+02, 2.974078979492188e+02, 2.971519775390625e+02, 2.971441650390625e+02, 2.971346740722656e+02, 2.984824523925781e+02, 2.984019470214844e+02, 2.982980346679688e+02, 2.982586364746094e+02, 2.981968688964844e+02, 2.981616821289062e+02, 2.979900512695312e+02, 2.972281799316406e+02, 2.971358947753906e+02, 2.971586303710938e+02, 2.971561889648438e+02, 2.987268981933594e+02, 2.986051940917969e+02, 2.985377807617188e+02, 2.984502563476562e+02, 2.984473876953125e+02, 2.984314880371094e+02, 2.980447692871094e+02, 2.972565002441406e+02, 2.972049255371094e+02, 2.972128295898438e+02, 2.971195373535156e+02, 2.987511291503906e+02, 2.985208740234375e+02, 2.984056701660156e+02, 2.982972106933594e+02, 2.982148742675781e+02, 2.981780700683594e+02, 2.98193603515625e+02, 2.976670837402344e+02, 2.970782470703125e+02, 2.971745300292969e+02, 2.969244689941406e+02, 2.982489318847656e+02, 2.98312255859375e+02, 2.983269958496094e+02, 2.982458801269531e+02, 2.982166748046875e+02, 2.982140808105469e+02, 2.982044982910156e+02, 2.974244384765625e+02, 2.97282958984375e+02, 2.972185974121094e+02, 2.971604309082031e+02, 2.971080017089844e+02, 2.986389465332031e+02, 2.985869140625e+02, 2.984943542480469e+02, 2.984070129394531e+02, 2.983362121582031e+02, 2.984575805664062e+02, 2.974326782226562e+02, 2.971688842773438e+02, 2.971731567382812e+02, 2.971325073242188e+02, 2.9711181640625e+02, 2.987083740234375e+02, 2.986424560546875e+02, 2.985622863769531e+02, 2.984797668457031e+02, 2.984005737304688e+02, 2.98550048828125e+02, 2.975652770996094e+02, 2.971520385742188e+02, 2.971744689941406e+02, 2.971517028808594e+02, 2.971194763183594e+02, 2.989918212890625e+02, 2.988414001464844e+02, 2.987024841308594e+02]
zonAHUG36Con.TZon=[2.931499938964844e+02, 2.933934326171875e+02, 2.934256896972656e+02, 2.93640869140625e+02, 2.945172424316406e+02, 2.954013366699219e+02, 2.959198608398438e+02, 2.966272277832031e+02, 2.970363159179688e+02, 2.965146179199219e+02, 2.964158325195312e+02, 2.963951110839844e+02, 2.963994445800781e+02, 2.963092956542969e+02, 2.965016174316406e+02, 2.972672119140625e+02, 2.977715454101562e+02, 2.972160949707031e+02, 2.971671752929688e+02, 2.971580810546875e+02, 2.982179565429688e+02, 2.980672912597656e+02, 2.979629821777344e+02, 2.97940185546875e+02, 2.979518737792969e+02, 2.97941162109375e+02, 2.982880554199219e+02, 2.975211181640625e+02, 2.971512451171875e+02, 2.971435852050781e+02, 2.971342163085938e+02, 2.984985046386719e+02, 2.984185485839844e+02, 2.983145751953125e+02, 2.98275146484375e+02, 2.982133483886719e+02, 2.981780395507812e+02, 2.983424682617188e+02, 2.973531799316406e+02, 2.971339721679688e+02, 2.971575012207031e+02, 2.971553649902344e+02, 2.987586364746094e+02, 2.986388244628906e+02, 2.985704650878906e+02, 2.984833374023438e+02, 2.984803161621094e+02, 2.984641723632812e+02, 2.985417175292969e+02, 2.975172424316406e+02, 2.972141418457031e+02, 2.972064514160156e+02, 2.971185913085938e+02, 2.988043823242188e+02, 2.985812683105469e+02, 2.984664916992188e+02, 2.983577575683594e+02, 2.982750244140625e+02, 2.982377319335938e+02, 2.984035339355469e+02, 2.97933837890625e+02, 2.970823974609375e+02, 2.971723022460938e+02, 2.969299621582031e+02, 2.982947082519531e+02, 2.983678283691406e+02, 2.983830261230469e+02, 2.983019714355469e+02, 2.982723999023438e+02, 2.982695007324219e+02, 2.983517761230469e+02, 2.978534240722656e+02, 2.972867736816406e+02, 2.972137756347656e+02, 2.971590270996094e+02, 2.971067810058594e+02, 2.986929931640625e+02, 2.986410217285156e+02, 2.985481872558594e+02, 2.984608459472656e+02, 2.983896789550781e+02, 2.984777221679688e+02, 2.980846862792969e+02, 2.971757507324219e+02, 2.971704711914062e+02, 2.971305236816406e+02, 2.971103820800781e+02, 2.987697143554688e+02, 2.987037048339844e+02, 2.986238708496094e+02, 2.985415344238281e+02, 2.984620666503906e+02, 2.986108703613281e+02, 2.990638427734375e+02, 2.971565551757812e+02, 2.971705627441406e+02, 2.971493835449219e+02, 2.971176452636719e+02, 2.99060791015625e+02, 2.989112548828125e+02, 2.987726440429688e+02]
optStaHea.tOpt=[0e+00, 0e+00, 0e+00, 0e+00, 0e+00, 0e+00, 0e+00, 0e+00, 0e+00, 0e+00, 0e+00, 0e+00, 0e+00, 0e+00, 0e+00, 0e+00, 0e+00, 0e+00, 0e+00, 0e+00, 0e+00, 0e+00, 0e+00, 0e+00, 0e+00, 0e+00, 0e+00, 0e+00, 0e+00, 0e+00, 0e+00, 0e+00, 0e+00, 0e+00, 0e+00, 0e+00, 0e+00, 0e+00, 0e+00, 0e+00, 0e+00, 0e+00, 0e+00, 0e+00, 0e+00, 0e+00, 0e+00, 0e+00, 0e+00, 0e+00, 0e+00, 0e+00, 0e+00, 0e+00, 0e+00, 0e+00, 0e+00, 0e+00, 0e+00, 0e+00, 0e+00, 0e+00, 0e+00, 0e+00, 0e+00, 0e+00, 0e+00, 0e+00, 0e+00, 0e+00, 0e+00, 0e+00, 0e+00, 0e+00, 0e+00, 0e+00, 0e+00, 0e+00, 0e+00, 0e+00, 0e+00, 0e+00, 0e+00, 0e+00, 0e+00, 0e+00, 0e+00, 0e+00, 0e+00, 0e+00, 0e+00, 0e+00, 0e+00, 0e+00, 0e+00, 0e+00, 0e+00, 0e+00, 0e+00, 0e+00, 0e+00]
optStaCoo.tOpt=[0e+00, 0e+00, 0e+00, 0e+00, 0e+00, 0e+00, 0e+00, 0e+00, 0e+00, 0e+00, 0e+00, 0e+00, 0e+00, 0e+00, 0e+00, 0e+00, 0e+00, 0e+00, 0e+00, 0e+00, 0e+00, 0e+00, 0e+00, 0e+00, 0e+00, 2.83051611328125e+03, 2.83051611328125e+03, 2.83051611328125e+03, 2.83051611328125e+03, 2.83051611328125e+03, 2.83051611328125e+03, 2.83051611328125e+03, 2.83051611328125e+03, 2.83051611328125e+03, 2.83051611328125e+03, 2.83051611328125e+03, 3.61253564453125e+03, 3.61253564453125e+03, 3.61253564453125e+03, 3.61253564453125e+03, 3.61253564453125e+03, 3.61253564453125e+03, 3.61253564453125e+03, 3.61253564453125e+03, 3.61253564453125e+03, 3.61253564453125e+03, 3.61253564453125e+03, 4.62365869140625e+03, 4.62365869140625e+03, 4.62365869140625e+03, 4.62365869140625e+03, 4.62365869140625e+03, 4.62365869140625e+03, 4.62365869140625e+03, 4.62365869140625e+03, 4.62365869140625e+03, 4.62365869140625e+03, 4.62365869140625e+03, 3.70379443359375e+03, 3.70379443359375e+03, 3.70379443359375e+03, 3.70379443359375e+03, 3.70379443359375e+03, 3.70379443359375e+03, 3.70379443359375e+03, 3.70379443359375e+03, 3.70379443359375e+03, 3.70379443359375e+03, 3.70379443359375e+03, 3.8292802734375e+03, 3.8292802734375e+03, 3.8292802734375e+03, 3.8292802734375e+03, 3.8292802734375e+03, 3.8292802734375e+03, 3.8292802734375e+03, 3.8292802734375e+03, 3.8292802734375e+03, 3.8292802734375e+03, 3.8292802734375e+03, 3.8292802734375e+03, 4.29331201171875e+03, 4.29331201171875e+03, 4.29331201171875e+03, 4.29331201171875e+03, 4.29331201171875e+03, 4.29331201171875e+03, 4.29331201171875e+03, 4.29331201171875e+03, 4.29331201171875e+03, 4.29331201171875e+03, 4.29331201171875e+03, 4.51093408203125e+03, 4.51093408203125e+03, 4.51093408203125e+03, 4.51093408203125e+03, 4.51093408203125e+03, 4.51093408203125e+03, 4.51093408203125e+03, 4.51093408203125e+03, 4.51093408203125e+03]
>>>>>>> master
