<<<<<<< HEAD
last-generated=2021-11-10
=======
last-generated=2024-09-16
>>>>>>> master
statistics-initialization=
{
  "nonlinear": "2",
  "numerical Jacobians": "0"
}
statistics-simulation=
{
  "linear": "3, 0",
  "nonlinear": "2",
  "number of continuous time states": "8",
  "numerical Jacobians": "0"
}
time=[0e+00, 1.44e+04]
<<<<<<< HEAD
vol.T=[2.931499938964844e+02, 2.932512512207031e+02, 2.935149230957031e+02, 2.938936157226562e+02, 2.943535766601562e+02, 2.948711853027344e+02, 2.954288024902344e+02, 2.960147705078125e+02, 2.966174926757812e+02, 2.971075134277344e+02, 2.975184936523438e+02, 2.979949645996094e+02, 2.985205078125e+02, 2.990806274414062e+02, 2.995661926269531e+02, 2.999384460449219e+02, 3.00371826171875e+02, 3.008645324707031e+02, 3.013909912109375e+02, 3.018041076660156e+02, 3.021504211425781e+02, 3.025752563476562e+02, 3.030596923828125e+02, 3.035163879394531e+02, 3.038402709960938e+02, 3.042017822265625e+02, 3.04639892578125e+02, 3.050998229980469e+02, 3.054326477050781e+02, 3.057397766113281e+02, 3.061368713378906e+02, 3.065817565917969e+02, 3.069174499511719e+02, 3.071889953613281e+02, 3.075508422851562e+02, 3.079754333496094e+02, 3.083051452636719e+02, 3.085522766113281e+02, 3.08884033203125e+02, 3.092881774902344e+02, 3.096064758300781e+02, 3.098339233398438e+02, 3.101397705078125e+02, 3.105246887207031e+02, 3.108289489746094e+02, 3.110390014648438e+02, 3.113217163085938e+02, 3.116887817382812e+02, 3.119784240722656e+02, 3.121727294921875e+02, 3.124335632324219e+02, 3.127838134765625e+02, 3.130599670410156e+02, 3.132329711914062e+02, 3.133761901855469e+02, 3.134441833496094e+02, 3.134292907714844e+02, 3.13384033203125e+02, 3.133246154785156e+02, 3.132586669921875e+02, 3.131903381347656e+02, 3.131228637695312e+02, 3.130595397949219e+02, 3.130016174316406e+02, 3.12955322265625e+02, 3.129271545410156e+02, 3.129315795898438e+02, 3.12979248046875e+02, 3.130551452636719e+02, 3.131412353515625e+02, 3.132814331054688e+02, 3.133511352539062e+02, 3.133511047363281e+02, 3.133196105957031e+02, 3.132741088867188e+02, 3.132218933105469e+02, 3.131666870117188e+02, 3.131121215820312e+02, 3.130613708496094e+02, 3.130175476074219e+02, 3.129861145019531e+02, 3.129754638671875e+02, 3.129927673339844e+02, 3.130348815917969e+02, 3.131465759277344e+02, 3.132823791503906e+02, 3.133280334472656e+02, 3.133215026855469e+02, 3.132897644042969e+02, 3.132461242675781e+02, 3.13197265625e+02, 3.131468505859375e+02, 3.130977783203125e+02, 3.130531311035156e+02, 3.130172119140625e+02, 3.129961242675781e+02, 3.129964904785156e+02, 3.130232543945312e+02, 3.131380310058594e+02, 3.132569580078125e+02, 3.1329931640625e+02]
boi.vol.T=[2.931499938964844e+02, 3.107193298339844e+02, 3.234368286132812e+02, 3.326974182128906e+02, 3.394954528808594e+02, 3.445281982421875e+02, 3.483149108886719e+02, 3.511983337402344e+02, 3.505018615722656e+02, 3.355455932617188e+02, 3.394170227050781e+02, 3.453507080078125e+02, 3.497713623046875e+02, 3.531080932617188e+02, 3.38326904296875e+02, 3.3810791015625e+02, 3.450769348144531e+02, 3.502320556640625e+02, 3.487733764648438e+02, 3.356194458007812e+02, 3.402101135253906e+02, 3.472064819335938e+02, 3.52382080078125e+02, 3.414006652832031e+02, 3.357376098632812e+02, 3.444481811523438e+02, 3.508372802734375e+02, 3.452430419921874e+02, 3.341003723144531e+02, 3.421445922851562e+02, 3.495988159179688e+02, 3.475770568847656e+02, 3.3619677734375e+02, 3.403403930664062e+02, 3.4869677734375e+02, 3.488402404785156e+02, 3.374948120117188e+02, 3.389819641113281e+02, 3.480943603515625e+02, 3.494103698730469e+02, 3.382702026367188e+02, 3.379563598632812e+02, 3.477095031738281e+02, 3.495927124023438e+02, 3.387445068359375e+02, 3.371219787597656e+02, 3.47441162109375e+02, 3.496203918457031e+02, 3.390870971679688e+02, 3.36325927734375e+02, 3.471806945800781e+02, 3.496670532226562e+02, 3.394242553710938e+02, 3.353286743164062e+02, 3.495790405273439e+02, 3.503517150878906e+02, 3.487182922363281e+02, 3.479915771484375e+02, 3.476920471191406e+02, 3.475925598144531e+02, 3.475723266601562e+02, 3.475325927734375e+02, 3.473766174316406e+02, 3.470652465820312e+02, 3.464139709472656e+02, 3.452269287109375e+02, 3.430712585449219e+02, 3.39626220703125e+02, 3.353347473144531e+02, 3.407846374511719e+02, 3.52320556640625e+02, 3.481809692382812e+02, 3.461146240234375e+02, 3.44985595703125e+02, 3.4427734375e+02, 3.43774658203125e+02, 3.433662719726562e+02, 3.429445190429688e+02, 3.42413818359375e+02, 3.416826171875e+02, 3.405865478515625e+02, 3.388748779296875e+02, 3.363299560546875e+02, 3.336601867675781e+02, 3.488727722167969e+02, 3.491942749023438e+02, 3.457713012695312e+02, 3.439010314941406e+02, 3.42782470703125e+02, 3.420219421386719e+02, 3.414219360351562e+02, 3.408731079101562e+02, 3.402891845703125e+02, 3.395792846679688e+02, 3.386126708984375e+02, 3.372082824707031e+02, 3.3516650390625e+02, 3.37341064453125e+02, 3.52463134765625e+02, 3.478931274414062e+02, 3.445721435546875e+02]
val.y=[1e+00, 1e+00, 1e+00, 1e+00, 1e+00, 1e+00, 1e+00, 1e+00, 1e+00, 1e+00, 1e+00, 1e+00, 1e+00, 1e+00, 1e+00, 1e+00, 1e+00, 1e+00, 1e+00, 1e+00, 1e+00, 1e+00, 1e+00, 1e+00, 1e+00, 1e+00, 1e+00, 1e+00, 1e+00, 1e+00, 1e+00, 1e+00, 1e+00, 1e+00, 1e+00, 1e+00, 1e+00, 1e+00, 1e+00, 1e+00, 1e+00, 1e+00, 1e+00, 1e+00, 1e+00, 1e+00, 1e+00, 1e+00, 1e+00, 1e+00, 1e+00, 1e+00, 1e+00, 9.33279812335968e-01, 7.491550445556626e-01, 5.206411480903612e-01, 3.187744021415699e-01, 1.55537411570549e-01, 3.755541890859604e-02, 0e+00, 0e+00, 2.228652685880661e-02, 9.64837372303009e-02, 2.119337618350983e-01, 3.594276010990143e-01, 5.252628922462463e-01, 6.843351721763611e-01, 8.031013607978821e-01, 8.6143958568573e-01, 8.583703637123108e-01, 7.44835376739502e-01, 5.843340158462524e-01, 4.369024038314819e-01, 3.179394900798798e-01, 2.343892008066177e-01, 1.896741092205048e-01, 1.853090822696686e-01, 2.203767895698547e-01, 2.915945053100586e-01, 3.936066031455994e-01, 5.169579982757568e-01, 6.456485986709595e-01, 7.581813335418701e-01, 8.362718224525452e-01, 8.294622302055359e-01, 7.10089385509491e-01, 5.710738897323608e-01, 4.464291334152222e-01, 3.492639362812042e-01, 2.85670667886734e-01, 2.583126425743103e-01, 2.676329612731934e-01, 3.122354447841644e-01, 3.886578977108002e-01, 4.899468719959259e-01, 6.047748923301697e-01, 7.166801691055298e-01, 8.06347131729126e-01, 8.049399852752686e-01, 7.059875726699829e-01, 5.8890700340271e-01]
conPID.u_s=[3.131499938964844e+02, 3.131499938964844e+02]
conPID.u_m=[2.931499938964844e+02, 2.932512512207031e+02, 2.935149230957031e+02, 2.938936157226562e+02, 2.943535766601562e+02, 2.948711853027344e+02, 2.954288024902344e+02, 2.960147705078125e+02, 2.966174926757812e+02, 2.971075134277344e+02, 2.975184936523438e+02, 2.979949645996094e+02, 2.985205078125e+02, 2.990806274414062e+02, 2.995661926269531e+02, 2.999384460449219e+02, 3.00371826171875e+02, 3.008645324707031e+02, 3.013909912109375e+02, 3.018041076660156e+02, 3.021504211425781e+02, 3.025752563476562e+02, 3.030596923828125e+02, 3.035163879394531e+02, 3.038402709960938e+02, 3.042017822265625e+02, 3.04639892578125e+02, 3.050998229980469e+02, 3.054326477050781e+02, 3.057397766113281e+02, 3.061368713378906e+02, 3.065817565917969e+02, 3.069174499511719e+02, 3.071889953613281e+02, 3.075508422851562e+02, 3.079754333496094e+02, 3.083051452636719e+02, 3.085522766113281e+02, 3.08884033203125e+02, 3.092881774902344e+02, 3.096064758300781e+02, 3.098339233398438e+02, 3.101397705078125e+02, 3.105246887207031e+02, 3.108289489746094e+02, 3.110390014648438e+02, 3.113217163085938e+02, 3.116887817382812e+02, 3.119784240722656e+02, 3.121727294921875e+02, 3.124335632324219e+02, 3.127838134765625e+02, 3.130599670410156e+02, 3.132329711914062e+02, 3.133761901855469e+02, 3.134441833496094e+02, 3.134292907714844e+02, 3.13384033203125e+02, 3.133246154785156e+02, 3.132586669921875e+02, 3.131903381347656e+02, 3.131228637695312e+02, 3.130595397949219e+02, 3.130016174316406e+02, 3.12955322265625e+02, 3.129271545410156e+02, 3.129315795898438e+02, 3.12979248046875e+02, 3.130551452636719e+02, 3.131412353515625e+02, 3.132814331054688e+02, 3.133511352539062e+02, 3.133511047363281e+02, 3.133196105957031e+02, 3.132741088867188e+02, 3.132218933105469e+02, 3.131666870117188e+02, 3.131121215820312e+02, 3.130613708496094e+02, 3.130175476074219e+02, 3.129861145019531e+02, 3.129754638671875e+02, 3.129927673339844e+02, 3.130348815917969e+02, 3.131465759277344e+02, 3.132823791503906e+02, 3.133280334472656e+02, 3.133215026855469e+02, 3.132897644042969e+02, 3.132461242675781e+02, 3.13197265625e+02, 3.131468505859375e+02, 3.130977783203125e+02, 3.130531311035156e+02, 3.130172119140625e+02, 3.129961242675781e+02, 3.129964904785156e+02, 3.130232543945312e+02, 3.131380310058594e+02, 3.132569580078125e+02, 3.1329931640625e+02]
conPID.y=[1e+00, 1e+00, 1e+00, 1e+00, 1e+00, 1e+00, 1e+00, 1e+00, 1e+00, 1e+00, 1e+00, 1e+00, 1e+00, 1e+00, 1e+00, 1e+00, 1e+00, 1e+00, 1e+00, 1e+00, 1e+00, 1e+00, 1e+00, 1e+00, 1e+00, 1e+00, 1e+00, 1e+00, 1e+00, 1e+00, 1e+00, 1e+00, 1e+00, 1e+00, 1e+00, 1e+00, 1e+00, 1e+00, 1e+00, 1e+00, 1e+00, 1e+00, 1e+00, 1e+00, 1e+00, 1e+00, 1e+00, 1e+00, 1e+00, 1e+00, 1e+00, 1e+00, 1e+00, 9.33279812335968e-01, 7.491550445556626e-01, 5.206411480903612e-01, 3.187744021415699e-01, 1.55537411570549e-01, 3.755541890859604e-02, 0e+00, 0e+00, 2.228652685880661e-02, 9.64837372303009e-02, 2.119337618350983e-01, 3.594276010990143e-01, 5.252628922462463e-01, 6.843351721763611e-01, 8.031013607978821e-01, 8.6143958568573e-01, 8.583703637123108e-01, 7.44835376739502e-01, 5.843340158462524e-01, 4.369024038314819e-01, 3.179394900798798e-01, 2.343892008066177e-01, 1.896741092205048e-01, 1.853090822696686e-01, 2.203767895698547e-01, 2.915945053100586e-01, 3.936066031455994e-01, 5.169579982757568e-01, 6.456485986709595e-01, 7.581813335418701e-01, 8.362718224525452e-01, 8.294622302055359e-01, 7.10089385509491e-01, 5.710738897323608e-01, 4.464291334152222e-01, 3.492639362812042e-01, 2.85670667886734e-01, 2.583126425743103e-01, 2.676329612731934e-01, 3.122354447841644e-01, 3.886578977108002e-01, 4.899468719959259e-01, 6.047748923301697e-01, 7.166801691055298e-01, 8.06347131729126e-01, 8.049399852752686e-01, 7.059875726699829e-01, 5.8890700340271e-01]
=======
vol.T=[2.931499938964844e+02, 2.932501525878906e+02, 2.935141296386719e+02, 2.9389306640625e+02, 2.943532104492188e+02, 2.94870849609375e+02, 2.954285888671875e+02, 2.960146179199219e+02, 2.966172485351562e+02, 2.971068115234375e+02, 2.975179138183594e+02, 2.979945373535156e+02, 2.985202331542969e+02, 2.99080322265625e+02, 2.995653991699219e+02, 2.999376525878906e+02, 3.003712768554688e+02, 3.008641357421875e+02, 3.013905944824219e+02, 3.018032836914062e+02, 3.021497497558594e+02, 3.025747985839844e+02, 3.030593872070312e+02, 3.035158081054688e+02, 3.038395080566406e+02, 3.042013244628906e+02, 3.046395263671875e+02, 3.050994567871094e+02, 3.054320068359375e+02, 3.057392883300781e+02, 3.061365051269531e+02, 3.065814208984375e+02, 3.069169006347656e+02, 3.071885681152344e+02, 3.07550537109375e+02, 3.079751892089844e+02, 3.083046875e+02, 3.085518798828125e+02, 3.088838500976562e+02, 3.092879943847656e+02, 3.096060791015625e+02, 3.098335571289062e+02, 3.101396179199219e+02, 3.105245666503906e+02, 3.108285827636719e+02, 3.110386352539062e+02, 3.113215942382812e+02, 3.116886901855469e+02, 3.119780883789062e+02, 3.1217236328125e+02, 3.124334716796875e+02, 3.127837524414062e+02, 3.130596313476562e+02, 3.132259521484375e+02, 3.133529052734375e+02, 3.134140625e+02, 3.134019165039062e+02, 3.133609619140625e+02, 3.133067321777344e+02, 3.132457275390625e+02, 3.131827392578125e+02, 3.13120361328125e+02, 3.130614013671875e+02, 3.130104370117188e+02, 3.129715881347656e+02, 3.129532775878906e+02, 3.129660034179688e+02, 3.130104064941406e+02, 3.1306884765625e+02, 3.131512451171875e+02, 3.132661437988281e+02, 3.133104553222656e+02, 3.133067321777344e+02, 3.132789916992188e+02, 3.132395324707031e+02, 3.131948852539062e+02, 3.131489562988281e+02, 3.131048278808594e+02, 3.1306591796875e+02, 3.130364074707031e+02, 3.130211791992188e+02, 3.1302392578125e+02, 3.130437316894531e+02, 3.131263122558594e+02, 3.132241516113281e+02, 3.132640380859375e+02, 3.132659301757812e+02, 3.132462768554688e+02, 3.132151489257812e+02, 3.131786804199219e+02, 3.131410217285156e+02, 3.131055297851562e+02, 3.130755310058594e+02, 3.130545043945312e+02, 3.130453796386719e+02, 3.130665588378906e+02, 3.131489868164062e+02, 3.1320654296875e+02, 3.132294006347656e+02, 3.132276916503906e+02, 3.132107543945312e+02]
boi.vol.T=[2.931499938964844e+02, 3.107509765625e+02, 3.234598083496094e+02, 3.327127075195312e+02, 3.395063781738281e+02, 3.445376892089844e+02, 3.4831982421875e+02, 3.512022094726562e+02, 3.504583740234375e+02, 3.355155334472656e+02, 3.394331359863281e+02, 3.453625183105469e+02, 3.49779052734375e+02, 3.531163330078125e+02, 3.382913208007812e+02, 3.381307067871094e+02, 3.450927429199219e+02, 3.502432861328125e+02, 3.48734619140625e+02, 3.355926818847656e+02, 3.402298583984375e+02, 3.472205810546875e+02, 3.523917236328125e+02, 3.413740539550781e+02, 3.357604370117188e+02, 3.444624328613281e+02, 3.508489685058594e+02, 3.452186279296874e+02, 3.340845947265624e+02, 3.421591491699219e+02, 3.496099548339844e+02, 3.475556945800781e+02, 3.361820068359375e+02, 3.403565063476562e+02, 3.487086181640625e+02, 3.48819091796875e+02, 3.374801940917969e+02, 3.389999084472656e+02, 3.481066589355469e+02, 3.493887939453125e+02, 3.382553405761719e+02, 3.379764709472656e+02, 3.477232666015625e+02, 3.495702514648438e+02, 3.387290344238281e+02, 3.371446228027344e+02, 3.474568176269531e+02, 3.495968322753906e+02, 3.3907080078125e+02, 3.363514099121094e+02, 3.471982116699219e+02, 3.49642333984375e+02, 3.394071044921875e+02, 3.350915222167969e+02, 3.498280029296876e+02, 3.503658142089844e+02, 3.486539611816406e+02, 3.478017883300781e+02, 3.473503723144531e+02, 3.471058654785156e+02, 3.469264831542969e+02, 3.467362670898438e+02, 3.464497375488281e+02, 3.459313049316406e+02, 3.450577697753906e+02, 3.435746459960938e+02, 3.411687927246094e+02, 3.378180236816406e+02, 3.340426635742188e+02, 3.451721801757812e+02, 3.507886047363281e+02, 3.474083557128906e+02, 3.454560241699219e+02, 3.442192687988281e+02, 3.433356323242188e+02, 3.426102294921875e+02, 3.419286804199219e+02, 3.4119677734375e+02, 3.403146667480469e+02, 3.391568908691406e+02, 3.375752868652344e+02, 3.354605407714844e+02, 3.350496520996094e+02, 3.511296081542969e+02, 3.489541320800781e+02, 3.45709228515625e+02, 3.435942077636719e+02, 3.421216735839844e+02, 3.409923706054688e+02, 3.400260314941406e+02, 3.390986938476562e+02, 3.381109619140625e+02, 3.369632263183594e+02, 3.355514221191406e+02, 3.337857666015625e+02, 3.452147216796875e+02, 3.508014526367188e+02, 3.470387573242188e+02, 3.443035278320312e+02, 3.4229931640625e+02, 3.407496337890625e+02]
val.y=[1e+00, 1e+00, 1e+00, 1e+00, 1e+00, 1e+00, 1e+00, 1e+00, 1e+00, 1e+00, 1e+00, 1e+00, 1e+00, 1e+00, 1e+00, 1e+00, 1e+00, 1e+00, 1e+00, 1e+00, 1e+00, 1e+00, 1e+00, 1e+00, 1e+00, 1e+00, 1e+00, 1e+00, 1e+00, 1e+00, 1e+00, 1e+00, 1e+00, 1e+00, 1e+00, 1e+00, 1e+00, 1e+00, 1e+00, 1e+00, 1e+00, 1e+00, 1e+00, 1e+00, 1e+00, 1e+00, 1e+00, 1e+00, 1e+00, 1e+00, 1e+00, 1e+00, 1e+00, 9.381679892539978e-01, 7.732114791870104e-01, 5.682021975517261e-01, 3.85895699262618e-01, 2.387107610702515e-01, 1.328741908073425e-01, 7.225224375724792e-02, 5.747311562299728e-02, 8.765814453363419e-02, 1.600178778171539e-01, 2.682397961616516e-01, 4.030622541904449e-01, 5.488449335098267e-01, 6.816002726554871e-01, 7.774326801300049e-01, 8.277599811553955e-01, 8.198266625404358e-01, 7.176855802536011e-01, 5.920161604881287e-01, 4.777217209339142e-01, 3.877718448638916e-01, 3.283213376998901e-01, 3.02105724811554e-01, 3.092902004718781e-01, 3.482089638710022e-01, 4.14613664150238e-01, 5.012251734733582e-01, 5.971108078956604e-01, 6.88623309135437e-01, 7.633711695671082e-01, 7.739213705062866e-01, 7.030990719795227e-01, 6.124854683876038e-01, 5.270203351974487e-01, 4.595313966274261e-01, 4.165389239788055e-01, 4.007477164268494e-01, 4.125795662403107e-01, 4.497314989566803e-01, 5.080274343490601e-01, 5.803654789924622e-01, 6.57728374004364e-01, 7.190213799476624e-01, 7.090801000595093e-01, 6.580209732055664e-01, 5.958606004714966e-01, 5.389807224273682e-01, 4.969173669815063e-01]
conPID.u_s=[3.131499938964844e+02, 3.131499938964844e+02]
conPID.u_m=[2.931499938964844e+02, 2.932501525878906e+02, 2.935141296386719e+02, 2.9389306640625e+02, 2.943532104492188e+02, 2.94870849609375e+02, 2.954285888671875e+02, 2.960146179199219e+02, 2.966172485351562e+02, 2.971068115234375e+02, 2.975179138183594e+02, 2.979945373535156e+02, 2.985202331542969e+02, 2.99080322265625e+02, 2.995653991699219e+02, 2.999376525878906e+02, 3.003712768554688e+02, 3.008641357421875e+02, 3.013905944824219e+02, 3.018032836914062e+02, 3.021497497558594e+02, 3.025747985839844e+02, 3.030593872070312e+02, 3.035158081054688e+02, 3.038395080566406e+02, 3.042013244628906e+02, 3.046395263671875e+02, 3.050994567871094e+02, 3.054320068359375e+02, 3.057392883300781e+02, 3.061365051269531e+02, 3.065814208984375e+02, 3.069169006347656e+02, 3.071885681152344e+02, 3.07550537109375e+02, 3.079751892089844e+02, 3.083046875e+02, 3.085518798828125e+02, 3.088838500976562e+02, 3.092879943847656e+02, 3.096060791015625e+02, 3.098335571289062e+02, 3.101396179199219e+02, 3.105245666503906e+02, 3.108285827636719e+02, 3.110386352539062e+02, 3.113215942382812e+02, 3.116886901855469e+02, 3.119780883789062e+02, 3.1217236328125e+02, 3.124334716796875e+02, 3.127837524414062e+02, 3.130596313476562e+02, 3.132259521484375e+02, 3.133529052734375e+02, 3.134140625e+02, 3.134019165039062e+02, 3.133609619140625e+02, 3.133067321777344e+02, 3.132457275390625e+02, 3.131827392578125e+02, 3.13120361328125e+02, 3.130614013671875e+02, 3.130104370117188e+02, 3.129715881347656e+02, 3.129532775878906e+02, 3.129660034179688e+02, 3.130104064941406e+02, 3.1306884765625e+02, 3.131512451171875e+02, 3.132661437988281e+02, 3.133104553222656e+02, 3.133067321777344e+02, 3.132789916992188e+02, 3.132395324707031e+02, 3.131948852539062e+02, 3.131489562988281e+02, 3.131048278808594e+02, 3.1306591796875e+02, 3.130364074707031e+02, 3.130211791992188e+02, 3.1302392578125e+02, 3.130437316894531e+02, 3.131263122558594e+02, 3.132241516113281e+02, 3.132640380859375e+02, 3.132659301757812e+02, 3.132462768554688e+02, 3.132151489257812e+02, 3.131786804199219e+02, 3.131410217285156e+02, 3.131055297851562e+02, 3.130755310058594e+02, 3.130545043945312e+02, 3.130453796386719e+02, 3.130665588378906e+02, 3.131489868164062e+02, 3.1320654296875e+02, 3.132294006347656e+02, 3.132276916503906e+02, 3.132107543945312e+02]
conPID.y=[1e+00, 1e+00, 1e+00, 1e+00, 1e+00, 1e+00, 1e+00, 1e+00, 1e+00, 1e+00, 1e+00, 1e+00, 1e+00, 1e+00, 1e+00, 1e+00, 1e+00, 1e+00, 1e+00, 1e+00, 1e+00, 1e+00, 1e+00, 1e+00, 1e+00, 1e+00, 1e+00, 1e+00, 1e+00, 1e+00, 1e+00, 1e+00, 1e+00, 1e+00, 1e+00, 1e+00, 1e+00, 1e+00, 1e+00, 1e+00, 1e+00, 1e+00, 1e+00, 1e+00, 1e+00, 1e+00, 1e+00, 1e+00, 1e+00, 1e+00, 1e+00, 1e+00, 1e+00, 9.381679892539978e-01, 7.732114791870104e-01, 5.682021975517261e-01, 3.85895699262618e-01, 2.387107610702515e-01, 1.328741908073425e-01, 7.225224375724792e-02, 5.747311562299728e-02, 8.765814453363419e-02, 1.600178778171539e-01, 2.682397961616516e-01, 4.030622541904449e-01, 5.488449335098267e-01, 6.816002726554871e-01, 7.774326801300049e-01, 8.277599811553955e-01, 8.198266625404358e-01, 7.176855802536011e-01, 5.920161604881287e-01, 4.777217209339142e-01, 3.877718448638916e-01, 3.283213376998901e-01, 3.02105724811554e-01, 3.092902004718781e-01, 3.482089638710022e-01, 4.14613664150238e-01, 5.012251734733582e-01, 5.971108078956604e-01, 6.88623309135437e-01, 7.633711695671082e-01, 7.739213705062866e-01, 7.030990719795227e-01, 6.124854683876038e-01, 5.270203351974487e-01, 4.595313966274261e-01, 4.165389239788055e-01, 4.007477164268494e-01, 4.125795662403107e-01, 4.497314989566803e-01, 5.080274343490601e-01, 5.803654789924622e-01, 6.57728374004364e-01, 7.190213799476624e-01, 7.090801000595093e-01, 6.580209732055664e-01, 5.958606004714966e-01, 5.389807224273682e-01, 4.969173669815063e-01]
>>>>>>> master
