<<<<<<< HEAD
last-generated=2022-08-05
=======
last-generated=2024-09-16
>>>>>>> master
statistics-initialization=
{
  "nonlinear": "0, 0, 28, 0, 0, 0, 0, 0, 0, 0, 0, 1, 0, 1, 1, 1",
  "numerical Jacobians": "0"
}
statistics-simulation=
{
  "linear": "24",
  "nonlinear": "0, 0, 8, 0, 1, 0, 1, 1, 1",
<<<<<<< HEAD
  "number of continuous time states": "74",
  "numerical Jacobians": "0"
}
time=[0e+00, 1e+03]
pmpNorth.m_flow=[2.378667348285082e-27, 3.935720920562744e+00, 5.780197620391846e+00, 5.809207916259766e+00, 5.690208911895752e+00, 5.605244636535645e+00, 5.558028221130371e+00, 5.54117488861084e+00, 5.548323154449463e+00, 5.572461128234863e+00, 5.607491493225098e+00, 5.646372318267822e+00, 5.681722164154053e+00, 5.721938610076904e+00, 5.762417316436768e+00, 5.800228595733643e+00, 5.834200382232666e+00, 5.864231109619141e+00, 5.890649318695068e+00, 5.913698673248291e+00, 5.933658599853516e+00, 5.950778484344482e+00, 5.965266704559326e+00, 5.977293968200684e+00, 5.986995220184326e+00, 5.994473457336426e+00, 5.999799728393555e+00, 6.390233039855957e+00, 6.807071685791016e+00, 6.981000423431396e+00, 7.000596523284912e+00, 6.958053112030029e+00, 6.904642105102539e+00, 6.857927799224854e+00, 6.819052696228027e+00, 6.785079956054688e+00, 6.752789974212646e+00, 6.71652364730835e+00, 6.678958892822266e+00, 6.641191482543945e+00, 6.599569797515869e+00, 6.55250358581543e+00, 6.499249458312988e+00, 6.439381122589111e+00, 6.372344493865967e+00, 6.297480583190918e+00, 6.214085578918457e+00, 6.121389865875244e+00, 6.018561840057373e+00, 5.904717922210693e+00, 5.778934001922607e+00, 4.472178936004639e+00, 1.755366086959839e+00, 5.39050817489624e-01, 1.113728508353233e-01, 2.27554515004158e-02, 1.460924651473761e-02, 1.360122580081224e-02, 1.283691171556711e-02, 1.191046182066202e-02, 1.086067594587803e-02, 9.730293415486813e-03, 8.549905382096767e-03, 7.350257597863674e-03, 6.164310034364462e-03, 5.027292296290398e-03, 3.973382525146008e-03, 3.033255226910114e-03, 2.227202290669084e-03, 1.565223908983171e-03, 1.046526595018804e-03, 6.607057875953615e-04, 3.901496238540858e-04, 2.129078784491867e-04, 1.058724665199406e-04, 4.746972990687937e-05, 1.955745574377943e-05, 8.117656761896797e-06, 3.971438673033845e-06, 3.089183792326367e-06, 3.119336270174244e-06, 2.893134478654247e-06, 2.264911017846316e-06, 1.547914393995597e-06, 9.42044437124423e-07, 5.32124659002875e-07, 2.755375589913456e-07, 1.355953145321109e-07, 6.449749889725354e-08, 2.785592201348663e-08, 1.207603705921656e-08, 5.773486577709264e-09, 2.963616241302702e-09, 1.438397068120878e-09, 7.018946535097825e-10, 3.943382842486187e-10, 3.08703923534992e-10, 3.318858521339507e-10, 3.757141819882293e-10, 3.648207291817585e-10, 3.5140465537431e-10]
pmpSouth.m_flow=[2.097830940096457e-27, 3.541495800018311e+00, 5.228565692901611e+00, 5.277605533599854e+00, 5.183743953704834e+00, 5.114999771118164e+00, 5.07689905166626e+00, 5.063858509063721e+00, 5.070792198181152e+00, 5.091940402984619e+00, 5.122237205505371e+00, 5.155238151550293e+00, 5.186124324798584e+00, 5.221260547637939e+00, 5.256397247314453e+00, 5.289219856262207e+00, 5.318802833557129e+00, 5.345065116882324e+00, 5.368268013000488e+00, 5.388593196868896e+00, 5.406259059906006e+00, 5.421462059020996e+00, 5.434366226196289e+00, 5.445106029510498e+00, 5.453787803649902e+00, 5.460491180419922e+00, 5.465271472930908e+00, 5.777589321136475e+00, 6.105605602264404e+00, 6.243709087371826e+00, 6.263345241546631e+00, 6.234076976776123e+00, 6.194783210754395e+00, 6.159253597259521e+00, 6.128768920898438e+00, 6.101338386535645e+00, 6.07465934753418e+00, 6.043651103973389e+00, 6.012744426727295e+00, 5.980926990509033e+00, 5.945638656616211e+00, 5.905815601348877e+00, 5.860947132110596e+00, 5.810722827911377e+00, 5.754720687866211e+00, 5.692437648773193e+00, 5.623332500457764e+00, 5.546806335449219e+00, 5.462200164794922e+00, 5.368793964385986e+00, 5.265808582305908e+00, 4.085357666015625e+00, 1.604535579681396e+00, 4.962548911571503e-01, 9.857325255870819e-02, 2.02147401869297e-02, 1.300783455371857e-02, 1.214428152889013e-02, 1.15048261359334e-02, 1.072544790804386e-02, 9.837360121309757e-03, 8.874949999153614e-03, 7.861271500587463e-03, 6.819440517574549e-03, 5.775253754109144e-03, 4.75816335529089e-03, 3.799065481871367e-03, 2.928343368694186e-03, 2.169059356674552e-03, 1.53585069347173e-03, 1.033160951919854e-03, 6.553078419528902e-04, 3.88249900424853e-04, 2.123387093888596e-04, 1.057312110788189e-04, 4.74412772746291e-05, 1.95526208699448e-05, 8.116790013446007e-06, 3.971161277149804e-06, 3.088887524427264e-06, 3.118667791568441e-06, 2.891621761591523e-06, 2.262230736960191e-06, 1.544182623547385e-06, 9.378476306665107e-07, 5.280980417410319e-07, 2.722426017953694e-07, 1.331887915512198e-07, 6.289017306926326e-08, 2.692812195448369e-08, 1.156176399064179e-08, 5.471314512561776e-09, 2.77955880534364e-09, 1.335580535055669e-09, 6.456536416621361e-10, 3.597029341051439e-10, 2.795338682748394e-10, 2.986622338330136e-10, 3.363630762809322e-10, 3.252412783538716e-10, 3.122276881484254e-10]
=======
  "number of continuous time states": "42",
  "numerical Jacobians": "0"
}
time=[0e+00, 1e+03]
pmpNorth.m_flow=[0e+00, 2.592438697814941e+00, 4.262869834899902e+00, 5.342912673950195e+00, 5.632701396942139e+00, 5.587465763092041e+00, 5.659871101379395e+00, 5.72075891494751e+00, 5.77045202255249e+00, 5.809041976928711e+00, 5.836325645446777e+00, 5.851732730865479e+00, 5.854201793670654e+00, 5.841951370239258e+00, 5.871561527252197e+00, 5.897579193115234e+00, 5.920300006866455e+00, 5.939990520477295e+00, 5.956877708435059e+00, 5.971152782440186e+00, 5.982974052429199e+00, 5.992480278015137e+00, 5.999776363372803e+00, 6.004933834075928e+00, 6.008009433746338e+00, 6.009043216705322e+00, 6.00804328918457e+00, 6.254583835601807e+00, 6.452489376068115e+00, 6.608295440673828e+00, 6.726650714874268e+00, 6.81089448928833e+00, 6.863191604614258e+00, 6.884666919708252e+00, 6.875685214996338e+00, 6.836348056793213e+00, 6.767463207244873e+00, 6.672103404998779e+00, 6.556658267974854e+00, 6.502885341644287e+00, 6.442150592803955e+00, 6.374245166778564e+00, 6.29848051071167e+00, 6.214101314544678e+00, 6.120288372039795e+00, 6.016166210174561e+00, 5.900820255279541e+00, 5.773301124572754e+00, 5.632645606994629e+00, 5.477948665618896e+00, 5.30836820602417e+00, 4.676821708679199e+00, 3.499768018722534e+00, 1.937031030654907e+00, 3.022505668923259e-03, 4.296013154089451e-03, 5.423073656857014e-03, 6.308408454060555e-03, 6.838225293904543e-03, 6.916842423379421e-03, 6.525653414428234e-03, 5.761927925050259e-03, 4.793514031916857e-03, 3.773480653762817e-03, 2.83158803358674e-03, 2.035496756434441e-03, 1.392754726111889e-03, 8.993423543870449e-04, 5.414297338575125e-04, 2.984567254316062e-04, 1.46452643093653e-04, 6.096157812862657e-05, 1.965243063750677e-05, 4.01759507440147e-06, 2.925040405443724e-07, 2.434835666420554e-09, 2.77695676231815e-07, 3.862858648062684e-06, 1.849958061939105e-05, 5.454918937175535e-05, 1.198497557197697e-04, 2.12853541597724e-04, 3.187728871125728e-04, 4.118726938031614e-04, 4.6142702922225e-04, 4.374529235064983e-04, 3.149914555251598e-04, 1.126878923969343e-04, 2.292040557350106e-09, 2.246438868258593e-10, 2.811685051451462e-10, 3.550305882615845e-10, 3.787639923924502e-10, 4.264758268757163e-10, 4.718149204663291e-10, 5.14264075768267e-10, 5.716796480648156e-10, 6.259039397882304e-10, 5.727734952998276e-10, 5.939301828128407e-10, 6.150869258370051e-10]
pmpSouth.m_flow=[-0e+00, 2.351373910903931e+00, 3.88750171661377e+00, 4.879833698272705e+00, 5.157902240753174e+00, 5.119084358215332e+00, 5.179433345794678e+00, 5.230185031890869e+00, 5.271529674530029e+00, 5.303447723388672e+00, 5.325657367706299e+00, 5.337550640106201e+00, 5.338080406188965e+00, 5.325553417205811e+00, 5.351479053497314e+00, 5.374359130859375e+00, 5.394422054290771e+00, 5.411872863769531e+00, 5.426888465881348e+00, 5.439618587493896e+00, 5.450186729431152e+00, 5.45870304107666e+00, 5.465250015258789e+00, 5.469883918762207e+00, 5.472649097442627e+00, 5.473579406738281e+00, 5.472679615020752e+00, 5.67002010345459e+00, 5.826502323150635e+00, 5.948439121246338e+00, 6.040303230285645e+00, 6.105293273925781e+00, 6.145501136779785e+00, 6.162049770355225e+00, 6.155320644378662e+00, 6.1253342628479e+00, 6.072505950927734e+00, 5.998912811279297e+00, 5.909233093261719e+00, 5.86393928527832e+00, 5.813002109527588e+00, 5.756283283233643e+00, 5.69325590133667e+00, 5.623339653015137e+00, 5.545895576477051e+00, 5.460229873657227e+00, 5.365597724914551e+00, 5.261198043823242e+00, 5.146179676055908e+00, 5.019683837890625e+00, 4.880833625793457e+00, 4.316765308380127e+00, 3.241775274276733e+00, 1.801160216331482e+00, 1.966893440112472e-03, 3.12857492826879e-03, 4.214509855955839e-03, 5.085049197077751e-03, 5.652873776853085e-03, 5.873109679669142e-03, 5.727865267544985e-03, 5.2348836325109e-03, 4.478642251342535e-03, 3.588870633393526e-03, 2.724419813603163e-03, 1.97866465896368e-03, 1.365582691505551e-03, 8.878277731128037e-04, 5.372070008888841e-04, 2.97163292998448e-04, 1.461396313970909e-04, 6.090719034546055e-05, 1.964676994248293e-05, 4.017358605779009e-06, 2.925015962773614e-07, 2.434835444375949e-09, 2.776945393634378e-07, 3.843011199933244e-06, 1.81096293090377e-05, 5.202932152315043e-05, 1.109645963879302e-04, 1.918880298035219e-04, 2.801771624945104e-04, 3.491804236546159e-04, 3.667172859422863e-04, 3.104934294242412e-04, 1.892241853056476e-04, 5.853310722159222e-05, 1.146267414320334e-09, 1.111675959619696e-10, 1.377247482725608e-10, 1.722587350538873e-10, 1.822122869254983e-10, 2.036478763400851e-10, 2.238867979897918e-10, 2.427645584557325e-10, 2.687319256011733e-10, 2.932311615744254e-10, 2.677601196321433e-10, 2.770524365480753e-10, 2.863447257084317e-10]
>>>>>>> master
