<<<<<<< HEAD
last-generated=2022-10-04
=======
last-generated=2025-07-01
>>>>>>> master
statistics-initialization=
{
  "linear": "0, 0, 0, 0, 0, 0, 0, 0",
  "nonlinear": "42, 42, 1, 0, 0, 0, 0, 1, 0, 0, 0, 0",
  "numerical Jacobians": "0"
}
statistics-simulation=
{
<<<<<<< HEAD
  "linear": "0, 0, 0, 0, 30, 0, 0, 0, 0, 0, 0, 0, 0, 0, 0, 0, 0, 0, 0, 0, 0, 30, 0, 0, 0, 0,   0, 0, 0, 0, 0, 0, 0, 0",
  "nonlinear": "1, 0, 0, 0, 0, 1, 0, 0, 0, 0",
=======
  "linear": "30, 0, 0, 0, 0, 0, 0, 0, 0, 0, 0, 0, 0, 0, 0, 0, 0, 30, 0, 0, 0, 0, 0, 0, 0, 0,   0, 0, 0, 0, 0, 0, 0, 0",
  "nonlinear": "2, 0, 0, 0, 0, 2, 0, 0, 0, 0",
>>>>>>> master
  "number of continuous time states": "122",
  "numerical Jacobians": "0"
}
time=[6.3936e+06, 7.1712e+06]
zonAHUG36Con.con.TZonHeaSet=[2.881499938964844e+02, 2.881499938964844e+02, 2.881499938964844e+02, 2.881499938964844e+02, 2.931499938964844e+02, 2.931499938964844e+02, 2.931499938964844e+02, 2.931499938964844e+02, 2.931499938964844e+02, 2.881499938964844e+02, 2.881499938964844e+02, 2.881499938964844e+02, 2.881499938964844e+02, 2.881499938964844e+02, 2.881499938964844e+02, 2.931499938964844e+02, 2.931499938964844e+02, 2.931499938964844e+02, 2.931499938964844e+02, 2.931499938964844e+02, 2.881499938964844e+02, 2.881499938964844e+02, 2.881499938964844e+02, 2.881499938964844e+02, 2.881499938964844e+02, 2.881499938964844e+02, 2.931499938964844e+02, 2.931499938964844e+02, 2.931499938964844e+02, 2.931499938964844e+02, 2.931499938964844e+02, 2.881499938964844e+02, 2.881499938964844e+02, 2.881499938964844e+02, 2.881499938964844e+02, 2.881499938964844e+02, 2.881499938964844e+02, 2.881499938964844e+02, 2.931499938964844e+02, 2.931499938964844e+02, 2.931499938964844e+02, 2.931499938964844e+02, 2.881499938964844e+02, 2.881499938964844e+02, 2.881499938964844e+02, 2.881499938964844e+02, 2.881499938964844e+02, 2.881499938964844e+02, 2.881499938964844e+02, 2.931499938964844e+02, 2.931499938964844e+02, 2.931499938964844e+02, 2.931499938964844e+02, 2.881499938964844e+02, 2.881499938964844e+02, 2.881499938964844e+02, 2.881499938964844e+02, 2.881499938964844e+02, 2.881499938964844e+02, 2.881499938964844e+02, 2.931499938964844e+02, 2.931499938964844e+02, 2.931499938964844e+02, 2.931499938964844e+02, 2.881499938964844e+02, 2.881499938964844e+02, 2.881499938964844e+02, 2.881499938964844e+02, 2.881499938964844e+02, 2.881499938964844e+02, 2.881499938964844e+02, 2.931499938964844e+02, 2.931499938964844e+02, 2.931499938964844e+02, 2.931499938964844e+02, 2.931499938964844e+02, 2.881499938964844e+02, 2.881499938964844e+02, 2.881499938964844e+02, 2.881499938964844e+02, 2.881499938964844e+02, 2.881499938964844e+02, 2.931499938964844e+02, 2.931499938964844e+02, 2.931499938964844e+02, 2.931499938964844e+02, 2.931499938964844e+02, 2.881499938964844e+02, 2.881499938964844e+02, 2.881499938964844e+02, 2.881499938964844e+02, 2.881499938964844e+02, 2.881499938964844e+02, 2.931499938964844e+02, 2.931499938964844e+02, 2.931499938964844e+02, 2.931499938964844e+02, 2.931499938964844e+02, 2.881499938964844e+02, 2.881499938964844e+02, 2.881499938964844e+02]
zonAHUG36Con.con.TZonCooSet=[3.031499938964844e+02, 3.031499938964844e+02, 3.031499938964844e+02, 3.031499938964844e+02, 2.971499938964844e+02, 2.971499938964844e+02, 2.971499938964844e+02, 2.971499938964844e+02, 2.971499938964844e+02, 3.031499938964844e+02, 3.031499938964844e+02, 3.031499938964844e+02, 3.031499938964844e+02, 3.031499938964844e+02, 3.031499938964844e+02, 2.971499938964844e+02, 2.971499938964844e+02, 2.971499938964844e+02, 2.971499938964844e+02, 2.971499938964844e+02, 3.031499938964844e+02, 3.031499938964844e+02, 3.031499938964844e+02, 3.031499938964844e+02, 3.031499938964844e+02, 3.031499938964844e+02, 2.971499938964844e+02, 2.971499938964844e+02, 2.971499938964844e+02, 2.971499938964844e+02, 2.971499938964844e+02, 3.031499938964844e+02, 3.031499938964844e+02, 3.031499938964844e+02, 3.031499938964844e+02, 3.031499938964844e+02, 3.031499938964844e+02, 3.031499938964844e+02, 2.971499938964844e+02, 2.971499938964844e+02, 2.971499938964844e+02, 2.971499938964844e+02, 3.031499938964844e+02, 3.031499938964844e+02, 3.031499938964844e+02, 3.031499938964844e+02, 3.031499938964844e+02, 3.031499938964844e+02, 3.031499938964844e+02, 2.971499938964844e+02, 2.971499938964844e+02, 2.971499938964844e+02, 2.971499938964844e+02, 3.031499938964844e+02, 3.031499938964844e+02, 3.031499938964844e+02, 3.031499938964844e+02, 3.031499938964844e+02, 3.031499938964844e+02, 3.031499938964844e+02, 2.971499938964844e+02, 2.971499938964844e+02, 2.971499938964844e+02, 2.971499938964844e+02, 3.031499938964844e+02, 3.031499938964844e+02, 3.031499938964844e+02, 3.031499938964844e+02, 3.031499938964844e+02, 3.031499938964844e+02, 3.031499938964844e+02, 2.971499938964844e+02, 2.971499938964844e+02, 2.971499938964844e+02, 2.971499938964844e+02, 2.971499938964844e+02, 3.031499938964844e+02, 3.031499938964844e+02, 3.031499938964844e+02, 3.031499938964844e+02, 3.031499938964844e+02, 3.031499938964844e+02, 2.971499938964844e+02, 2.971499938964844e+02, 2.971499938964844e+02, 2.971499938964844e+02, 2.971499938964844e+02, 3.031499938964844e+02, 3.031499938964844e+02, 3.031499938964844e+02, 3.031499938964844e+02, 3.031499938964844e+02, 3.031499938964844e+02, 2.971499938964844e+02, 2.971499938964844e+02, 2.971499938964844e+02, 2.971499938964844e+02, 2.971499938964844e+02, 3.031499938964844e+02, 3.031499938964844e+02, 3.031499938964844e+02]
<<<<<<< HEAD
zonAHUG36Opt.TZon=[2.931499938964844e+02, 2.926549377441406e+02, 2.924751281738281e+02, 2.923152465820312e+02, 2.932545471191406e+02, 2.937131958007812e+02, 2.939819030761719e+02, 2.94231689453125e+02, 2.942979736328125e+02, 2.935775146484375e+02, 2.934064025878906e+02, 2.932205505371094e+02, 2.930881958007812e+02, 2.929419860839844e+02, 2.927137756347656e+02, 2.931304931640625e+02, 2.937794494628906e+02, 2.93915283203125e+02, 2.943111877441406e+02, 2.944224853515625e+02, 2.936180114746094e+02, 2.9351220703125e+02, 2.933801574707031e+02, 2.932215881347656e+02, 2.930393676757812e+02, 2.928545532226562e+02, 2.929887084960938e+02, 2.941458129882812e+02, 2.944900512695312e+02, 2.950522155761719e+02, 2.952609558105469e+02, 2.94507080078125e+02, 2.942703857421875e+02, 2.941469116210938e+02, 2.939869079589844e+02, 2.937832946777344e+02, 2.937129516601562e+02, 2.937502136230469e+02, 2.948023376464844e+02, 2.952818298339844e+02, 2.958495788574219e+02, 2.962007141113281e+02, 2.958124084472656e+02, 2.953868103027344e+02, 2.951507873535156e+02, 2.950464172363281e+02, 2.948870239257812e+02, 2.947128295898438e+02, 2.946947631835938e+02, 2.956353149414062e+02, 2.959721984863281e+02, 2.964132995605469e+02, 2.965751953125e+02, 2.960703125e+02, 2.95656982421875e+02, 2.955277099609375e+02, 2.95343994140625e+02, 2.951836853027344e+02, 2.950468139648438e+02, 2.949662780761719e+02, 2.958734436035156e+02, 2.963674621582031e+02, 2.968451843261719e+02, 2.970482482910156e+02, 2.965436401367188e+02, 2.961937866210938e+02, 2.960038452148438e+02, 2.958630065917969e+02, 2.956785278320312e+02, 2.954769592285156e+02, 2.954179077148438e+02, 2.962325439453125e+02, 2.966450805664062e+02, 2.969647521972656e+02, 2.970094909667969e+02, 2.966417846679688e+02, 2.962957153320312e+02, 2.962062072753906e+02, 2.960963439941406e+02, 2.959747314453125e+02, 2.958319396972656e+02, 2.956731262207031e+02, 2.961790771484375e+02, 2.965243530273438e+02, 2.967203063964844e+02, 2.968323974609375e+02, 2.967101440429688e+02, 2.962205810546875e+02, 2.959377746582031e+02, 2.957865905761719e+02, 2.957197570800781e+02, 2.956244812011719e+02, 2.955662536621094e+02, 2.959255065917969e+02, 2.961539001464844e+02, 2.96369140625e+02, 2.963712158203125e+02, 2.961559448242188e+02, 2.955882263183594e+02, 2.954198608398438e+02, 2.952533874511719e+02]
zonAHUG36Con.TZon=[2.931499938964844e+02, 2.926549377441406e+02, 2.924751281738281e+02, 2.923152465820312e+02, 2.930820922851562e+02, 2.936836242675781e+02, 2.939547119140625e+02, 2.942052917480469e+02, 2.94272216796875e+02, 2.935503540039062e+02, 2.933793640136719e+02, 2.931936950683594e+02, 2.930615234375e+02, 2.929154968261719e+02, 2.926875915527344e+02, 2.931052856445312e+02, 2.937553405761719e+02, 2.938917541503906e+02, 2.942878723144531e+02, 2.944001770019531e+02, 2.935938720703125e+02, 2.934880981445312e+02, 2.933561706542969e+02, 2.931976928710938e+02, 2.930156555175781e+02, 2.928309936523438e+02, 2.929647521972656e+02, 2.941238403320312e+02, 2.944685363769531e+02, 2.950308837890625e+02, 2.952401428222656e+02, 2.944854431152344e+02, 2.942488708496094e+02, 2.941255187988281e+02, 2.939656982421875e+02, 2.937623291015625e+02, 2.93692138671875e+02, 2.937295837402344e+02, 2.9478271484375e+02, 2.952624816894531e+02, 2.958304443359375e+02, 2.96181884765625e+02, 2.957931518554688e+02, 2.953675842285156e+02, 2.951317138671875e+02, 2.950274047851562e+02, 2.948681640625e+02, 2.94694091796875e+02, 2.946762390136719e+02, 2.956182250976562e+02, 2.959555969238281e+02, 2.963967590332031e+02, 2.965592651367188e+02, 2.960531921386719e+02, 2.956398620605469e+02, 2.955106811523438e+02, 2.953270874023438e+02, 2.951669006347656e+02, 2.950301513671875e+02, 2.949497680664062e+02, 2.95858642578125e+02, 2.963523864746094e+02, 2.968301696777344e+02, 2.970335083007812e+02, 2.965285339355469e+02, 2.96178466796875e+02, 2.959886779785156e+02, 2.95847900390625e+02, 2.956635131835938e+02, 2.954620666503906e+02, 2.954031372070312e+02, 2.962190856933594e+02, 2.966316223144531e+02, 2.96951416015625e+02, 2.969965209960938e+02, 2.966289672851562e+02, 2.962821044921875e+02, 2.961926879882812e+02, 2.960828857421875e+02, 2.959613647460938e+02, 2.958186645507812e+02, 2.956599731445312e+02, 2.961672058105469e+02, 2.965121459960938e+02, 2.967082214355469e+02, 2.968204956054688e+02, 2.966985778808594e+02, 2.962083129882812e+02, 2.959256591796875e+02, 2.957745361328125e+02, 2.95707763671875e+02, 2.956125793457031e+02, 2.955543823242188e+02, 2.959147338867188e+02, 2.961431579589844e+02, 2.963585510253906e+02, 2.963609313964844e+02, 2.961458435058594e+02, 2.955773315429688e+02, 2.954090576171875e+02, 2.9524267578125e+02]
optStaHea.tOpt=[0e+00, 0e+00, 0e+00, 2.684195556640625e+03, 2.684195556640625e+03, 2.684195556640625e+03, 2.684195556640625e+03, 2.684195556640625e+03, 2.684195556640625e+03, 2.684195556640625e+03, 2.684195556640625e+03, 2.684195556640625e+03, 2.684195556640625e+03, 2.684195556640625e+03, 1.036260375976562e+03, 1.036260375976562e+03, 1.036260375976562e+03, 1.036260375976562e+03, 1.036260375976562e+03, 1.036260375976562e+03, 1.036260375976562e+03, 1.036260375976562e+03, 1.036260375976562e+03, 1.036260375976562e+03, 1.036260375976562e+03, 6.127052001953125e+02, 6.127052001953125e+02, 6.127052001953125e+02, 6.127052001953125e+02, 6.127052001953125e+02, 6.127052001953125e+02, 6.127052001953125e+02, 6.127052001953125e+02, 6.127052001953125e+02, 6.127052001953125e+02, 6.127052001953125e+02, 0e+00, 0e+00, 0e+00, 0e+00, 0e+00, 0e+00, 0e+00, 0e+00, 0e+00, 0e+00, 0e+00, 0e+00, 0e+00, 0e+00, 0e+00, 0e+00, 0e+00, 0e+00, 0e+00, 0e+00, 0e+00, 0e+00, 0e+00, 0e+00, 0e+00, 0e+00, 0e+00, 0e+00, 0e+00, 0e+00, 0e+00, 0e+00, 0e+00, 0e+00, 0e+00, 0e+00, 0e+00, 0e+00, 0e+00, 0e+00, 0e+00, 0e+00, 0e+00, 0e+00, 0e+00, 0e+00, 0e+00, 0e+00, 0e+00, 0e+00, 0e+00, 0e+00, 0e+00, 0e+00, 0e+00, 0e+00, 0e+00, 0e+00, 0e+00, 0e+00, 0e+00, 0e+00, 0e+00, 0e+00, 0e+00]
=======
zonAHUG36Opt.TZon=[2.931499938964844e+02, 2.926549377441406e+02, 2.924751281738281e+02, 2.923152465820312e+02, 2.932525329589844e+02, 2.937134399414062e+02, 2.939821472167969e+02, 2.942319030761719e+02, 2.942981872558594e+02, 2.935776977539062e+02, 2.934066162109375e+02, 2.932207336425781e+02, 2.930884094238281e+02, 2.92942138671875e+02, 2.927139587402344e+02, 2.931481018066406e+02, 2.937802124023438e+02, 2.939160461425781e+02, 2.943118896484375e+02, 2.944231262207031e+02, 2.936186828613281e+02, 2.935130920410156e+02, 2.933808898925781e+02, 2.932223205566406e+02, 2.930401000976562e+02, 2.928552856445312e+02, 2.930038146972656e+02, 2.941467895507812e+02, 2.944909973144531e+02, 2.950530700683594e+02, 2.952618103027344e+02, 2.945079956054688e+02, 2.942713317871094e+02, 2.941477966308594e+02, 2.9398779296875e+02, 2.937841796875e+02, 2.937138061523438e+02, 2.937510681152344e+02, 2.948031311035156e+02, 2.952826843261719e+02, 2.958504028320312e+02, 2.962015380859375e+02, 2.95813232421875e+02, 2.953876342773438e+02, 2.95151611328125e+02, 2.950472412109375e+02, 2.948878479003906e+02, 2.947136535644531e+02, 2.946956481933594e+02, 2.956360168457031e+02, 2.95972900390625e+02, 2.964140319824219e+02, 2.965758972167969e+02, 2.96071044921875e+02, 2.956576843261719e+02, 2.955284423828125e+02, 2.953446960449219e+02, 2.951844482421875e+02, 2.950475158691406e+02, 2.949669799804688e+02, 2.958740539550781e+02, 2.963680725097656e+02, 2.96845703125e+02, 2.970488891601562e+02, 2.965442810058594e+02, 2.961944580078125e+02, 2.960044860839844e+02, 2.958636474609375e+02, 2.956791381835938e+02, 2.954776306152344e+02, 2.954184875488281e+02, 2.962330017089844e+02, 2.966456909179688e+02, 2.969652709960938e+02, 2.970099792480469e+02, 2.966423034667969e+02, 2.962962951660156e+02, 2.962067260742188e+02, 2.960966796875e+02, 2.959752807617188e+02, 2.958324890136719e+02, 2.956736450195312e+02, 2.961792297363281e+02, 2.965248107910156e+02, 2.967207946777344e+02, 2.968328552246094e+02, 2.967106018066406e+02, 2.962212524414062e+02, 2.95938232421875e+02, 2.957870483398438e+02, 2.9572021484375e+02, 2.956249694824219e+02, 2.955667114257812e+02, 2.959261169433594e+02, 2.961543579101562e+02, 2.963695983886719e+02, 2.963716430664062e+02, 2.961566467285156e+02, 2.955886535644531e+02, 2.954202575683594e+02, 2.952538757324219e+02]
zonAHUG36Con.TZon=[2.931499938964844e+02, 2.926549377441406e+02, 2.924751281738281e+02, 2.923152465820312e+02, 2.930722961425781e+02, 2.936839904785156e+02, 2.93955078125e+02, 2.942056274414062e+02, 2.942725219726562e+02, 2.935506896972656e+02, 2.933796997070312e+02, 2.931940307617188e+02, 2.930618591308594e+02, 2.92915771484375e+02, 2.926878967285156e+02, 2.931318664550781e+02, 2.937563781738281e+02, 2.938927917480469e+02, 2.94288818359375e+02, 2.944010620117188e+02, 2.935948181152344e+02, 2.934892578125e+02, 2.93357177734375e+02, 2.931986999511719e+02, 2.930166320800781e+02, 2.928319702148438e+02, 2.929825439453125e+02, 2.941251525878906e+02, 2.944698181152344e+02, 2.950320434570312e+02, 2.952413330078125e+02, 2.944866943359375e+02, 2.942501220703125e+02, 2.941267395019531e+02, 2.939669189453125e+02, 2.937635192871094e+02, 2.936933288574219e+02, 2.937307739257812e+02, 2.947838134765625e+02, 2.952636108398438e+02, 2.9583154296875e+02, 2.961830139160156e+02, 2.957942810058594e+02, 2.953687133789062e+02, 2.951328430175781e+02, 2.950285034179688e+02, 2.948692321777344e+02, 2.946951599121094e+02, 2.946773681640625e+02, 2.956192016601562e+02, 2.959565734863281e+02, 2.96397705078125e+02, 2.965601806640625e+02, 2.960541687011719e+02, 2.956408386230469e+02, 2.955116882324219e+02, 2.953280334472656e+02, 2.951679077148438e+02, 2.950310974121094e+02, 2.949507141113281e+02, 2.958594665527344e+02, 2.963532409667969e+02, 2.968309326171875e+02, 2.970343627929688e+02, 2.965294189453125e+02, 2.961793823242188e+02, 2.959895629882812e+02, 2.958487854003906e+02, 2.956643981933594e+02, 2.954629516601562e+02, 2.954039306640625e+02, 2.962197570800781e+02, 2.966324157714844e+02, 2.969521179199219e+02, 2.969971923828125e+02, 2.966296997070312e+02, 2.962828674316406e+02, 2.961934204101562e+02, 2.960834045410156e+02, 2.959620971679688e+02, 2.958193969726562e+02, 2.956606750488281e+02, 2.961675109863281e+02, 2.965128173828125e+02, 2.967088928222656e+02, 2.968211364746094e+02, 2.966991882324219e+02, 2.962091369628906e+02, 2.959263000488281e+02, 2.957751770019531e+02, 2.957084350585938e+02, 2.956132202148438e+02, 2.955550231933594e+02, 2.9591552734375e+02, 2.96143798828125e+02, 2.963591613769531e+02, 2.963615112304688e+02, 2.961466979980469e+02, 2.955779418945312e+02, 2.954096069335938e+02, 2.952432861328125e+02]
optStaHea.tOpt=[0e+00, 0e+00, 0e+00, 2.684204833984375e+03, 2.684204833984375e+03, 2.684204833984375e+03, 2.684204833984375e+03, 2.684204833984375e+03, 2.684204833984375e+03, 2.684204833984375e+03, 2.684204833984375e+03, 2.684204833984375e+03, 2.684204833984375e+03, 2.684204833984375e+03, 1.03549755859375e+03, 1.03549755859375e+03, 1.03549755859375e+03, 1.03549755859375e+03, 1.03549755859375e+03, 1.03549755859375e+03, 1.03549755859375e+03, 1.03549755859375e+03, 1.03549755859375e+03, 1.03549755859375e+03, 1.03549755859375e+03, 6.104133911132812e+02, 6.104133911132812e+02, 6.104133911132812e+02, 6.104133911132812e+02, 6.104133911132812e+02, 6.104133911132812e+02, 6.104133911132812e+02, 6.104133911132812e+02, 6.104133911132812e+02, 6.104133911132812e+02, 6.104133911132812e+02, 0e+00, 0e+00, 0e+00, 0e+00, 0e+00, 0e+00, 0e+00, 0e+00, 0e+00, 0e+00, 0e+00, 0e+00, 0e+00, 0e+00, 0e+00, 0e+00, 0e+00, 0e+00, 0e+00, 0e+00, 0e+00, 0e+00, 0e+00, 0e+00, 0e+00, 0e+00, 0e+00, 0e+00, 0e+00, 0e+00, 0e+00, 0e+00, 0e+00, 0e+00, 0e+00, 0e+00, 0e+00, 0e+00, 0e+00, 0e+00, 0e+00, 0e+00, 0e+00, 0e+00, 0e+00, 0e+00, 0e+00, 0e+00, 0e+00, 0e+00, 0e+00, 0e+00, 0e+00, 0e+00, 0e+00, 0e+00, 0e+00, 0e+00, 0e+00, 0e+00, 0e+00, 0e+00, 0e+00, 0e+00, 0e+00]
>>>>>>> master
optStaCoo.tOpt=[0e+00, 0e+00, 0e+00, 0e+00, 0e+00, 0e+00, 0e+00, 0e+00, 0e+00, 0e+00, 0e+00, 0e+00, 0e+00, 0e+00, 0e+00, 0e+00, 0e+00, 0e+00, 0e+00, 0e+00, 0e+00, 0e+00, 0e+00, 0e+00, 0e+00, 0e+00, 0e+00, 0e+00, 0e+00, 0e+00, 0e+00, 0e+00, 0e+00, 0e+00, 0e+00, 0e+00, 0e+00, 0e+00, 0e+00, 0e+00, 0e+00, 0e+00, 0e+00, 0e+00, 0e+00, 0e+00, 0e+00, 0e+00, 0e+00, 0e+00, 0e+00, 0e+00, 0e+00, 0e+00, 0e+00, 0e+00, 0e+00, 0e+00, 0e+00, 0e+00, 0e+00, 0e+00, 0e+00, 0e+00, 0e+00, 0e+00, 0e+00, 0e+00, 0e+00, 0e+00, 0e+00, 0e+00, 0e+00, 0e+00, 0e+00, 0e+00, 0e+00, 0e+00, 0e+00, 0e+00, 0e+00, 0e+00, 0e+00, 0e+00, 0e+00, 0e+00, 0e+00, 0e+00, 0e+00, 0e+00, 0e+00, 0e+00, 0e+00, 0e+00, 0e+00, 0e+00, 0e+00, 0e+00, 0e+00, 0e+00, 0e+00]
