<<<<<<< HEAD
last-generated=2022-10-04
=======
last-generated=2025-07-08
>>>>>>> master
statistics-initialization=
{
  "linear": "19",
  "nonlinear": "14, 1",
  "numerical Jacobians": "0"
}
statistics-simulation=
{
<<<<<<< HEAD
  "linear": "11, 0, 0, 0, 0, 0, 0, 0, 0, 0, 0, 0, 0",
  "nonlinear": "1",
  "number of continuous time states": "69",
=======
  "linear": "0, 0, 11, 0, 0, 0, 0, 0, 0, 0, 0, 0, 0",
  "nonlinear": "2",
  "number of continuous time states": "77",
>>>>>>> master
  "numerical Jacobians": "0"
}
time=[0e+00, 8.64e+05]
con.TZonCooSet=[3.031499938964844e+02, 3.031499938964844e+02, 3.031499938964844e+02, 3.031499938964844e+02, 2.981499938964844e+02, 2.981499938964844e+02, 2.981499938964844e+02, 2.981499938964844e+02, 3.031499938964844e+02, 3.031499938964844e+02, 3.031499938964844e+02, 3.031499938964844e+02, 3.031499938964844e+02, 3.031499938964844e+02, 2.981499938964844e+02, 2.981499938964844e+02, 2.981499938964844e+02, 2.981499938964844e+02, 3.031499938964844e+02, 3.031499938964844e+02, 3.031499938964844e+02, 3.031499938964844e+02, 3.031499938964844e+02, 3.031499938964844e+02, 2.981499938964844e+02, 2.981499938964844e+02, 2.981499938964844e+02, 2.981499938964844e+02, 3.031499938964844e+02, 3.031499938964844e+02, 3.031499938964844e+02, 3.031499938964844e+02, 3.031499938964844e+02, 3.031499938964844e+02, 2.981499938964844e+02, 2.981499938964844e+02, 2.981499938964844e+02, 2.981499938964844e+02, 3.031499938964844e+02, 3.031499938964844e+02, 3.031499938964844e+02, 3.031499938964844e+02, 3.031499938964844e+02, 3.031499938964844e+02, 2.981499938964844e+02, 2.981499938964844e+02, 2.981499938964844e+02, 2.981499938964844e+02, 3.031499938964844e+02, 3.031499938964844e+02, 3.031499938964844e+02, 3.031499938964844e+02, 3.031499938964844e+02, 3.031499938964844e+02, 2.981499938964844e+02, 2.981499938964844e+02, 2.981499938964844e+02, 2.981499938964844e+02, 3.031499938964844e+02, 3.031499938964844e+02, 3.031499938964844e+02, 3.031499938964844e+02, 3.031499938964844e+02, 3.031499938964844e+02, 2.981499938964844e+02, 2.981499938964844e+02, 2.981499938964844e+02, 2.981499938964844e+02, 3.031499938964844e+02, 3.031499938964844e+02, 3.031499938964844e+02, 3.031499938964844e+02, 3.031499938964844e+02, 3.031499938964844e+02, 2.981499938964844e+02, 2.981499938964844e+02, 2.981499938964844e+02, 2.981499938964844e+02, 3.031499938964844e+02, 3.031499938964844e+02, 3.031499938964844e+02, 3.031499938964844e+02, 3.031499938964844e+02, 3.031499938964844e+02, 2.981499938964844e+02, 2.981499938964844e+02, 2.981499938964844e+02, 2.981499938964844e+02, 3.031499938964844e+02, 3.031499938964844e+02, 3.031499938964844e+02, 3.031499938964844e+02, 3.031499938964844e+02, 3.031499938964844e+02, 2.981499938964844e+02, 2.981499938964844e+02, 2.981499938964844e+02, 2.981499938964844e+02, 3.031499938964844e+02, 3.031499938964844e+02, 3.031499938964844e+02]
con.TZonHeaSet=[2.881499938964844e+02, 2.881499938964844e+02, 2.881499938964844e+02, 2.881499938964844e+02, 2.931499938964844e+02, 2.931499938964844e+02, 2.931499938964844e+02, 2.931499938964844e+02, 2.881499938964844e+02, 2.881499938964844e+02, 2.881499938964844e+02, 2.881499938964844e+02, 2.881499938964844e+02, 2.881499938964844e+02, 2.931499938964844e+02, 2.931499938964844e+02, 2.931499938964844e+02, 2.931499938964844e+02, 2.881499938964844e+02, 2.881499938964844e+02, 2.881499938964844e+02, 2.881499938964844e+02, 2.881499938964844e+02, 2.881499938964844e+02, 2.931499938964844e+02, 2.931499938964844e+02, 2.931499938964844e+02, 2.931499938964844e+02, 2.881499938964844e+02, 2.881499938964844e+02, 2.881499938964844e+02, 2.881499938964844e+02, 2.881499938964844e+02, 2.881499938964844e+02, 2.931499938964844e+02, 2.931499938964844e+02, 2.931499938964844e+02, 2.931499938964844e+02, 2.881499938964844e+02, 2.881499938964844e+02, 2.881499938964844e+02, 2.881499938964844e+02, 2.881499938964844e+02, 2.881499938964844e+02, 2.931499938964844e+02, 2.931499938964844e+02, 2.931499938964844e+02, 2.931499938964844e+02, 2.881499938964844e+02, 2.881499938964844e+02, 2.881499938964844e+02, 2.881499938964844e+02, 2.881499938964844e+02, 2.881499938964844e+02, 2.931499938964844e+02, 2.931499938964844e+02, 2.931499938964844e+02, 2.931499938964844e+02, 2.881499938964844e+02, 2.881499938964844e+02, 2.881499938964844e+02, 2.881499938964844e+02, 2.881499938964844e+02, 2.881499938964844e+02, 2.931499938964844e+02, 2.931499938964844e+02, 2.931499938964844e+02, 2.931499938964844e+02, 2.881499938964844e+02, 2.881499938964844e+02, 2.881499938964844e+02, 2.881499938964844e+02, 2.881499938964844e+02, 2.881499938964844e+02, 2.931499938964844e+02, 2.931499938964844e+02, 2.931499938964844e+02, 2.931499938964844e+02, 2.881499938964844e+02, 2.881499938964844e+02, 2.881499938964844e+02, 2.881499938964844e+02, 2.881499938964844e+02, 2.881499938964844e+02, 2.931499938964844e+02, 2.931499938964844e+02, 2.931499938964844e+02, 2.931499938964844e+02, 2.881499938964844e+02, 2.881499938964844e+02, 2.881499938964844e+02, 2.881499938964844e+02, 2.881499938964844e+02, 2.881499938964844e+02, 2.931499938964844e+02, 2.931499938964844e+02, 2.931499938964844e+02, 2.931499938964844e+02, 2.881499938964844e+02, 2.881499938964844e+02, 2.881499938964844e+02]
<<<<<<< HEAD
con.TZon=[2.931499938964844e+02, 2.880604738143322e+02, 2.88145263671875e+02, 2.881585205078125e+02, 2.932135006485138e+02, 2.981767578125e+02, 2.981405944824219e+02, 2.980884496795557e+02, 2.921817749023438e+02, 2.880828532578627e+02, 2.881340942382812e+02, 2.881414978027344e+02, 2.881449523925781e+02, 2.881476440429688e+02, 2.931752380371094e+02, 2.9314892578125e+02, 2.931474487304687e+02, 2.931412170410156e+02, 2.881205322265625e+02, 2.881436584472656e+02, 2.881502685546875e+02, 2.881509094238281e+02, 2.881469543457031e+02, 2.881532775878906e+02, 2.932814208984375e+02, 2.946028442382812e+02, 2.981038285052157e+02, 2.931439430943078e+02, 2.880968994140625e+02, 2.881424499511719e+02, 2.881446533203125e+02, 2.881481872558594e+02, 2.88149462890625e+02, 2.881637023925781e+02, 2.932544799804688e+02, 2.981811828613281e+02, 2.981410339355469e+02, 2.958769602435049e+02, 2.880873840332031e+02, 2.881399597167969e+02, 2.88147705078125e+02, 2.881531799316406e+02, 2.881440551757813e+02, 2.881679809570313e+02, 2.955799892393201e+02, 2.981603698730469e+02, 2.981418640136719e+02, 2.979136618069651e+02, 2.90440500122321e+02, 2.881277893066406e+02, 2.881473388671875e+02, 2.881531616210938e+02, 2.881437072753906e+02, 2.881648315429687e+02, 2.96782748910801e+02, 2.981618041992188e+02, 2.981372192382813e+02, 2.980881029782508e+02, 2.919820983886719e+02, 2.881901954192633e+02, 2.881524353027344e+02, 2.88144873046875e+02, 2.881490905761719e+02, 2.881654296875e+02, 2.970436649487644e+02, 2.981596374511719e+02, 2.981389343261719e+02, 2.98084107504034e+02, 2.912825378417969e+02, 2.881288625150798e+02, 2.881436157226562e+02, 2.881490295410156e+02, 2.881537841796875e+02, 2.881626647949219e+02, 2.957994999413042e+02, 2.981617736816406e+02, 2.981393859863281e+02, 2.980863754038477e+02, 2.915505554199219e+02, 2.881285268294187e+02, 2.881437072753906e+02, 2.881490478515625e+02, 2.881505187988281e+02, 2.881705383300781e+02, 2.971788739670311e+02, 2.981604614257812e+02, 2.981391784667969e+02, 2.980281143826247e+02, 2.921770690917969e+02, 2.880253252416862e+02, 2.881444702148438e+02, 2.881523559570313e+02, 2.881462707519531e+02, 2.881632565038513e+02, 2.972855590382261e+02, 2.981620483398438e+02, 2.981399536132812e+02, 2.980533868628539e+02, 2.927091507007613e+02, 2.882008092874284e+02, 2.881438903808594e+02]
con.ySupFan=[0e+00, 1.000000014901161e-01, 1.000000014901161e-01, 1.000000014901161e-01, 1.000000014901161e-01, 9.999999403953552e-01, 1e+00, 4.044516860026739e-01, -8.361982506015104e-19, 1.000000018002384e-01, 1.000000014901161e-01, 1.000000014901161e-01, 1.000000014901161e-01, 1.000000014901161e-01, 1.000000014901161e-01, 1.000000014901161e-01, 1.000000014901161e-01, 1.000000014901161e-01, 1.000000014901161e-01, 1.000000014901161e-01, 1.000000014901161e-01, 1.000000014901161e-01, 1.000000014901161e-01, 1.000000014901161e-01, 1.017450168728828e-01, 1.000000014901161e-01, 1.000000014901161e-01, 1.000000014901161e-01, 1.000000014901161e-01, 1.000000014901161e-01, 1.000000014901161e-01, 1.000000014901161e-01, 1.000000014901161e-01, 1.000000014901161e-01, 1.000000014901161e-01, 3.331553637981415e-01, 1e+00, 1.000000014901161e-01, 1.000000014901161e-01, 1.000000014901161e-01, 1.000000014901161e-01, 1.000000014901161e-01, 1.000000014901161e-01, 1.000000014901161e-01, 1.000000014901161e-01, 1e+00, 1e+00, 3.366792430015129e-01, 3.160322244792203e-14, 1.000000014901161e-01, 1.000000014901161e-01, 1.000000014901161e-01, 1.000000014901161e-01, 1.000000014901161e-01, 1.000000014901161e-01, 1e+00, 1e+00, 4.17129763466207e-01, 5.983997285859202e-17, 1.000000051294517e-01, 1.000000014901161e-01, 1.000000014901161e-01, 1.000000014901161e-01, 1.000000014901161e-01, 1.000000014901161e-01, 1e+00, 1e+00, 3.968867697593007e-01, 1.498174641415454e-11, 1.000000014901161e-01, 1.000000014901161e-01, 1.000000014901161e-01, 1.000000014901161e-01, 1.000000014901161e-01, 1.000000014901161e-01, 1e+00, 1e+00, 4.166794829343671e-01, -5.545258412637054e-20, 1.000000014901161e-01, 1.000000014901161e-01, 1.000000014901161e-01, 1.000000014901161e-01, 1.000000014901161e-01, 1.000000014901161e-01, 1e+00, 1e+00, 4.838752435994043e-01, -2.733291238914337e-17, 1.000000014901161e-01, 1.000000014901161e-01, 1.000000014901161e-01, 1.000000014901161e-01, 1.000000014901161e-01, 1.000000014901161e-01, 1e+00, 1e+00, 6.964384135833495e-01, 3.375044217804131e-16, 9.999927518666861e-02, 1.000000014901161e-01]
con.yHeaCoi=[0e+00, 1.165003511676874e-01, 1.90263506770134e-01, 1.723022133111954e-01, 1.436224356152233e-01, 0e+00, 0e+00, 0e+00, 0e+00, 8.156435620389389e-02, 2.269400954246521e-01, 2.954143702983856e-01, 3.378105163574219e-01, 3.678442001342773e-01, 5.681653976440427e-01, 5.190284848213196e-01, 5.383984684944153e-01, 5.982169270515442e-01, 3.67424887418747e-01, 4.457212448120117e-01, 4.652288258075714e-01, 4.642601430416107e-01, 4.747286379337311e-01, 4.85692971944809e-01, 6.909201860427856e-01, 1.899597346782684e-01, 1.293963513215818e-01, 2.011641959764655e-01, 3.512064337730414e-01, 4.637104868888853e-01, 4.989006519317627e-01, 5.329628944396972e-01, 5.3589369058609e-01, 5.071131229400635e-01, 2.782584071159363e-01, 0e+00, 0e+00, 1.445295765887961e-01, 3.000159084796906e-01, 4.448640882968903e-01, 4.623918235301971e-01, 4.540442883968353e-01, 3.47367936372757e-01, 3.239121347665787e-01, 9.260501362247081e-02, 0e+00, 0e+00, 0e+00, 0e+00, 1.784727782011032e-01, 2.279659807682037e-01, 2.415161788463593e-01, 2.343346834182739e-01, 2.19084070622921e-01, 4.2749424387728e-02, 0e+00, 0e+00, 0e+00, 0e+00, 8.047327337041592e-02, 1.507743000984192e-01, 2.100910127162933e-01, 2.36473360657692e-01, 2.08714485168457e-01, 3.914178587149424e-02, 0e+00, 0e+00, 0e+00, 0e+00, 1.709980175971e-01, 2.451874613761902e-01, 2.614330172538757e-01, 2.48207038640976e-01, 2.271584331989288e-01, 8.970799827409538e-02, 0e+00, 0e+00, 0e+00, 0e+00, 1.67547673078503e-01, 2.530118525028229e-01, 2.724778592586518e-01, 2.693195700645447e-01, 2.232797279953957e-01, 3.314145032572683e-02, 0e+00, 0e+00, 0e+00, 0e+00, 1.025880107415743e-01, 1.91357210278511e-01, 1.696813851594925e-01, 1.68505185842514e-01, 1.617854802388276e-01, 2.380937257005605e-02, 0e+00, 0e+00, 0e+00, 0e+00, 8.048178482190987e-02, 1.88514769077301e-01]
con.yCooCoi=[0e+00, 0e+00, 0e+00, 0e+00, 0e+00, 1.51162713766098e-01, 2.076628267765045e-01, 1.784380086330289e-02, 0e+00, 0e+00, 0e+00, 0e+00, 0e+00, 0e+00, 0e+00, 0e+00, 0e+00, 0e+00, 0e+00, 0e+00, 0e+00, 0e+00, 0e+00, 0e+00, 0e+00, 0e+00, 0e+00, 0e+00, 0e+00, 0e+00, 0e+00, 0e+00, 0e+00, 0e+00, 0e+00, 0e+00, 9.452313780784607e-02, 0e+00, 0e+00, 0e+00, 0e+00, 0e+00, 0e+00, 0e+00, 0e+00, 1.63621723651886e-01, 1.807240098714828e-01, 1.376255113192555e-02, 0e+00, 0e+00, 0e+00, 0e+00, 0e+00, 0e+00, 0e+00, 2.456276714801797e-01, 2.38464134931563e-01, 1.861975484453558e-02, 0e+00, 0e+00, 0e+00, 0e+00, 0e+00, 0e+00, 0e+00, 2.477594166994095e-01, 2.098625332117081e-01, 1.696940188883111e-02, 0e+00, 0e+00, 0e+00, 0e+00, 0e+00, 0e+00, 0e+00, 2.235483378171921e-01, 2.065777093172073e-01, 1.751399282174627e-02, 0e+00, 0e+00, 0e+00, 0e+00, 0e+00, 0e+00, 0e+00, 2.439728975296021e-01, 2.285610198974609e-01, 2.047095455090095e-02, 0e+00, 0e+00, 0e+00, 0e+00, 0e+00, 0e+00, 0e+00, 2.497899979352951e-01, 2.34452760219574e-01, 2.476838050298545e-02, 0e+00, 0e+00, 0e+00]
=======
con.TZon=[2.931499938964844e+02, 2.881307466049132e+02, 2.881453918457031e+02, 2.881586669921875e+02, 2.932144445312622e+02, 2.981741333007812e+02, 2.981406982421875e+02, 2.980884843371257e+02, 2.921801940917969e+02, 2.881504796691674e+02, 2.881338806152344e+02, 2.881412292480469e+02, 2.881448059082031e+02, 2.88147705078125e+02, 2.931741455078125e+02, 2.931488037109375e+02, 2.931476806640625e+02, 2.931412536621094e+02, 2.881209838867188e+02, 2.881438110351563e+02, 2.881502075195312e+02, 2.881508850097656e+02, 2.881469116210938e+02, 2.881535278320313e+02, 2.932242919921875e+02, 2.9490673828125e+02, 2.981109319259719e+02, 2.930007308051818e+02, 2.880988159179688e+02, 2.881425598144531e+02, 2.881441955566406e+02, 2.881481567382813e+02, 2.881493713378906e+02, 2.881644714355469e+02, 2.932557067871094e+02, 2.981781616210938e+02, 2.981405391523541e+02, 2.956940127940068e+02, 2.880912170410156e+02, 2.881399230957031e+02, 2.881472778320312e+02, 2.881531433105469e+02, 2.881438598632812e+02, 2.881689758300781e+02, 2.958417024206549e+02, 2.981609497070312e+02, 2.981419128417969e+02, 2.978617182605661e+02, 2.904070431576425e+02, 2.88131231133368e+02, 2.881471862792969e+02, 2.88152978515625e+02, 2.881436401367188e+02, 2.881655029296875e+02, 2.970976872776748e+02, 2.981617431640625e+02, 2.981373107910156e+02, 2.980869257211838e+02, 2.919856140136719e+02, 2.8824463789001e+02, 2.88152587890625e+02, 2.881446960449219e+02, 2.88149072265625e+02, 2.881661734642132e+02, 2.973895761081893e+02, 2.981595153808594e+02, 2.98139013671875e+02, 2.980834635501013e+02, 2.912672607421875e+02, 2.88126826572538e+02, 2.881434326171875e+02, 2.881489868164062e+02, 2.881539184570312e+02, 2.881635681152344e+02, 2.961225699927475e+02, 2.981614074707031e+02, 2.981394470214844e+02, 2.980844450518557e+02, 2.915402709960937e+02, 2.881258685375765e+02, 2.881437377929688e+02, 2.881488037109375e+02, 2.881503784179687e+02, 2.881716735839844e+02, 2.97515438798308e+02, 2.981603698730469e+02, 2.981392150878906e+02, 2.980574323380501e+02, 2.92175146484375e+02, 2.881230203379756e+02, 2.881443786621094e+02, 2.881521179199219e+02, 2.881461059570312e+02, 2.881639464144251e+02, 2.976155630312132e+02, 2.981616821289062e+02, 2.98140087890625e+02, 2.980460394189855e+02, 2.9270476605819e+02, 2.882452800908043e+02, 2.881438598632812e+02]
con.ySupFan=[0e+00, 1.000000014901161e-01, 1.000000014901161e-01, 1.000000014901161e-01, 1.000000014901161e-01, 1e+00, 1e+00, 3.82330899762933e-01, 2.931487926099312e-18, 1.000000014901161e-01, 1.000000014901161e-01, 1.000000014901161e-01, 1.000000014901161e-01, 1.000000014901161e-01, 1.000000014901161e-01, 1.000000014901161e-01, 1.000000014901161e-01, 1.000000014901161e-01, 1.000000014901161e-01, 1.000000014901161e-01, 1.000000014901161e-01, 1.000000014901161e-01, 1.000000014901161e-01, 1.000000014901161e-01, 1.002549067139626e-01, 1.000000014901161e-01, 1.000000014901161e-01, 1.000000014901161e-01, 1.000000014901161e-01, 1.000000014901161e-01, 1.000000014901161e-01, 1.000000014901161e-01, 1.000000014901161e-01, 1.000000014901161e-01, 1.000000014901161e-01, 3.240929841995239e-01, 1e+00, 1.000000014901161e-01, 1.000000014901161e-01, 1.000000014901161e-01, 1.000000014901161e-01, 1.000000014901161e-01, 1.000000014901161e-01, 1.000000014901161e-01, 1.000000014901161e-01, 1e+00, 1e+00, 3.248617434603105e-01, 8.951978334936871e-13, 1.000000014901161e-01, 1.000000014901161e-01, 1.000000014901161e-01, 1.000000014901161e-01, 1.000000014901161e-01, 1.000000014901161e-01, 1e+00, 1e+00, 3.986073083949503e-01, 9.870231094124486e-16, 1.000000014901161e-01, 1.000000014901161e-01, 1.000000014901161e-01, 1.000000014901161e-01, 1.000000014901161e-01, 1.000000014901161e-01, 1e+00, 1e+00, 3.755113884708999e-01, -1.144187961483e-14, 1.000000014901161e-01, 1.000000014901161e-01, 1.000000014901161e-01, 1.000000014901161e-01, 1.000000014901161e-01, 1.000000014901161e-01, 1e+00, 1e+00, 3.929794797438956e-01, 3.992475075168504e-18, 1.000000014901161e-01, 1.000000014901161e-01, 1.000000014901161e-01, 1.000000014901161e-01, 1.000000014901161e-01, 1.000000014901161e-01, 1e+00, 1e+00, 4.54984242442423e-01, 6.321946739615747e-18, 1.000000014901161e-01, 1.000000014901161e-01, 1.000000014901161e-01, 1.000000014901161e-01, 1.000000014901161e-01, 1.000000014901161e-01, 1e+00, 1e+00, 6.692369314286655e-01, 3.434292253134034e-16, 9.999917866350841e-02, 1.000000014901161e-01]
con.yHeaCoi=[0e+00, 1.333930768286663e-01, 1.890328288078308e-01, 1.706437736749649e-01, 1.392946895228178e-01, 0e+00, 0e+00, 0e+00, 0e+00, 1.110184241072783e-01, 2.246517986059189e-01, 2.943476557731629e-01, 3.373176634311676e-01, 3.675590753555298e-01, 5.667452931404111e-01, 5.206566452980042e-01, 5.390288949012756e-01, 5.989077091217041e-01, 3.701958358287811e-01, 4.445295333862305e-01, 4.642587304115295e-01, 4.638417184352875e-01, 4.747423648834229e-01, 4.854703366756439e-01, 6.71361768245697e-01, 1.879759877920151e-01, 1.384888438484498e-01, 3.616862930333074e-01, 3.507814407348639e-01, 4.59343922138214e-01, 4.971027970314026e-01, 5.325783729553223e-01, 5.356769680976867e-01, 5.053792417049408e-01, 2.656668543815612e-01, 0e+00, 0e+00, 1.458104911398876e-01, 2.976961970329285e-01, 4.39705491065979e-01, 4.599860906600952e-01, 4.530430972576142e-01, 3.466059863567352e-01, 3.223694533109665e-01, 8.745227907497091e-02, 0e+00, 0e+00, 0e+00, 0e+00, 1.741078788764319e-01, 2.25197046995163e-01, 2.4034144282341e-01, 2.339924275875092e-01, 2.174492508172989e-01, 3.33409681924887e-02, 0e+00, 0e+00, 0e+00, 0e+00, 1.056428846789792e-01, 1.476540714502335e-01, 2.088860303163528e-01, 2.360002368688583e-01, 2.071700995813178e-01, 2.717990171155317e-02, 0e+00, 0e+00, 0e+00, 0e+00, 1.671203361958289e-01, 2.42408499121666e-01, 2.601252257823944e-01, 2.473524749279022e-01, 2.252835810184479e-01, 7.766738222064921e-02, 0e+00, 0e+00, 0e+00, 0e+00, 1.636875502664086e-01, 2.50119149684906e-01, 2.711829662322998e-01, 2.687624037265778e-01, 2.208214432001114e-01, 2.18851183601525e-02, 0e+00, 0e+00, 0e+00, 0e+00, 1.211554344091624e-01, 1.88517302274704e-01, 1.680857330560684e-01, 1.684245616197586e-01, 1.606972881276004e-01, 1.484827965214688e-02, 0e+00, 0e+00, 0e+00, 0e+00, 1.060351000189745e-01, 1.857480406761169e-01]
con.yCooCoi=[0e+00, 0e+00, 0e+00, 0e+00, 0e+00, 1.510951519012451e-01, 2.0177081823349e-01, 1.675502383494613e-02, 0e+00, 0e+00, 0e+00, 0e+00, 0e+00, 0e+00, 0e+00, 0e+00, 0e+00, 0e+00, 0e+00, 0e+00, 0e+00, 0e+00, 0e+00, 0e+00, 0e+00, 0e+00, 0e+00, 0e+00, 0e+00, 0e+00, 0e+00, 0e+00, 0e+00, 0e+00, 0e+00, 0e+00, 9.261408603677375e-02, 0e+00, 0e+00, 0e+00, 0e+00, 0e+00, 0e+00, 0e+00, 0e+00, 1.599376499652863e-01, 1.77396759390831e-01, 1.295383001701451e-02, 0e+00, 0e+00, 0e+00, 0e+00, 0e+00, 0e+00, 0e+00, 2.404082566499719e-01, 2.33580797910689e-01, 1.771974445450632e-02, 0e+00, 0e+00, 0e+00, 0e+00, 0e+00, 0e+00, 0e+00, 2.418274283409119e-01, 2.058262825012207e-01, 1.595722465348141e-02, 0e+00, 0e+00, 0e+00, 0e+00, 0e+00, 0e+00, 0e+00, 2.18340203166008e-01, 2.023871570825577e-01, 1.655481465941264e-02, 0e+00, 0e+00, 0e+00, 0e+00, 0e+00, 0e+00, 0e+00, 2.385016828775406e-01, 2.245317190885544e-01, 1.924921686361469e-02, 0e+00, 0e+00, 0e+00, 0e+00, 0e+00, 0e+00, 0e+00, 2.450972497463226e-01, 2.302525758743286e-01, 2.255375112674842e-02, 0e+00, 0e+00, 0e+00]
>>>>>>> master
