<<<<<<< HEAD
last-generated=2022-10-03
=======
last-generated=2024-09-19
>>>>>>> master
statistics-simulation=
{
  "linear": " ",
  "nonlinear": "1",
  "number of continuous time states": "6",
  "numerical Jacobians": "0"
}
time=[1.5552e+07, 1.5984e+07]
tow.TAir=[2.853654479980469e+02, 2.853654479980469e+02, 2.851503295898438e+02, 2.849311218261719e+02, 2.852371826171875e+02, 2.864836120605469e+02, 2.889720153808594e+02, 2.897044067382812e+02, 2.903575744628906e+02, 2.909644165039062e+02, 2.909403686523438e+02, 2.931615295410156e+02, 2.925950927734375e+02, 2.913971252441406e+02, 2.904599914550781e+02, 2.901689147949219e+02, 2.895267333984375e+02, 2.876248168945312e+02, 2.872527465820312e+02, 2.8632177734375e+02, 2.854686279296875e+02, 2.846099548339844e+02, 2.835951232910156e+02, 2.824097290039062e+02, 2.824570922851562e+02, 2.830999145507812e+02, 2.835616455078125e+02, 2.844734497070312e+02, 2.8517578125e+02, 2.853924560546875e+02, 2.854185180664062e+02, 2.853899230957031e+02, 2.853817138671875e+02, 2.8545947265625e+02, 2.852056884765625e+02, 2.847009887695312e+02, 2.841245727539062e+02, 2.839532470703125e+02, 2.836558837890625e+02, 2.835038757324219e+02, 2.833817138671875e+02, 2.832626953125e+02, 2.830270080566406e+02, 2.828082580566406e+02, 2.830644226074219e+02, 2.835833435058594e+02, 2.841373901367188e+02, 2.847376403808594e+02, 2.8519775390625e+02, 2.855315856933594e+02, 2.854811401367188e+02, 2.857100830078125e+02, 2.859544372558594e+02, 2.861271667480469e+02, 2.859074096679688e+02, 2.855766906738281e+02, 2.848958129882812e+02, 2.844751892089844e+02, 2.839039611816406e+02, 2.838517761230469e+02, 2.839720153808594e+02, 2.840881652832031e+02, 2.84197998046875e+02, 2.8431689453125e+02, 2.843404235839844e+02, 2.843404235839844e+02, 2.843561401367188e+02, 2.847915954589844e+02, 2.85153076171875e+02, 2.855483703613281e+02, 2.859519958496094e+02, 2.862484130859375e+02, 2.861714782714844e+02, 2.860917358398438e+02, 2.858300476074219e+02, 2.854478149414062e+02, 2.850264587402344e+02, 2.847516174316406e+02, 2.844579772949219e+02, 2.842089538574219e+02, 2.839797668457031e+02, 2.838037414550781e+02, 2.840556640625e+02, 2.842901916503906e+02, 2.845884094238281e+02, 2.848255920410156e+02, 2.853129577636719e+02, 2.863159484863281e+02, 2.872462158203125e+02, 2.880237121582031e+02, 2.885810241699219e+02, 2.890779113769531e+02, 2.887447204589844e+02, 2.885033874511719e+02, 2.879251403808594e+02, 2.873974304199219e+02, 2.867822875976562e+02, 2.866546630859375e+02, 2.865264892578125e+02, 2.860983276367188e+02, 2.852127685546875e+02]
<<<<<<< HEAD
tow.vol.heatPort.Q_flow=[-0e+00, -1.112506083700282e-06, -1.674709375e+04, 1.74187586576835e-09, 2.685378130991012e-04, -4.623404947778909e-08, 6.613798859689268e-07, -6.53079833984375e+03, -4.969828125e+03, -4.97871875e+03, -5.26608154296875e+03, -4.2853779296875e+03, -5.92187109375e+03, -5.65166650390625e+03, -5.70836376953125e+03, -5.4006923828125e+03, -5.67434814453125e+03, -5.470911546012758e-08, -6.278094701883674e-07, -5.799012381402235e-09, 8.108690235530958e-05, -1.9276271484375e+04, 8.200414569614622e-09, 1.605572563789792e-08, 2.136820285159047e-06, 1.519108749903353e-08, 1.197328742819082e-07, 1.560732198413461e-05, -1.62136650390625e+04, -2.697758816339046e-08, -4.975171875e+03, 9.633761566263388e-10, -6.626895810768474e-06, -1.751373828125e+04, 1.386552185067558e-06, -1.58384150390625e+04, -1.8546828125e+04, 5.544416037395195e-09, 1.203743238420429e-07, -1.286522774535115e-06, -7.086369441822171e-05, 6.643909495323896e-03, -8.285260772705078e+01, -1.9742759765625e+04, -1.97131640625e+04, -2.0100607421875e+04, 4.918273566190123e-10, 1.710122710107953e-08, -1.104856026358902e-03, -5.552445170309284e-10, 1.057500230672304e-05, -1.68108828125e+04, -2.189511287724599e-04, 5.846782187290955e-07, -2.633628463745117e+01, 2.006233845719407e-09, 1.4274894783739e-04, -1.8314439453125e+04, 5.335201169742732e-10, 1.521713244301282e-08, -2.090057620307562e-07, 3.393719380255789e-04, -1.77341640625e+04, 4.799164399216238e-10, 1.539452476606584e-08, -4.768789040099364e-06, -1.32106142578125e+04, -1.9225134765625e+04, 4.513704425335163e-06, -1.438818359375e+04, 3.368541456438834e-06, -1.4300359375e+04, -9.300889360019937e-06, 5.188206273487594e-07, -1.272244720458984e+02, 2.456520986626742e-09, -4.57120913779363e-05, -1.7637693359375e+04, 3.236551027185897e-09, 7.827821235650845e-08, -4.496742985793389e-05, -1.7649359375e+04, -1.97032109375e+04, 5.142436476646139e-10, 4.840777378944949e-08, -1.416064146906137e-02, -1.809906640625e+04, 5.430597411759663e-06, 8.666641406307463e-06, 1.80334784090519e-04, -1.01710439453125e+04, -8.5658408203125e+03, -9.293333984375e+03, -7.98916064453125e+03, -6.379322625704731e-10, 2.400581990968931e-07, 3.920314739502828e-08, -1.42104462890625e+04, -1.179795703125e+04, -5.840100857312791e-05, -1.62077041015625e+04]
tow.m_flow=[0e+00, 3.925329852827453e-11, 5e-01, -5.778067098134027e-14, -9.300034520265399e-09, 1.951574318814764e-12, -4.952289620052674e-11, 5e-01, 5e-01, 5e-01, 5e-01, 5e-01, 5e-01, 5e-01, 5e-01, 5e-01, 5e-01, 2.885901370305866e-12, 3.062780237761409e-11, 2.378771550397285e-13, -2.904796403413457e-09, 4.86185222864151e-01, -2.296742440330291e-13, -3.951639091902964e-13, -5.28581657610605e-11, -4.02351708807952e-13, -3.341073294763075e-12, -4.869855629863196e-10, 5.000000596046448e-01, 9.5558717189137e-13, 1.770741939544678e-01, -3.411243252389624e-14, 2.343773786162018e-10, 4.999998211860657e-01, -4.780032966666958e-11, 5e-01, 4.433674514293671e-01, -1.620574334448843e-13, -3.395717517937213e-12, 3.565784473247291e-11, 1.936850235750853e-09, -1.791727726185854e-07, 2.176979556679726e-03, 5e-01, 5e-01, 4.999999701976776e-01, -1.47069771590019e-14, -5.525511688822538e-13, 3.804715120736546e-08, 2.007948522080374e-14, -3.795582181886914e-10, 5.000008344650269e-01, 8.45587866393771e-09, -2.322486473971264e-11, 1.009462052024901e-03, -7.304328311901614e-14, -4.711950829516809e-09, 5e-01, -1.550026417168702e-14, -4.393835013709324e-13, 6.123194833118628e-12, -1.008526862023018e-08, 5e-01, -1.467644331531927e-14, -4.721851165276347e-13, 1.462689136477735e-10, 4.054887890815735e-01, 4.966265261173248e-01, -1.544583905221941e-10, 5e-01, -1.300463764453141e-10, 5e-01, 3.721405961165658e-10, -2.048706343460438e-11, 4.817912355065346e-03, -8.772576577924934e-14, 1.536451743611167e-09, 5.000000596046448e-01, -1.00777147586141e-13, -2.361348313065226e-12, 1.318654740956049e-09, 5e-01, 4.999999403953552e-01, -1.567323338171403e-14, -1.533293891159415e-12, 4.629677619050199e-07, 4.998437464237213e-01, -2.226487189060933e-10, -4.222932004083191e-10, -1.042697750364141e-08, 5e-01, 5e-01, 5e-01, 5e-01, 3.602757401763822e-14, -1.206510846091247e-11, -1.745711864994948e-12, 4.999999701976776e-01, 5e-01, 2.30842189807845e-09, 5e-01]
onOffCon.u=[2.951499938964844e+02, 2.951499938964844e+02]
onOffCon.reference=[2.931499938964844e+02, 2.9483984375e+02, 2.951471862792969e+02, 2.956031188964844e+02, 2.945056457519531e+02, 2.960377502441406e+02, 2.94913818359375e+02, 2.948226318359375e+02, 2.947303771972656e+02, 2.953414916992188e+02, 2.954546813964844e+02, 2.9720751953125e+02, 2.974225769042969e+02, 2.960955505371094e+02, 2.951854858398438e+02, 2.947474975585938e+02, 2.942359924316406e+02, 2.955657043457031e+02, 2.955846557617188e+02, 2.960259399414062e+02, 2.942984924316406e+02, 2.960765380859375e+02, 2.955907897949219e+02, 2.954193420410156e+02, 2.954901733398438e+02, 2.954326477050781e+02, 2.952015991210938e+02, 2.946748352050781e+02, 2.949179077148438e+02, 2.954230041503906e+02, 2.941314086914062e+02, 2.958647766113281e+02, 2.945677795410156e+02, 2.958223876953125e+02, 2.950450439453125e+02, 2.94263916015625e+02, 2.96114990234375e+02, 2.956511535644531e+02, 2.952040405273438e+02, 2.948658752441406e+02, 2.945773315429688e+02, 2.943338623046875e+02, 2.941534423828125e+02, 2.942356262207031e+02, 2.944776611328125e+02, 2.951816101074219e+02, 2.960933227539062e+02, 2.954012145996094e+02, 2.943536987304688e+02, 2.960912170410156e+02, 2.947003784179688e+02, 2.957373657226562e+02, 2.946744384765625e+02, 2.960522766113281e+02, 2.941840209960938e+02, 2.9572021484375e+02, 2.944466552734375e+02, 2.952204895019531e+02, 2.958787536621094e+02, 2.954421997070312e+02, 2.949682922363281e+02, 2.944411315917969e+02, 2.946661987304688e+02, 2.961117858886719e+02, 2.954435729980469e+02, 2.947724914550781e+02, 2.941354675292969e+02, 2.960341796875e+02, 2.952225341796875e+02, 2.944187622070312e+02, 2.954677429199219e+02, 2.950768737792969e+02, 2.947106628417969e+02, 2.959768676757812e+02, 2.941663818359375e+02, 2.957699279785156e+02, 2.9456494140625e+02, 2.951737670898438e+02, 2.957242126464844e+02, 2.950535888671875e+02, 2.944994201660156e+02, 2.942314453125e+02, 2.954641418457031e+02, 2.958352661132812e+02, 2.951328735351562e+02, 2.942622985839844e+02, 2.959580383300781e+02, 2.946231079101562e+02, 2.953024291992188e+02, 2.94611572265625e+02, 2.954376220703125e+02, 2.951679382324219e+02, 2.951821594238281e+02, 2.943180541992188e+02, 2.961227722167969e+02, 2.954748840332031e+02, 2.958308715820312e+02, 2.95440185546875e+02, 2.941599426269531e+02, 2.951612854003906e+02, 2.949520568847656e+02]
=======
tow.vol.heatPort.Q_flow=[-0e+00, -5.17938624389376e-15, -9.018064575195312e+02, 2.043566271064945e-12, -1.70202578125e+04, 4.956691307400618e-12, -8.10830029296875e+03, -5.26706640625e+03, -4.95334423828125e+03, -4.978509765625e+03, -5.26612841796875e+03, -4.28541552734375e+03, -5.92187646484375e+03, -5.6516826171875e+03, -5.70836328125e+03, -5.40069921875e+03, -5.67434375e+03, 4.927837575591731e-16, -1.892004656438824e-16, -1.279725309567107e-19, -1.5807115234375e+04, -2.438348120432789e-17, 3.287293180720408e-12, -2.1100439453125e+04, -2.3084314453125e+04, 1.067569833533219e-15, 3.358580080714546e-09, -7.320862666082562e-13, -1.8116623046875e+04, 3.278400153008064e-15, -1.7967052734375e+04, 2.041108818420789e-12, -8.551078125e+03, -3.641573533604697e-13, 6.912292304803115e-16, 2.865534415655291e-12, -1.8263984375e+04, -3.254360347150279e-18, 5.848789334794713e-13, 6.276152514361755e-11, -2.0088673828125e+04, 1.745957568077122e-15, 5.511500747435415e-14, 2.367798950073281e-14, 2.709138685955126e-12, -1.8569048828125e+04, -5.422835159637671e-16, -1.314318391534147e-13, -1.60846748046875e+04, -2.250042227460326e-15, -1.618004296875e+04, -4.481559738485081e-16, -5.058429475804703e-18, -1.2662671875e+04, -6.792907351931476e-15, -1.6769896484375e+04, -1.487845929681089e-16, -1.76093359375e+04, 3.34181806034041e-14, 1.871568933089086e-14, -1.576206500430999e-06, -1.57402060546875e+04, -1.086903572312535e-15, 6.04324012706825e-12, -1.98187421875e+04, -3.655402193501571e-14, -8.454987469701247e-13, -1.61230322265625e+04, -4.155634779974722e-14, -1.6766337890625e+04, -3.824436698319361e-13, 2.996479678426221e-14, -1.492866015625e+04, 1.543866813905059e-12, -4.45016982242547e-17, -1.50685087890625e+04, -2.438550045146481e-15, -2.857206787109375e+03, -8.549656093286839e-19, 8.425491207497693e-13, -4.1468369140625e+03, -1.8481828125e+04, -3.957094738472001e-17, 9.738409731396835e-12, -1.8670494140625e+04, 2.172308963569944e-13, -1.4710232421875e+04, 1.719068274232474e-14, -3.10982786454047e-17, -6.625534403883679e-14, -9.9273037109375e+03, -8.522466796875e+03, -9.4286591796875e+03, -8.203537109375e+03, 3.726990030071715e-14, 4.869633177225559e-16, 5.335567260906192e-14, -4.167261493021913e-15, -1.51200419921875e+04, -1.3079224609375e+04, -5.572862270530063e-15]
tow.m_flow=[0e+00, 1.834504618907854e-19, 3.047429211437702e-02, -6.806670075607362e-17, 5e-01, -2.098705444812801e-16, 5e-01, 5e-01, 5e-01, 5e-01, 5e-01, 5e-01, 5e-01, 5e-01, 5e-01, 5e-01, 5e-01, -2.604659432343218e-20, 9.253991014470365e-21, 5.266849949661168e-24, 5e-01, 7.776296463887778e-22, -9.249576622959808e-17, 5e-01, 5e-01, -2.84132533755873e-20, -9.415961120615851e-14, 2.294141257471112e-17, 5e-01, -1.165730515375409e-19, 5e-01, -7.25541952838432e-17, 2.34835147857666e-01, 1.307802740538695e-17, -2.392249629238544e-20, -9.250704897315331e-17, 5e-01, 9.55428064943087e-23, -1.65739201487045e-17, -1.747539825622594e-15, 5e-01, -4.730295987017564e-20, -1.454904197976909e-18, -6.105055624796491e-19, -7.18148877221229e-17, 5e-01, 1.628954824955887e-20, 4.26463345918401e-18, 5e-01, 8.167728063660353e-20, 5e-01, 1.671637990798476e-20, 1.960402779403551e-22, 5e-01, 2.612733458291817e-19, 5e-01, 4.930685902625434e-21, 5e-01, -9.75158984838125e-19, -5.42835932819429e-19, 4.638333467310574e-11, 3.746770918369293e-01, 3.288740868540127e-20, -1.85606928365156e-16, 5e-01, 1.126037452350833e-18, 2.609791228551755e-17, 4.129281342029572e-01, 1.427689128643302e-18, 5e-01, 1.481652365213761e-17, -1.218544989360548e-18, 5e-01, -6.117512820064932e-17, 1.69078645457519e-21, 5e-01, 8.228621481441327e-20, 9.289036691188812e-02, 2.673372299425297e-23, -2.552705840118245e-17, 1.221622824668884e-01, 4.286232590675354e-01, 1.176461362248791e-21, -2.980926522976209e-16, 5e-01, -7.132057120550611e-18, 5e-01, -7.072703396082328e-19, 1.519616209429616e-21, 3.837772694340308e-18, 5e-01, 5e-01, 5e-01, 5e-01, -2.108280308557286e-18, -2.452891984778911e-20, -2.383186340513772e-18, 1.818551019078091e-19, 5e-01, 5e-01, 1.930377695336105e-19]
onOffCon.u=[2.951499938964844e+02, 2.951499938964844e+02]
onOffCon.reference=[2.931499938964844e+02, 2.946153869628906e+02, 2.961541137695312e+02, 2.948531494140625e+02, 2.953644714355469e+02, 2.946440734863281e+02, 2.948435363769531e+02, 2.942191772460938e+02, 2.947225036621094e+02, 2.953413696289062e+02, 2.954546813964844e+02, 2.972075500488281e+02, 2.974225769042969e+02, 2.960955810546875e+02, 2.951854858398438e+02, 2.947474975585938e+02, 2.942359924316406e+02, 2.954401550292969e+02, 2.952743225097656e+02, 2.955526428222656e+02, 2.950166320800781e+02, 2.952790832519531e+02, 2.943782653808594e+02, 2.944854431152344e+02, 2.954801635742188e+02, 2.959755249023438e+02, 2.95397705078125e+02, 2.945406494140625e+02, 2.958265991210938e+02, 2.947421569824219e+02, 2.959979248046875e+02, 2.946604919433594e+02, 2.961563415527344e+02, 2.945796203613281e+02, 2.961282348632812e+02, 2.947829895019531e+02, 2.948457641601562e+02, 2.958100280761719e+02, 2.950246276855469e+02, 2.943427734375e+02, 2.949742736816406e+02, 2.959830932617188e+02, 2.954356994628906e+02, 2.949594116210938e+02, 2.945119018554688e+02, 2.944502258300781e+02, 2.960519714355469e+02, 2.950315246582031e+02, 2.948782653808594e+02, 2.95165283203125e+02, 2.952072143554688e+02, 2.949012756347656e+02, 2.961380004882812e+02, 2.94173583984375e+02, 2.951484680175781e+02, 2.955844116210938e+02, 2.948535766601562e+02, 2.948837890625e+02, 2.957156372070312e+02, 2.949405517578125e+02, 2.941277465820312e+02, 2.961213989257812e+02, 2.953038024902344e+02, 2.943466796875e+02, 2.958040771484375e+02, 2.953264465332031e+02, 2.943270263671875e+02, 2.961158752441406e+02, 2.949031982421875e+02, 2.955543823242188e+02, 2.946031494140625e+02, 2.956382446289062e+02, 2.952999572753906e+02, 2.944049072265625e+02, 2.95548828125e+02, 2.946430969238281e+02, 2.953721923828125e+02, 2.941044616699219e+02, 2.959663391113281e+02, 2.949687805175781e+02, 2.940919799804688e+02, 2.961003112792969e+02, 2.954048156738281e+02, 2.944861450195312e+02, 2.955037231445312e+02, 2.952700805664062e+02, 2.943371276855469e+02, 2.951748657226562e+02, 2.956975708007812e+02, 2.948661193847656e+02, 2.953212280273438e+02, 2.951472473144531e+02, 2.952467956542969e+02, 2.9442041015625e+02, 2.958170166015625e+02, 2.95015380859375e+02, 2.952115173339844e+02, 2.957529602050781e+02, 2.957463684082031e+02, 2.943436584472656e+02, 2.953074035644531e+02]
>>>>>>> master
