<<<<<<< HEAD
last-generated=2021-11-10
statistics-initialization=
{
  "nonlinear": "1, 5, 5, 23, 23, 2, 1, 0, 1, 0, 1",
=======
last-generated=2024-09-13
statistics-initialization=
{
  "nonlinear": "1, 5, 5, 23, 23, 3, 1, 1, 0, 1, 0",
>>>>>>> master
  "numerical Jacobians": "0"
}
statistics-simulation=
{
<<<<<<< HEAD
  "linear": "0, 0, 0, 4, 0, 0, 0, 0, 0, 0, 0, 0, 0, 0, 17, 0, 0, 0, 0, 0, 0, 17, 0, 0, 0, 0,   0, 0, 0",
  "nonlinear": "1, 1, 1, 2, 1",
  "number of continuous time states": "78",
  "numerical Jacobians": "0"
}
time=[0e+00, 6.048e+05]
roo1.air.vol.T=[2.931499938964844e+02, 2.907405090332031e+02, 2.90439453125e+02, 2.901079711914062e+02, 2.89797119140625e+02, 2.933868103027344e+02, 2.937171020507812e+02, 2.93919677734375e+02, 2.938869934082031e+02, 2.936552734375e+02, 2.934661254882812e+02, 2.928594665527344e+02, 2.921175537109375e+02, 2.914921569824219e+02, 2.911131896972656e+02, 2.907361450195312e+02, 2.904895324707031e+02, 2.90331787109375e+02, 2.901969909667969e+02, 2.933218078613281e+02, 2.933039855957031e+02, 2.933739318847656e+02, 2.936315002441406e+02, 2.934763488769531e+02, 2.923817749023438e+02, 2.915413818359375e+02, 2.913406372070312e+02, 2.907498168945312e+02, 2.905482788085938e+02, 2.902254943847656e+02, 2.899765625e+02, 2.897734069824219e+02, 2.894683837890625e+02, 2.931261901855469e+02, 2.931466064453125e+02, 2.933003234863281e+02, 2.927694702148438e+02, 2.919854125976562e+02, 2.912378234863281e+02, 2.930028076171875e+02, 2.926228942871094e+02, 2.906316223144531e+02, 2.898762512207031e+02, 2.895824279785156e+02, 2.893165283203125e+02, 2.890653381347656e+02, 2.888558044433594e+02, 2.8870703125e+02, 2.929447021484375e+02, 2.930275268554688e+02, 2.921455688476562e+02, 2.915939636230469e+02, 2.919160461425781e+02, 2.928963928222656e+02, 2.928769836425781e+02, 2.900450744628906e+02, 2.892513122558594e+02, 2.88822509765625e+02, 2.8853564453125e+02, 2.88364013671875e+02, 2.888355407714844e+02, 2.887504272460938e+02, 2.926266479492188e+02, 2.92219970703125e+02, 2.930892333984375e+02, 2.9357763671875e+02, 2.938743591308594e+02, 2.935827941894531e+02, 2.934961853027344e+02, 2.9161083984375e+02, 2.904866943359375e+02, 2.899700012207031e+02, 2.89438232421875e+02, 2.890416870117188e+02, 2.886112060546875e+02, 2.88344482421875e+02, 2.930941772460938e+02, 2.924460144042969e+02, 2.916739501953125e+02, 2.930347595214844e+02, 2.931239929199219e+02, 2.931732177734375e+02, 2.93084228515625e+02, 2.909822998046875e+02, 2.8927001953125e+02, 2.886353454589844e+02, 2.882570495605469e+02, 2.888821716308594e+02, 2.88802734375e+02, 2.8876171875e+02, 2.920018920898438e+02, 2.926177062988281e+02, 2.929525146484375e+02, 2.933504943847656e+02, 2.937698974609375e+02, 2.938448791503906e+02, 2.935869750976562e+02, 2.935122680664062e+02, 2.908744201660156e+02, 2.898479614257812e+02, 2.893401794433594e+02]
roo2.air.vol.T=[2.931499938964844e+02, 2.914580688476562e+02, 2.912464599609375e+02, 2.909927062988281e+02, 2.90748779296875e+02, 2.935981750488281e+02, 2.940210876464844e+02, 2.941265869140625e+02, 2.939227600097656e+02, 2.938694458007812e+02, 2.936516418457031e+02, 2.931603088378906e+02, 2.922384338378906e+02, 2.919589233398438e+02, 2.920308532714844e+02, 2.917318420410156e+02, 2.915419311523438e+02, 2.914281921386719e+02, 2.913295593261719e+02, 2.934277954101562e+02, 2.934839782714844e+02, 2.936596374511719e+02, 2.936588134765625e+02, 2.934923400878906e+02, 2.926770935058594e+02, 2.91965576171875e+02, 2.914390869140625e+02, 2.911674499511719e+02, 2.914352416992188e+02, 2.91186767578125e+02, 2.909940795898438e+02, 2.908381652832031e+02, 2.905821838378906e+02, 2.93257080078125e+02, 2.933275756835938e+02, 2.934841613769531e+02, 2.928662109375e+02, 2.919990844726562e+02, 2.915763244628906e+02, 2.9316357421875e+02, 2.926051330566406e+02, 2.907135314941406e+02, 2.907151489257812e+02, 2.905198974609375e+02, 2.903207092285156e+02, 2.90121337890625e+02, 2.899439392089844e+02, 2.898152160644531e+02, 2.931300964355469e+02, 2.932198181152344e+02, 2.925194702148438e+02, 2.915631713867188e+02, 2.922853088378906e+02, 2.930545043945312e+02, 2.930414123535156e+02, 2.901859436035156e+02, 2.899376525878906e+02, 2.897605590820312e+02, 2.894988403320312e+02, 2.893205871582031e+02, 2.891363525390625e+02, 2.8912744140625e+02, 2.929040222167969e+02, 2.928892517089844e+02, 2.934673156738281e+02, 2.93639892578125e+02, 2.937658996582031e+02, 2.936514282226562e+02, 2.935989074707031e+02, 2.91638916015625e+02, 2.90904296875e+02, 2.908350219726562e+02, 2.904105529785156e+02, 2.900919799804688e+02, 2.896929931640625e+02, 2.8938720703125e+02, 2.932294616699219e+02, 2.929617614746094e+02, 2.926408996582031e+02, 2.932031555175781e+02, 2.932384643554688e+02, 2.933222961425781e+02, 2.932643127441406e+02, 2.9123046875e+02, 2.899016418457031e+02, 2.897013549804688e+02, 2.892788696289062e+02, 2.8914306640625e+02, 2.891351013183594e+02, 2.891275024414062e+02, 2.924012145996094e+02, 2.93029541015625e+02, 2.933561096191406e+02, 2.935060424804688e+02, 2.937752990722656e+02, 2.937981567382812e+02, 2.936551818847656e+02, 2.936096496582031e+02, 2.9096484375e+02, 2.906265258789062e+02, 2.902690124511719e+02]
weaBus.TDryBul=[2.609500122070312e+02, 2.612774658203125e+02, 2.621011047363281e+02, 2.625499877929688e+02, 2.625499877929688e+02, 2.634906005859375e+02, 2.665859985351562e+02, 2.694419860839844e+02, 2.715532531738281e+02, 2.720499877929688e+02, 2.720499877929688e+02, 2.711899108886719e+02, 2.720211181640625e+02, 2.720336303710938e+02, 2.714474182128906e+02, 2.693314514160156e+02, 2.698616027832031e+02, 2.713856811523438e+02, 2.721641845703125e+02, 2.72510986328125e+02, 2.73510009765625e+02, 2.748500061035156e+02, 2.748500061035156e+02, 2.725921325683594e+02, 2.73848876953125e+02, 2.725499877929688e+02, 2.740790100097656e+02, 2.75053955078125e+02, 2.731499938964844e+02, 2.731499938964844e+02, 2.733664245605469e+02, 2.7306201171875e+02, 2.712139892578125e+02, 2.697578430175781e+02, 2.687122497558594e+02, 2.691380004882812e+02, 2.701607055664062e+02, 2.703500061035156e+02, 2.703500061035156e+02, 2.703500061035156e+02, 2.703500061035156e+02, 2.703500061035156e+02, 2.703500061035156e+02, 2.703500061035156e+02, 2.703500061035156e+02, 2.700260009765625e+02, 2.698500061035156e+02, 2.703376159667969e+02, 2.707337341308594e+02, 2.714786071777344e+02, 2.720499877929688e+02, 2.726159973144531e+02, 2.7205712890625e+02, 2.703059997558594e+02, 2.684580078125e+02, 2.684077453613281e+02, 2.6806201171875e+02, 2.662139892578125e+02, 2.661690368652344e+02, 2.658251953125e+02, 2.615640869140625e+02, 2.582152099609375e+02, 2.592766723632812e+02, 2.610854797363281e+02, 2.64716796875e+02, 2.666700134277344e+02, 2.690650634765625e+02, 2.692225952148438e+02, 2.680060119628906e+02, 2.665409545898438e+02, 2.646900024414062e+02, 2.639419860839844e+02, 2.62093994140625e+02, 2.614129638671875e+02, 2.591625671386719e+02, 2.5875e+02, 2.582370910644531e+02, 2.594412841796875e+02, 2.609939880371094e+02, 2.616118469238281e+02, 2.618193054199219e+02, 2.608738708496093e+02, 2.578509826660156e+02, 2.558468933105469e+02, 2.543108673095703e+02, 2.552683868408203e+02, 2.542709197998047e+02, 2.536540069580078e+02, 2.5264599609375e+02, 2.515209808349609e+02, 2.503481140136719e+02, 2.545215454101562e+02, 2.581070861816406e+02, 2.589879760742188e+02, 2.603697204589844e+02, 2.595094604492188e+02, 2.568208923339844e+02, 2.548866882324219e+02, 2.541324615478516e+02, 2.532756500244141e+02, 2.531499938964844e+02]
tan.vol[1].T=[2.931499938964844e+02, 3.085281066894531e+02, 3.223983154296875e+02, 3.354689636230469e+02, 3.416629028320312e+02, 3.37748291015625e+02, 3.32017578125e+02, 3.272579040527344e+02, 3.218457336425781e+02, 3.157603454589844e+02, 3.073135681152344e+02, 2.985606384277344e+02, 2.966739501953125e+02, 2.966358947753906e+02, 3.015610046386719e+02, 3.16613037109375e+02, 3.300238342285156e+02, 3.417625732421875e+02, 3.415274047851562e+02, 3.395150451660156e+02, 3.351834716796875e+02, 3.28731201171875e+02, 3.206440734863281e+02, 3.105440673828125e+02, 2.981466674804688e+02, 2.95424072265625e+02, 2.944369812011719e+02, 3.04670654296875e+02, 3.176981201171876e+02, 3.310125427246094e+02, 3.4174462890625e+02, 3.415095520019531e+02, 3.412756958007812e+02, 3.396055908203125e+02, 3.323986511230468e+02, 3.180193481445312e+02, 3.025203247070312e+02, 2.968633422851562e+02, 2.947021484375e+02, 3.049034118652344e+02, 3.101548156738281e+02, 3.236220397949218e+02, 3.366169128417969e+02, 3.416416320800781e+02, 3.414070739746094e+02, 3.411727294921875e+02, 3.4093359375e+02, 3.406893615722656e+02, 3.327097473144531e+02, 3.139064636230469e+02, 3.0021826171875e+02, 2.962379760742188e+02, 2.947250671386719e+02, 3.059522705078125e+02, 3.102770080566406e+02, 3.194255065917969e+02, 3.326243896484376e+02, 3.41692626953125e+02, 3.414319458007812e+02, 3.411494750976562e+02, 3.405812072753906e+02, 3.394580078125e+02, 3.193022766113281e+02, 3.030164184570312e+02, 3.119551391601562e+02, 3.169461975097656e+02, 3.253245849609375e+02, 3.3171875e+02, 3.366759948730469e+02, 3.367145080566406e+02, 3.365066833496094e+02, 3.362998657226562e+02, 3.360941162109375e+02, 3.35888916015625e+02, 3.356770324707031e+02, 3.354487609863281e+02, 3.3127001953125e+02, 3.086246032714844e+02, 2.998110046386719e+02, 3.07822021484375e+02, 3.116712646484375e+02, 3.149483947753907e+02, 3.172659301757812e+02, 3.253406982421875e+02, 3.377170715332031e+02, 3.415904235839844e+02, 3.412805480957031e+02, 3.405474853515625e+02, 3.39439453125e+02, 3.377743225097656e+02, 3.309764709472656e+02, 3.213609619140625e+02, 3.176366577148438e+02, 3.186662292480469e+02, 3.255341491699219e+02, 3.324310302734375e+02, 3.36280517578125e+02, 3.347884216308594e+02, 3.3451025390625e+02, 3.343058471679688e+02, 3.341024169921875e+02]
tan.vol[2].T=[2.931499938964844e+02, 3.063739318847656e+02, 3.201051940917969e+02, 3.332861328125e+02, 3.395638732910156e+02, 3.341607360839844e+02, 3.256826477050781e+02, 3.199056091308594e+02, 3.142044982910156e+02, 3.085978698730469e+02, 3.019864196777344e+02, 2.968953247070312e+02, 2.962125549316406e+02, 2.961844177246094e+02, 2.976320190429688e+02, 3.142548522949219e+02, 3.277943115234375e+02, 3.3964453125e+02, 3.394541320800781e+02, 3.371225280761719e+02, 3.30228515625e+02, 3.21612548828125e+02, 3.130821228027344e+02, 3.0458642578125e+02, 2.973971252441406e+02, 2.952672424316406e+02, 2.943224487304688e+02, 3.008644714355469e+02, 3.153360900878907e+02, 3.287908630371094e+02, 3.396300048828125e+02, 3.394396667480469e+02, 3.392498168945312e+02, 3.373718872070312e+02, 3.264801940917968e+02, 3.113931274414062e+02, 3.004921264648438e+02, 2.966282348632812e+02, 2.945641784667969e+02, 2.991857604980469e+02, 3.084134826660156e+02, 3.213392333984374e+02, 3.3444384765625e+02, 3.395467224121094e+02, 3.393565979003906e+02, 3.391658325195312e+02, 3.389692077636719e+02, 3.387661743164062e+02, 3.271344909667969e+02, 3.087533264160156e+02, 2.997318725585938e+02, 2.960102233886719e+02, 2.9475439453125e+02, 2.998848571777344e+02, 3.05672119140625e+02, 3.170064086914062e+02, 3.304157714843751e+02, 3.395905456542969e+02, 3.393736877441406e+02, 3.391329040527344e+02, 3.385844421386719e+02, 3.372973937988281e+02, 3.134757995605469e+02, 3.022917785644531e+02, 3.090769348144531e+02, 3.153069458007812e+02, 3.236312561035156e+02, 3.304984130859375e+02, 3.356926574707032e+02, 3.3575927734375e+02, 3.355821838378906e+02, 3.354055480957031e+02, 3.352294006347656e+02, 3.350531005859375e+02, 3.348660278320312e+02, 3.34652099609375e+02, 3.2688232421875e+02, 3.059068298339844e+02, 2.993216247558594e+02, 3.030804138183594e+02, 3.099237976074219e+02, 3.136717529296876e+02, 3.164203186035156e+02, 3.219541320800781e+02, 3.355367736816406e+02, 3.395074462890625e+02, 3.392389831542969e+02, 3.385145568847656e+02, 3.371991271972656e+02, 3.34563720703125e+02, 3.23795166015625e+02, 3.135501403808594e+02, 3.163625183105469e+02, 3.175679931640625e+02, 3.240584716796875e+02, 3.311352233886719e+02, 3.356729736328125e+02, 3.328306884765625e+02, 3.324870910644531e+02, 3.323092651367188e+02, 3.321319580078125e+02]
tan.vol[3].T=[2.931499938964844e+02, 3.039308471679688e+02, 3.177876892089844e+02, 3.310859375e+02, 3.374229431152344e+02, 3.281630859375e+02, 3.17177001953125e+02, 3.114451904296875e+02, 3.065596618652344e+02, 3.023598022460938e+02, 2.982402954101562e+02, 2.962069091796875e+02, 2.960624084472656e+02, 2.960335998535156e+02, 2.963732604980469e+02, 3.119388427734375e+02, 3.255476684570312e+02, 3.375002136230469e+02, 3.3731787109375e+02, 3.335484924316406e+02, 3.225548095703125e+02, 3.130652465820312e+02, 3.0586865234375e+02, 3.001217956542969e+02, 2.971766357421875e+02, 2.951160888671875e+02, 2.942110595703125e+02, 2.975365905761719e+02, 3.129779663085938e+02, 3.265521240234375e+02, 3.374862976074219e+02, 3.373040161132812e+02, 3.371224060058594e+02, 3.342389831542969e+02, 3.185266113281249e+02, 3.057565307617188e+02, 2.993732604980469e+02, 2.964070434570312e+02, 2.94431884765625e+02, 2.962365112304688e+02, 3.054525451660156e+02, 3.190170898437499e+02, 3.322533874511719e+02, 3.374065551757812e+02, 3.372245788574219e+02, 3.370421447753906e+02, 3.368539123535156e+02, 3.366593017578125e+02, 3.196093139648438e+02, 3.049832763671875e+02, 2.992655944824219e+02, 2.957938232421875e+02, 2.947956848144531e+02, 2.968694152832031e+02, 3.01124755859375e+02, 3.146551208496094e+02, 3.281917114257814e+02, 3.374537353515625e+02, 3.372446899414062e+02, 3.370111083984375e+02, 3.364153442382812e+02, 3.342223205566406e+02, 3.092192077636719e+02, 3.016755981445312e+02, 3.059891357421875e+02, 3.137327270507812e+02, 3.219110412597656e+02, 3.291947021484375e+02, 3.346702270507813e+02, 3.345782775878906e+02, 3.343994750976562e+02, 3.342212219238281e+02, 3.340435485839844e+02, 3.338650512695312e+02, 3.33662109375e+02, 3.33396240234375e+02, 3.201151428222656e+02, 3.043164672851562e+02, 2.988702392578125e+02, 2.999194030761719e+02, 3.073162231445312e+02, 3.122961730957032e+02, 3.154329833984375e+02, 3.193425598144531e+02, 3.33361328125e+02, 3.373690185546875e+02, 3.371073608398438e+02, 3.36255615234375e+02, 3.3387646484375e+02, 3.287495422363281e+02, 3.139404296875e+02, 3.070682067871094e+02, 3.117008972167969e+02, 3.166580505371094e+02, 3.225703125e+02, 3.298140258789062e+02, 3.349664001464844e+02, 3.283612365722656e+02, 3.278640747070312e+02, 3.276937866210938e+02, 3.275242919921875e+02]
tan.vol[4].T=[2.931499938964844e+02, 3.012078857421875e+02, 3.154500732421875e+02, 3.288683471679688e+02, 3.352650146484375e+02, 3.185198974609375e+02, 3.079078674316406e+02, 3.036454162597656e+02, 3.004097900390625e+02, 2.980035400390625e+02, 2.96254638671875e+02, 2.960933227539062e+02, 2.959884338378906e+02, 2.959591369628906e+02, 2.960376586914062e+02, 3.095994567871094e+02, 3.232824401855469e+02, 3.353388671875e+02, 3.351644897460938e+02, 3.264714050292969e+02, 3.124832763671875e+02, 3.049222717285156e+02, 3.004277648925781e+02, 2.974713439941406e+02, 2.971265869140625e+02, 2.949707946777344e+02, 2.941044006347656e+02, 2.955367126464844e+02, 3.106272277832032e+02, 3.242957763671875e+02, 3.353255920410156e+02, 3.351512451171875e+02, 3.349775085449219e+02, 3.280956726074219e+02, 3.099132080078124e+02, 3.018779907226562e+02, 2.988563842773438e+02, 2.961951293945312e+02, 2.943057556152344e+02, 2.952223510742188e+02, 3.020453796386719e+02, 3.166804199218749e+02, 3.300458984375e+02, 3.35249267578125e+02, 3.350751953125e+02, 3.349005432128906e+02, 3.347191162109375e+02, 3.345281982421875e+02, 3.114161987304688e+02, 3.027327575683594e+02, 2.988004455566406e+02, 2.955882568359375e+02, 2.948460693359375e+02, 2.958634948730469e+02, 2.980512084960938e+02, 3.123857727050781e+02, 3.259508666992189e+02, 3.35298095703125e+02, 3.350912170410156e+02, 3.348346252441406e+02, 3.335417785644531e+02, 3.27723876953125e+02, 3.07070556640625e+02, 3.014753723144531e+02, 3.037351989746094e+02, 3.120382995605469e+02, 3.201871643066406e+02, 3.278286437988281e+02, 3.336071777343751e+02, 3.320480651855469e+02, 3.318487548828125e+02, 3.316509094238281e+02, 3.314544067382812e+02, 3.312545166015625e+02, 3.309701843261719e+02, 3.304737548828125e+02, 3.123503112792969e+02, 3.035383911132812e+02, 2.98455810546875e+02, 2.984942016601562e+02, 3.043626403808594e+02, 3.106577453613282e+02, 3.142833862304688e+02, 3.176830749511719e+02, 3.311836547851562e+02, 3.352115783691406e+02, 3.349148559570312e+02, 3.327889404296875e+02, 3.267887878417969e+02, 3.179818115234375e+02, 3.039496154785156e+02, 3.046212768554688e+02, 3.07517333984375e+02, 3.154881591796875e+02, 3.211008911132812e+02, 3.284136657714844e+02, 3.341139526367188e+02, 3.194444885253906e+02, 3.188579711914062e+02, 3.18726806640625e+02, 3.185965576171875e+02]
tan.vol[5].T=[2.931499938964844e+02, 2.985699157714844e+02, 3.130992431640625e+02, 3.266324157714844e+02, 3.330836486816406e+02, 3.067319641113281e+02, 3.005567016601562e+02, 2.981793823242188e+02, 2.966056823730469e+02, 2.957122192382812e+02, 2.957053527832031e+02, 2.960988159179688e+02, 2.9585009765625e+02, 2.958186950683594e+02, 2.9588330078125e+02, 3.071783447265625e+02, 3.209977416992188e+02, 3.331582641601562e+02, 3.32982177734375e+02, 3.131429443359375e+02, 3.030506896972656e+02, 2.992867126464844e+02, 2.97337646484375e+02, 2.963905029296875e+02, 2.970083618164062e+02, 2.948318481445312e+02, 2.940013427734375e+02, 2.945925903320312e+02, 3.082529296875001e+02, 3.220206604003906e+02, 3.331448364257812e+02, 3.329688110351562e+02, 3.327935180664062e+02, 3.160163879394531e+02, 3.033800354003906e+02, 2.996066284179688e+02, 2.986567077636719e+02, 2.959897766113281e+02, 2.941853637695312e+02, 2.949609985351562e+02, 2.990995788574219e+02, 3.143490295410156e+02, 3.278203125e+02, 3.330677185058594e+02, 3.328920288085938e+02, 3.326944274902344e+02, 3.323674011230469e+02, 3.319007263183594e+02, 3.052054748535156e+02, 3.014527587890625e+02, 2.983758239746094e+02, 2.953927612304688e+02, 2.949040222167969e+02, 2.956105346679688e+02, 2.964772033691406e+02, 3.100777587890625e+02, 3.236901245117189e+02, 3.330596008300781e+02, 3.323406372070312e+02, 3.311393432617188e+02, 3.245039672851562e+02, 3.124034729003906e+02, 3.06540771484375e+02, 3.015026245117188e+02, 3.024888916015625e+02, 3.101257019042969e+02, 3.184720764160156e+02, 3.264014587402344e+02, 3.324940795898438e+02, 3.22587890625e+02, 3.224950561523438e+02, 3.224020690917969e+02, 3.223088684082031e+02, 3.221981506347656e+02, 3.217811279296875e+02, 3.206639709472656e+02, 3.065511779785156e+02, 3.031156616210938e+02, 2.980740966796875e+02, 2.980057983398438e+02, 3.017601623535156e+02, 3.086628723144532e+02, 3.129513854980468e+02, 3.165151977539062e+02, 3.289755249023438e+02, 3.327338562011719e+02, 3.309869079589844e+02, 3.218282165527344e+02, 3.110776062011719e+02, 3.025525817871094e+02, 3.005333557128906e+02, 3.046284790039062e+02, 3.054625854492188e+02, 3.136768798828125e+02, 3.196856384277344e+02, 3.26955322265625e+02, 3.331047668457031e+02, 3.068585205078125e+02, 3.065301513671875e+02, 3.065198364257812e+02, 3.065089416503906e+02]
temSup.T=[2.931499938964844e+02, 2.931499938964844e+02, 2.931499938964844e+02, 2.931499938964844e+02, 2.931499938964844e+02, 3.256166076660156e+02, 3.230448913574219e+02, 3.206213073730469e+02, 3.187935485839844e+02, 3.157816772460938e+02, 3.073324584960938e+02, 2.985744018554688e+02, 2.967125244140625e+02, 2.967125244140625e+02, 2.967125244140625e+02, 2.967125244140625e+02, 2.967125244140625e+02, 2.967125244140625e+02, 2.967125244140625e+02, 3.179624328613281e+02, 3.170748901367188e+02, 3.158707275390625e+02, 3.158487243652344e+02, 3.105619201660156e+02, 2.981580810546875e+02, 2.954355773925781e+02, 2.944599609375e+02, 2.944599609375e+02, 2.944599609375e+02, 2.944599609375e+02, 2.944599609375e+02, 2.944599609375e+02, 2.944599609375e+02, 3.203083190917969e+02, 3.212251892089844e+02, 3.18033203125e+02, 3.0253076171875e+02, 2.968738098144531e+02, 2.947139282226562e+02, 3.10501220703125e+02, 3.111749267578125e+02, 3.111749267578125e+02, 3.111749267578125e+02, 3.111749267578125e+02, 3.111749267578125e+02, 3.107287902832031e+02, 3.108856811523438e+02, 3.104462890625e+02, 3.194902648925781e+02, 3.1391552734375e+02, 3.002261047363281e+02, 2.962485656738281e+02, 3.0349169921875e+02, 3.123650207519531e+02, 3.129440612792969e+02, 3.130567626953125e+02, 3.130567626953125e+02, 3.140982360839844e+02, 3.14139892578125e+02, 3.144353332519531e+02, 3.180596313476562e+02, 3.208472595214844e+02, 3.19302734375e+02, 3.1152099609375e+02, 3.1341162109375e+02, 3.187197570800781e+02, 3.209809875488281e+02, 3.208240661621094e+02, 3.21860107421875e+02, 3.222363891601562e+02, 3.222363891601562e+02, 3.222363891601562e+02, 3.222363891601562e+02, 3.190020751953125e+02, 3.2007080078125e+02, 3.204102478027344e+02, 3.297926025390625e+02, 3.086302185058594e+02, 2.998193969726562e+02, 3.114213256835938e+02, 3.127153625488281e+02, 3.161754150390625e+02, 3.180278625488281e+02, 3.184852600097656e+02, 3.184852600097656e+02, 3.232502746582031e+02, 3.240531921386719e+02, 3.245423889160156e+02, 3.253468627929688e+02, 3.262362670898438e+02, 3.260882873535156e+02, 3.18309814453125e+02, 3.149591674804688e+02, 3.200224304199219e+02, 3.269976806640625e+02, 3.288730773925781e+02, 3.31012451171875e+02, 3.325169372558594e+02, 3.325455322265625e+02, 3.325455322265625e+02, 3.325455322265625e+02]
temRet.T=[2.931499938964844e+02, 2.931499938964844e+02, 2.931499938964844e+02, 2.931499938964844e+02, 2.931499938964844e+02, 2.986973876953125e+02, 2.966680603027344e+02, 2.952354736328125e+02, 2.950698547363281e+02, 2.950170288085938e+02, 2.959609375e+02, 2.961852111816406e+02, 2.956410217285156e+02, 2.956410217285156e+02, 2.956410217285156e+02, 2.956410217285156e+02, 2.956410217285156e+02, 2.956410217285156e+02, 2.956410217285156e+02, 2.982854614257812e+02, 2.981872863769531e+02, 2.971090393066406e+02, 2.960240783691406e+02, 2.964063110351562e+02, 2.967286987304688e+02, 2.947000122070312e+02, 2.939133605957031e+02, 2.939133605957031e+02, 2.939133605957031e+02, 2.939133605957031e+02, 2.939133605957031e+02, 2.939133605957031e+02, 2.939133605957031e+02, 3.017394714355469e+02, 3.006040954589844e+02, 2.983784790039062e+02, 2.985009765625e+02, 2.957929992675781e+02, 2.940701293945312e+02, 2.996036987304688e+02, 2.996590881347656e+02, 2.996590881347656e+02, 2.996590881347656e+02, 2.996590881347656e+02, 2.996590881347656e+02, 2.946115417480469e+02, 2.892853393554688e+02, 2.890133666992188e+02, 3.02608642578125e+02, 3.003548583984375e+02, 2.98033203125e+02, 2.952073669433594e+02, 2.994969177246094e+02, 3.010787353515625e+02, 3.01478271484375e+02, 3.015452270507812e+02, 3.015452270507812e+02, 2.898784790039063e+02, 2.889100036621094e+02, 2.886950378417969e+02, 2.90029052734375e+02, 2.906029663085938e+02, 3.069122619628906e+02, 3.042243041992188e+02, 2.998080139160156e+02, 2.967099304199219e+02, 2.954534301757812e+02, 2.963989562988281e+02, 2.971405334472656e+02, 2.973500366210938e+02, 2.973500366210938e+02, 2.973500366210938e+02, 2.973500366210938e+02, 2.94043701171875e+02, 2.891322326660156e+02, 2.887823791503906e+02, 3.037250366210938e+02, 3.026775207519531e+02, 2.977193603515625e+02, 2.996455993652344e+02, 2.994045715332031e+02, 2.994120788574219e+02, 3.007709350585938e+02, 3.01544677734375e+02, 3.01544677734375e+02, 2.892533569335938e+02, 2.887467041015625e+02, 2.903924255371094e+02, 2.905255737304688e+02, 2.907602844238281e+02, 3.114120483398438e+02, 3.059349670410156e+02, 3.011491394042969e+02, 2.982347717285156e+02, 2.96109130859375e+02, 2.957241821289062e+02, 2.970745544433594e+02, 2.979065246582031e+02, 2.979280395507812e+02, 2.979280395507812e+02, 2.979280395507812e+02]
boi.T=[2.931499938964844e+02, 3.107417907714844e+02, 3.246734619140625e+02, 3.37637939453125e+02, 3.011710510253906e+02, 2.888804016113281e+02, 2.881909790039062e+02, 2.881523132324219e+02, 2.881501159667969e+02, 2.881499938964844e+02, 2.881499938964844e+02, 2.881499938964844e+02, 2.881499938964844e+02, 2.881499938964844e+02, 3.083738708496094e+02, 3.189991455078125e+02, 3.322399597167969e+02, 3.322069396972653e+02, 2.906212158203125e+02, 2.882886352539062e+02, 2.881577758789062e+02, 2.881504516601562e+02, 2.881500244140625e+02, 2.881499938964844e+02, 2.881499938964844e+02, 2.881499938964844e+02, 2.881499938964844e+02, 3.070848083496094e+02, 3.200321960449219e+02, 3.33219970703125e+02, 3.235374145507812e+02, 2.901349182128906e+02, 2.882613525390625e+02, 2.8815625e+02, 2.881503601074219e+02, 2.881500244140625e+02, 2.881499938964844e+02, 2.881499938964844e+02, 2.881499938964844e+02, 3.104978942871094e+02, 3.112264709472656e+02, 3.258716430664062e+02, 3.387759399414062e+02, 2.981853637695312e+02, 2.88713134765625e+02, 2.881815490722656e+02, 2.881517639160156e+02, 2.881500854492188e+02, 2.881499938964844e+02, 2.881499938964844e+02, 2.881499938964844e+02, 2.881499938964844e+02, 3.116866455078125e+02, 3.123651733398438e+02, 3.129448852539062e+02, 3.217844543457031e+02, 3.34819305419922e+02, 3.128684692382822e+02, 2.895368957519531e+02, 2.882279357910156e+02, 2.881543884277344e+02, 2.881502380371094e+02, 2.881500244140625e+02, 3.162381591796875e+02, 3.134085998535156e+02, 3.187230834960938e+02, 3.269562377929688e+02, 3.328472900390625e+02, 3.376207275390626e+02, 2.92079803466797e+02, 2.883703308105469e+02, 2.881623840332031e+02, 2.881506958007812e+02, 2.881500244140625e+02, 2.881499938964844e+02, 2.881499938964844e+02, 2.881499938964844e+02, 2.881499938964844e+02, 2.881499938964844e+02, 3.114180603027344e+02, 3.127138061523438e+02, 3.161757202148438e+02, 3.180299072265625e+02, 3.280471496582031e+02, 3.398831481933594e+02, 2.959570922851562e+02, 2.885879211425781e+02, 2.88174560546875e+02, 2.881513671875e+02, 2.881500854492188e+02, 3.218469848632812e+02, 3.1806982421875e+02, 3.149586791992188e+02, 3.200298156738281e+02, 3.270042419433594e+02, 3.337795715332031e+02, 3.36866943359375e+02, 2.908983764648438e+02, 2.883041687011719e+02, 2.881586608886719e+02, 2.881504821777344e+02]
val1.y=[0e+00, 0e+00, 0e+00, 0e+00, 0e+00, 3.815954327583313e-01, 2.164541482925415e-01, 1.151626631617549e-01, 1.31496861577034e-01, 2.4735988676548e-01, 3.419444561004639e-01, 6.452726721763611e-01, 0e+00, 0e+00, 0e+00, 0e+00, 0e+00, 0e+00, 0e+00, 4.140923023223877e-01, 4.230069518089294e-01, 3.880346119403839e-01, 2.592520415782928e-01, 3.368316292762756e-01, 8.841201066970825e-01, 1e+00, 0e+00, 0e+00, 0e+00, 0e+00, 0e+00, 0e+00, 0e+00, 5.119080543518066e-01, 5.016930699348446e-01, 4.248344600200653e-01, 6.902641654014587e-01, 1e+00, 1e+00, 5.735891461372375e-01, 0e+00, 0e+00, 0e+00, 0e+00, 0e+00, 4.23368401825428e-02, 1.471032053232193e-01, 2.21486821770668e-01, 6.026450395584106e-01, 5.612395405769348e-01, 1e+00, 1e+00, 1e+00, 6.268064379692078e-01, 6.365078091621399e-01, 0e+00, 0e+00, 1.637481749057751e-01, 3.071711957454681e-01, 3.929907381534576e-01, 1.572226881980896e-01, 1.997867524623871e-01, 7.616832256317139e-01, 9.650136828422546e-01, 5.303773283958435e-01, 2.86176860332489e-01, 1.378227323293686e-01, 2.836079597473145e-01, 3.269023895263675e-01, 0e+00, 0e+00, 0e+00, 0e+00, 5.414984002709389e-02, 2.693972885608673e-01, 4.027647078037262e-01, 5.279185771942139e-01, 8.519877791404724e-01, 1e+00, 5.576205849647522e-01, 5.129995346069336e-01, 4.883950054645544e-01, 5.328897833824158e-01, 0e+00, 0e+00, 2.573244571685791e-01, 4.46471631526947e-01, 1.339206397533417e-01, 1.736292093992233e-01, 1.941386610269547e-01, 1e+00, 7.661475539207458e-01, 5.987421870231628e-01, 3.997460603713989e-01, 1.900492608547211e-01, 1.525599658489227e-01, 2.815131843090057e-01, 3.188663721084595e-01, 0e+00, 0e+00, 0e+00]
val2.y=[0e+00, 0e+00, 0e+00, 0e+00, 0e+00, 2.759166955947876e-01, 6.445492058992386e-02, 1.171340234577658e-02, 1.136157065629959e-01, 1.402714252471924e-01, 2.491779923439026e-01, 4.948405027389526e-01, 0e+00, 0e+00, 0e+00, 0e+00, 0e+00, 0e+00, 0e+00, 3.611010015010834e-01, 3.33009660243988e-01, 2.451739460229874e-01, 2.45587632060051e-01, 3.288271427154541e-01, 7.364575266838074e-01, 1e+00, 0e+00, 0e+00, 0e+00, 0e+00, 0e+00, 0e+00, 0e+00, 4.464563727378845e-01, 4.112082719802854e-01, 3.329204916954041e-01, 6.418941617012024e-01, 1e+00, 1e+00, 4.932168424129486e-01, 0e+00, 0e+00, 0e+00, 0e+00, 0e+00, 0e+00, 0e+00, 0e+00, 5.099564790725708e-01, 4.650969207286835e-01, 8.152701854705811e-01, 1e+00, 9.32343065738678e-01, 5.477414131164551e-01, 5.542924404144287e-01, 0e+00, 0e+00, 0e+00, 0e+00, 0e+00, 6.82002492249012e-03, 1.127285696566105e-02, 6.229887008666992e-01, 6.303747296333313e-01, 3.413392007350922e-01, 2.550497949123383e-01, 1.920432299375534e-01, 2.492908835411072e-01, 2.755475640296938e-01, 0e+00, 0e+00, 0e+00, 0e+00, 0e+00, 0e+00, 0e+00, 4.602715075016022e-01, 5.941166281700134e-01, 7.545459866523743e-01, 4.734182357788086e-01, 4.557678997516632e-01, 4.138567149639134e-01, 4.428408145904542e-01, 0e+00, 0e+00, 0e+00, 0e+00, 3.473363583907485e-03, 7.44614889845252e-03, 1.125479489564896e-02, 8.743909597396851e-01, 5.602352619171143e-01, 3.969501554965973e-01, 3.219858407974243e-01, 1.87345415353775e-01, 1.759283095598221e-01, 2.474101185798645e-01, 2.701810300350189e-01, 0e+00, 0e+00, 0e+00]
=======
  "linear": "0, 0, 0, 0, 0, 0, 0, 0, 0, 0, 0, 0, 4, 17, 0, 0, 0, 0, 0, 0, 0, 0, 0, 0, 17, 0,   0, 0, 0",
  "nonlinear": "1, 2, 1, 1, 1",
  "number of continuous time states": "77",
  "numerical Jacobians": "0"
}
time=[0e+00, 6.048e+05]
roo1.air.vol.T=[2.931499938964844e+02, 2.907405090332031e+02, 2.904394836425781e+02, 2.901080017089844e+02, 2.897971496582031e+02, 2.9338671875e+02, 2.937169799804688e+02, 2.939195251464844e+02, 2.938869934082031e+02, 2.934970397949219e+02, 2.937295227050781e+02, 2.936726684570312e+02, 2.922806396484375e+02, 2.915906066894531e+02, 2.911985473632812e+02, 2.908136901855469e+02, 2.905610961914062e+02, 2.90398681640625e+02, 2.902600708007812e+02, 2.933386535644531e+02, 2.933184204101562e+02, 2.933860778808594e+02, 2.936453247070312e+02, 2.935123291015625e+02, 2.934684753417969e+02, 2.934525756835938e+02, 2.920678405761719e+02, 2.910948791503906e+02, 2.908551330566406e+02, 2.905068359375e+02, 2.902388000488281e+02, 2.900210266113281e+02, 2.897046203613281e+02, 2.931595764160156e+02, 2.931954345703125e+02, 2.933895568847656e+02, 2.934136352539062e+02, 2.935303955078125e+02, 2.934720153808594e+02, 2.93412109375e+02, 2.929973449707031e+02, 2.9104541015625e+02, 2.902705078125e+02, 2.899599304199219e+02, 2.896801147460938e+02, 2.894134521484375e+02, 2.891782836914062e+02, 2.890062561035156e+02, 2.930314025878906e+02, 2.930541076660156e+02, 2.933104858398438e+02, 2.934093322753906e+02, 2.933381042480469e+02, 2.932886047363281e+02, 2.932807006835938e+02, 2.905256958007812e+02, 2.897208251953125e+02, 2.892598266601562e+02, 2.88913818359375e+02, 2.886818237304688e+02, 2.88221435546875e+02, 2.888322448730469e+02, 2.924732666015625e+02, 2.928611145019531e+02, 2.934633483886719e+02, 2.93751953125e+02, 2.939761962890625e+02, 2.936536254882812e+02, 2.935496826171875e+02, 2.91859130859375e+02, 2.907550659179688e+02, 2.902429504394531e+02, 2.89713134765625e+02, 2.893143920898438e+02, 2.888435974121094e+02, 2.885091552734375e+02, 2.927394104003906e+02, 2.928404541015625e+02, 2.932808532714844e+02, 2.935149230957031e+02, 2.935495300292969e+02, 2.93500244140625e+02, 2.934201965332031e+02, 2.912996215820312e+02, 2.895909118652344e+02, 2.889045715332031e+02, 2.884201049804688e+02, 2.887908325195312e+02, 2.888540954589844e+02, 2.8880517578125e+02, 2.911380310058594e+02, 2.925858154296875e+02, 2.930091552734375e+02, 2.933528747558594e+02, 2.937904663085938e+02, 2.938759765625e+02, 2.936084289550781e+02, 2.935292663574219e+02, 2.909700927734375e+02, 2.899524841308594e+02, 2.894494934082031e+02]
roo2.air.vol.T=[2.931499938964844e+02, 2.914580688476562e+02, 2.912465209960938e+02, 2.909927062988281e+02, 2.90748779296875e+02, 2.935980529785156e+02, 2.9402099609375e+02, 2.941265869140625e+02, 2.939227600097656e+02, 2.937215881347656e+02, 2.938676147460938e+02, 2.938089904785156e+02, 2.923763427734375e+02, 2.920462341308594e+02, 2.921072692871094e+02, 2.918014221191406e+02, 2.916062622070312e+02, 2.914884338378906e+02, 2.913864440917969e+02, 2.934428405761719e+02, 2.934976501464844e+02, 2.936737976074219e+02, 2.936710815429688e+02, 2.935278930664062e+02, 2.935973815917969e+02, 2.935830993652344e+02, 2.920349731445312e+02, 2.914617004394531e+02, 2.916985168457031e+02, 2.914296569824219e+02, 2.912216186523438e+02, 2.910540161132812e+02, 2.907891540527344e+02, 2.932855529785156e+02, 2.933719482421875e+02, 2.935625610351562e+02, 2.934769897460938e+02, 2.935570678710938e+02, 2.935736694335938e+02, 2.935280456542969e+02, 2.929353942871094e+02, 2.910917358398438e+02, 2.910745544433594e+02, 2.908648986816406e+02, 2.906538696289062e+02, 2.9044482421875e+02, 2.902594604492188e+02, 2.901237487792969e+02, 2.932102355957031e+02, 2.932519836425781e+02, 2.934616088867188e+02, 2.934378051757812e+02, 2.934373168945312e+02, 2.9340478515625e+02, 2.933995971679688e+02, 2.906335754394531e+02, 2.903743591308594e+02, 2.901851196289062e+02, 2.8991259765625e+02, 2.897251281738281e+02, 2.892643127441406e+02, 2.891390380859375e+02, 2.928525695800781e+02, 2.932430419921875e+02, 2.937547302246094e+02, 2.938046264648438e+02, 2.938484497070312e+02, 2.937191162109375e+02, 2.936507263183594e+02, 2.918722229003906e+02, 2.911582946777344e+02, 2.910923461914062e+02, 2.906706848144531e+02, 2.903538513183594e+02, 2.899550476074219e+02, 2.896476745605469e+02, 2.929364013671875e+02, 2.932265014648438e+02, 2.936527099609375e+02, 2.93630126953125e+02, 2.936286926269531e+02, 2.936151428222656e+02, 2.935595092773438e+02, 2.915089111328125e+02, 2.901879272460938e+02, 2.899820861816406e+02, 2.895537414550781e+02, 2.892121887207031e+02, 2.891405944824219e+02, 2.891346435546875e+02, 2.915421142578125e+02, 2.93017578125e+02, 2.934072875976562e+02, 2.935137023925781e+02, 2.937967834472656e+02, 2.938291931152344e+02, 2.936785583496094e+02, 2.936283874511719e+02, 2.910690002441406e+02, 2.90737548828125e+02, 2.903843078613281e+02]
weaBus.TDryBul=[2.609500122070312e+02, 2.612774658203125e+02, 2.621011047363281e+02, 2.625499877929688e+02, 2.625499877929688e+02, 2.634906005859375e+02, 2.665859985351562e+02, 2.694419860839844e+02, 2.715532531738281e+02, 2.720499877929688e+02, 2.720499877929688e+02, 2.711899108886719e+02, 2.720211181640625e+02, 2.720336303710938e+02, 2.714474182128906e+02, 2.693314514160156e+02, 2.698616027832031e+02, 2.713856811523438e+02, 2.721641845703125e+02, 2.72510986328125e+02, 2.73510009765625e+02, 2.748500061035156e+02, 2.748500061035156e+02, 2.725921325683594e+02, 2.73848876953125e+02, 2.725499877929688e+02, 2.740790100097656e+02, 2.75053955078125e+02, 2.731499938964844e+02, 2.731499938964844e+02, 2.733664245605469e+02, 2.7306201171875e+02, 2.712139892578125e+02, 2.697578430175781e+02, 2.687122497558594e+02, 2.691380004882812e+02, 2.701607055664062e+02, 2.703500061035156e+02, 2.703500061035156e+02, 2.703500061035156e+02, 2.703500061035156e+02, 2.703500061035156e+02, 2.703500061035156e+02, 2.703500061035156e+02, 2.703500061035156e+02, 2.700260009765625e+02, 2.698500061035156e+02, 2.703376159667969e+02, 2.707337341308594e+02, 2.714786071777344e+02, 2.720499877929688e+02, 2.726159973144531e+02, 2.7205712890625e+02, 2.703059997558594e+02, 2.684580078125e+02, 2.684077453613281e+02, 2.6806201171875e+02, 2.662139892578125e+02, 2.661690368652344e+02, 2.658251953125e+02, 2.615640869140625e+02, 2.582152099609375e+02, 2.592766723632812e+02, 2.610854797363281e+02, 2.64716796875e+02, 2.666700134277344e+02, 2.690650634765625e+02, 2.692225952148438e+02, 2.680060119628906e+02, 2.665409545898438e+02, 2.646900024414062e+02, 2.639419860839844e+02, 2.62093994140625e+02, 2.614129638671875e+02, 2.591625671386719e+02, 2.5875e+02, 2.582370910644531e+02, 2.594412841796875e+02, 2.609939880371094e+02, 2.616118469238281e+02, 2.618193054199219e+02, 2.608738708496093e+02, 2.578509826660156e+02, 2.558468933105469e+02, 2.543108673095703e+02, 2.552683868408203e+02, 2.542709197998047e+02, 2.536540069580078e+02, 2.5264599609375e+02, 2.515209808349609e+02, 2.503481140136719e+02, 2.545215454101562e+02, 2.581070861816406e+02, 2.589879760742188e+02, 2.603697204589844e+02, 2.595094604492188e+02, 2.568208923339844e+02, 2.548866882324219e+02, 2.541324615478516e+02, 2.532756500244141e+02, 2.531499938964844e+02]
tan.vol[1].T=[2.931499938964844e+02, 3.120120239257812e+02, 3.257661743164062e+02, 3.386746215820312e+02, 3.416037902832031e+02, 3.385752868652344e+02, 3.336646118164062e+02, 3.29264404296875e+02, 3.240473022460938e+02, 3.130947265625e+02, 3.2031787109375e+02, 3.285028991699219e+02, 3.40791748046875e+02, 3.415951538085938e+02, 3.413639526367188e+02, 3.411339111328125e+02, 3.40905029296875e+02, 3.406773071289062e+02, 3.404507141113281e+02, 3.390303649902344e+02, 3.356297302246094e+02, 3.299356689453125e+02, 3.222814331054688e+02, 3.124247741699219e+02, 3.199470825195312e+02, 3.259728393554688e+02, 3.369163513183594e+02, 3.416356811523438e+02, 3.414041748046875e+02, 3.41173828125e+02, 3.409446411132812e+02, 3.407166137695312e+02, 3.4048974609375e+02, 3.39323974609375e+02, 3.341592712402343e+02, 3.221546630859375e+02, 3.162038269042969e+02, 3.229283447265625e+02, 3.284839172363281e+02, 3.332049865722656e+02, 3.368383178710938e+02, 3.366315002441406e+02, 3.364256591796875e+02, 3.362208557128906e+02, 3.360170593261719e+02, 3.358142395019531e+02, 3.356124267578125e+02, 3.354111022949219e+02, 3.310505676269531e+02, 3.165052795410156e+02, 3.165779113769531e+02, 3.221410522460938e+02, 3.266550903320312e+02, 3.302231750488281e+02, 3.327281799316406e+02, 3.422647705078125e+02, 3.420302734375e+02, 3.417969360351562e+02, 3.415630798339844e+02, 3.41325927734375e+02, 3.410724182128906e+02, 3.403576049804688e+02, 3.289635314941406e+02, 3.2382080078125e+02, 3.220365600585938e+02, 3.297837524414062e+02, 3.383435668945312e+02, 3.386572875976562e+02, 3.371373596191406e+02, 3.356708374023438e+02, 3.354537048339844e+02, 3.352376403808594e+02, 3.350225830078125e+02, 3.348085632324219e+02, 3.345896301269531e+02, 3.343444519042969e+02, 3.282236633300781e+02, 3.240813293457031e+02, 3.213760375976562e+02, 3.259708862304688e+02, 3.299587707519531e+02, 3.335623168945312e+02, 3.347142333984375e+02, 3.338790588378906e+02, 3.336810302734375e+02, 3.334825439453125e+02, 3.332690124511719e+02, 3.329075317382812e+02, 3.318862915039062e+02, 3.297061157226562e+02, 3.173988037109375e+02, 3.12251220703125e+02, 3.144576721191406e+02, 3.178378601074219e+02, 3.24862548828125e+02, 3.321036376953125e+02, 3.363812561035156e+02, 3.354708862304688e+02, 3.352225341796875e+02, 3.3501904296875e+02, 3.348164978027344e+02]
tan.vol[2].T=[2.931499938964844e+02, 3.101405639648438e+02, 3.240060119628906e+02, 3.369990234375e+02, 3.399849243164062e+02, 3.356661071777344e+02, 3.277277526855469e+02, 3.218976745605469e+02, 3.159488830566406e+02, 3.131324157714844e+02, 3.187486877441406e+02, 3.2730615234375e+02, 3.39265625e+02, 3.400823669433594e+02, 3.398884582519531e+02, 3.396950988769531e+02, 3.395022583007812e+02, 3.393099975585938e+02, 3.391182556152344e+02, 3.37348388671875e+02, 3.313523559570312e+02, 3.230144653320312e+02, 3.142487182617188e+02, 3.123612060546875e+02, 3.186990966796875e+02, 3.249412231445312e+02, 3.350933532714844e+02, 3.400975952148438e+02, 3.399040222167969e+02, 3.397109985351562e+02, 3.395184936523438e+02, 3.393265075683594e+02, 3.391350708007812e+02, 3.377984619140625e+02, 3.290111999511718e+02, 3.144909057617188e+02, 3.155005798339844e+02, 3.2193212890625e+02, 3.275405883789062e+02, 3.324283142089844e+02, 3.361632080078125e+02, 3.359848937988281e+02, 3.358070983886719e+02, 3.356297912597656e+02, 3.354530334472656e+02, 3.352767944335938e+02, 3.3510107421875e+02, 3.349253845214844e+02, 3.266636352539062e+02, 3.157646789550781e+02, 3.157305603027344e+02, 3.211669006347656e+02, 3.260122985839844e+02, 3.29721923828125e+02, 3.323084411621094e+02, 3.406607360839844e+02, 3.404604187011719e+02, 3.402607421875e+02, 3.400595397949219e+02, 3.39852783203125e+02, 3.396222839355469e+02, 3.387532348632812e+02, 3.232384948730469e+02, 3.234974975585938e+02, 3.210481262207031e+02, 3.285903930664062e+02, 3.37091552734375e+02, 3.375193481445312e+02, 3.348854064941406e+02, 3.321997985839844e+02, 3.320067443847656e+02, 3.318145446777344e+02, 3.316231689453125e+02, 3.314326171875e+02, 3.312315979003906e+02, 3.309789123535156e+02, 3.245725708007812e+02, 3.241159057617188e+02, 3.207585754394531e+02, 3.252252502441406e+02, 3.291582336425781e+02, 3.329643859863282e+02, 3.344921569824219e+02, 3.325599060058594e+02, 3.323743896484375e+02, 3.321858520507812e+02, 3.319532470703125e+02, 3.313189086914062e+02, 3.291952514648438e+02, 3.252251892089844e+02, 3.169592895507812e+02, 3.095689392089844e+02, 3.127062377929688e+02, 3.169535827636719e+02, 3.236658325195312e+02, 3.310591430664062e+02, 3.358692932128906e+02, 3.342282409667969e+02, 3.339270935058594e+02, 3.337385559082031e+02, 3.335506591796875e+02]
tan.vol[3].T=[2.931499938964844e+02, 3.081792602539062e+02, 3.219237365722656e+02, 3.350106811523438e+02, 3.38024658203125e+02, 3.282521667480469e+02, 3.161793212890625e+02, 3.099281921386719e+02, 3.047728881835938e+02, 3.091697998046875e+02, 3.168243103027344e+02, 3.25863525390625e+02, 3.372958984375e+02, 3.381925964355469e+02, 3.380022888183594e+02, 3.378128051757812e+02, 3.376240844726562e+02, 3.374361267089844e+02, 3.372489624023438e+02, 3.3321337890625e+02, 3.214496459960938e+02, 3.111842956542969e+02, 3.037176818847656e+02, 3.116346740722656e+02, 3.170548095703125e+02, 3.23747802734375e+02, 3.325064086914062e+02, 3.382558288574219e+02, 3.380651550292969e+02, 3.378752746582031e+02, 3.376861572265625e+02, 3.374978637695312e+02, 3.373103332519531e+02, 3.343750915527344e+02, 3.184218444824218e+02, 3.049049682617188e+02, 3.154503479003906e+02, 3.205786437988281e+02, 3.264713134765625e+02, 3.315339660644531e+02, 3.353125e+02, 3.351361389160156e+02, 3.349603881835938e+02, 3.347853088378906e+02, 3.346108703613281e+02, 3.344371032714844e+02, 3.342639465332031e+02, 3.34090576171875e+02, 3.172615051269531e+02, 3.092325439453125e+02, 3.155182495117188e+02, 3.19853271484375e+02, 3.2512646484375e+02, 3.2905126953125e+02, 3.317795715332031e+02, 3.378822326660156e+02, 3.3769677734375e+02, 3.375120239257812e+02, 3.3732470703125e+02, 3.371288452148438e+02, 3.368975830078125e+02, 3.356744995117188e+02, 3.130528259277344e+02, 3.153313293457031e+02, 3.207786865234375e+02, 3.27183349609375e+02, 3.355848999023438e+02, 3.351681213378906e+02, 3.282712097167968e+02, 3.231063232421875e+02, 3.229607238769531e+02, 3.228158874511719e+02, 3.226717224121094e+02, 3.225282897949219e+02, 3.223655700683594e+02, 3.221114196777344e+02, 3.133524169921875e+02, 3.178854064941406e+02, 3.206716003417969e+02, 3.242559814453125e+02, 3.282912292480469e+02, 3.322723083496094e+02, 3.341769714355469e+02, 3.27271240234375e+02, 3.270989074707031e+02, 3.269177856445312e+02, 3.266233215332031e+02, 3.253605651855469e+02, 3.211706848144531e+02, 3.147468872070312e+02, 3.142492980957031e+02, 3.068023071289062e+02, 3.096377258300781e+02, 3.159186096191406e+02, 3.222084350585938e+02, 3.298351135253906e+02, 3.352543334960938e+02, 3.29532958984375e+02, 3.290332336425781e+02, 3.288527221679688e+02, 3.286731262207031e+02]
tan.vol[4].T=[2.931499938964844e+02, 3.050983581542969e+02, 3.189255676269531e+02, 3.321615295410156e+02, 3.352251892089844e+02, 3.169189758300781e+02, 3.060072937011719e+02, 3.019716186523438e+02, 2.990951232910156e+02, 3.021056213378906e+02, 3.145814208984375e+02, 3.237192993164062e+02, 3.342874145507812e+02, 3.352784729003906e+02, 3.351078796386719e+02, 3.349378051757812e+02, 3.347682189941406e+02, 3.3459912109375e+02, 3.344305419921875e+02, 3.246648864746094e+02, 3.100659790039062e+02, 3.02862548828125e+02, 2.990499572753906e+02, 3.070189819335938e+02, 3.149612731933594e+02, 3.219718933105469e+02, 3.295937194824219e+02, 3.353623046875e+02, 3.35191162109375e+02, 3.350205383300781e+02, 3.348504028320312e+02, 3.346807861328125e+02, 3.345116882324219e+02, 3.270369567871094e+02, 3.084338073730468e+02, 3.010485229492188e+02, 3.133188781738281e+02, 3.186546936035156e+02, 3.2488720703125e+02, 3.30193115234375e+02, 3.340497436523438e+02, 3.338758544921875e+02, 3.337025756835938e+02, 3.335299682617188e+02, 3.333580017089844e+02, 3.331866455078125e+02, 3.330159301757812e+02, 3.328439025878906e+02, 3.0846875e+02, 3.040033264160156e+02, 3.136006164550781e+02, 3.180967712402344e+02, 3.236309509277344e+02, 3.27911376953125e+02, 3.309526977539062e+02, 3.347646484375e+02, 3.346002807617188e+02, 3.344363403320312e+02, 3.342702026367188e+02, 3.340960998535156e+02, 3.33883056640625e+02, 3.309625549316406e+02, 3.075259094238281e+02, 3.086498718261719e+02, 3.196146545410156e+02, 3.252369384765625e+02, 3.334617614746094e+02, 3.294830322265625e+02, 3.166640319824218e+02, 3.109510803222656e+02, 3.108861389160156e+02, 3.108212890625e+02, 3.107565307617188e+02, 3.106918334960938e+02, 3.1060791015625e+02, 3.104346618652344e+02, 3.035125427246094e+02, 3.072961730957031e+02, 3.193780822753906e+02, 3.228567504882812e+02, 3.271094360351562e+02, 3.312179260253907e+02, 3.330052795410157e+02, 3.168099670410156e+02, 3.167061157226562e+02, 3.165897827148438e+02, 3.163218078613281e+02, 3.147637939453125e+02, 3.096637268066406e+02, 3.03309326171875e+02, 3.081590881347656e+02, 3.065982971191406e+02, 3.074259033203125e+02, 3.138668823242188e+02, 3.202135314941406e+02, 3.279247741699219e+02, 3.340617370605469e+02, 3.192601623535156e+02, 3.186526489257812e+02, 3.185347900390625e+02, 3.184175720214844e+02]
tan.vol[5].T=[2.931499938964844e+02, 3.025147094726562e+02, 3.16595703125e+02, 3.299516296386719e+02, 3.330389404296875e+02, 3.068204040527344e+02, 3.006993103027344e+02, 2.983388977050781e+02, 2.967586059570312e+02, 2.985151672363281e+02, 3.128928833007812e+02, 3.220059204101562e+02, 3.320437316894531e+02, 3.3301123046875e+02, 3.328362121582031e+02, 3.326619873046875e+02, 3.324884948730469e+02, 3.323157653808594e+02, 3.321437377929688e+02, 3.124715881347656e+02, 3.028582763671875e+02, 2.992510681152344e+02, 2.973532409667969e+02, 3.030338134765625e+02, 3.134124450683594e+02, 3.205354309082031e+02, 3.278122253417969e+02, 3.330711669921875e+02, 3.328960266113281e+02, 3.327216796875e+02, 3.325480651855469e+02, 3.323751831054688e+02, 3.322030639648438e+02, 3.156748352050781e+02, 3.032545166015625e+02, 2.994801940917969e+02, 3.103814697265625e+02, 3.172581176757812e+02, 3.236040649414062e+02, 3.291053161621094e+02, 3.31973388671875e+02, 3.318016662597656e+02, 3.316306762695312e+02, 3.314603576660156e+02, 3.312907409667969e+02, 3.31121826171875e+02, 3.3095361328125e+02, 3.307535400390625e+02, 3.042026672363281e+02, 3.022089538574219e+02, 3.110710144042969e+02, 3.16841552734375e+02, 3.224114379882812e+02, 3.269654846191406e+02, 3.3027294921875e+02, 3.331000061035156e+02, 3.329214172363281e+02, 3.327436218261719e+02, 3.325206909179688e+02, 3.321678466796875e+02, 3.313017272949219e+02, 3.198916320800781e+02, 3.058987121582031e+02, 3.064407958984375e+02, 3.176978149414062e+02, 3.238038635253906e+02, 3.318481140136719e+02, 3.17268798828125e+02, 3.054238281249999e+02, 3.023648681640625e+02, 3.023518981933594e+02, 3.023386840820312e+02, 3.023252258300781e+02, 3.023115844726562e+02, 3.022752990722656e+02, 3.021324462890625e+02, 3.013920593261719e+02, 3.030170593261719e+02, 3.169761047363281e+02, 3.218402099609375e+02, 3.261768188476562e+02, 3.303431701660157e+02, 3.272080078125005e+02, 3.067059020996094e+02, 3.066829223632812e+02, 3.066419677734375e+02, 3.063890075683594e+02, 3.044605102539062e+02, 2.998866577148438e+02, 2.959096374511719e+02, 3.043185729980469e+02, 3.065096740722656e+02, 3.067225036621094e+02, 3.120431213378906e+02, 3.18736083984375e+02, 3.263971862792969e+02, 3.329709167480469e+02, 3.076437683105469e+02, 3.072904052734375e+02, 3.072717590332031e+02, 3.072526550292969e+02]
temSup.T=[2.931499938964844e+02, 2.931499938964844e+02, 2.931499938964844e+02, 2.931499938964844e+02, 2.931499938964844e+02, 3.256188354492188e+02, 3.230475463867188e+02, 3.206226806640625e+02, 3.187970581054688e+02, 3.099667358398438e+02, 3.183975830078125e+02, 3.191351623535156e+02, 3.193424987792969e+02, 3.193424987792969e+02, 3.193424987792969e+02, 3.193424987792969e+02, 3.193424987792969e+02, 3.193424987792969e+02, 3.193424987792969e+02, 3.179632873535156e+02, 3.170766296386719e+02, 3.158734130859375e+02, 3.158558959960938e+02, 3.132068786621094e+02, 3.168093872070312e+02, 3.179489135742188e+02, 3.168846740722656e+02, 3.168846740722656e+02, 3.168846740722656e+02, 3.168846740722656e+02, 3.168846740722656e+02, 3.168846435546875e+02, 3.168846435546875e+02, 3.203175964355469e+02, 3.212332153320312e+02, 3.208263549804688e+02, 3.18020263671875e+02, 3.198740234375e+02, 3.198624267578125e+02, 3.1985791015625e+02, 3.198333435058594e+02, 3.198333435058594e+02, 3.198333435058594e+02, 3.198333435058594e+02, 3.198333435058594e+02, 3.198333435058594e+02, 3.198333435058594e+02, 3.104440002441406e+02, 3.194959411621094e+02, 3.131069641113281e+02, 3.181324768066406e+02, 3.178910827636719e+02, 3.183877563476562e+02, 3.198887329101562e+02, 3.214697265625e+02, 3.217309875488281e+02, 3.217309875488281e+02, 3.217309875488281e+02, 3.141383666992188e+02, 3.144350891113281e+02, 3.180657043457031e+02, 3.208478698730469e+02, 3.199496154785156e+02, 3.156688232421875e+02, 3.240575866699219e+02, 3.230083618164062e+02, 3.209706420898438e+02, 3.208121948242188e+02, 3.218486938476562e+02, 3.222323608398438e+02, 3.222323608398438e+02, 3.222323608398438e+02, 3.222323608398438e+02, 3.222323608398438e+02, 3.20073486328125e+02, 3.204105224609375e+02, 3.16895263671875e+02, 3.146904907226562e+02, 3.225741882324219e+02, 3.269648132324219e+02, 3.270079345703125e+02, 3.277622680664062e+02, 3.301795959472656e+02, 3.31680419921875e+02, 3.31680419921875e+02, 3.230526733398438e+02, 3.240528259277344e+02, 3.247023620605469e+02, 3.253436584472656e+02, 3.262285766601562e+02, 3.176160278320312e+02, 3.172078857421875e+02, 3.155155639648438e+02, 3.190267944335938e+02, 3.264174194335938e+02, 3.288745727539062e+02, 3.310130310058594e+02, 3.325216979980469e+02, 3.325504760742188e+02, 3.325504760742188e+02, 3.325504760742188e+02]
temRet.T=[2.931499938964844e+02, 2.931499938964844e+02, 2.931499938964844e+02, 2.931499938964844e+02, 2.931499938964844e+02, 2.986968383789062e+02, 2.966675720214844e+02, 2.952355651855469e+02, 2.950697021484375e+02, 2.951539001464844e+02, 2.955013732910156e+02, 2.955940551757812e+02, 2.958265380859375e+02, 2.958265380859375e+02, 2.958265380859375e+02, 2.958265380859375e+02, 2.958265380859375e+02, 2.958265380859375e+02, 2.958265380859375e+02, 2.981251220703125e+02, 2.980570678710938e+02, 2.970021362304688e+02, 2.959506225585938e+02, 2.96412841796875e+02, 2.967605590820312e+02, 2.9707177734375e+02, 2.970589294433594e+02, 2.970589294433594e+02, 2.970589294433594e+02, 2.970589294433594e+02, 2.970589294433594e+02, 2.970589294433594e+02, 2.970589294433594e+02, 3.009111633300781e+02, 3.000191040039062e+02, 2.978384094238281e+02, 2.977100219726562e+02, 2.969098205566406e+02, 2.97143310546875e+02, 2.976183166503906e+02, 2.97764892578125e+02, 2.97764892578125e+02, 2.97764892578125e+02, 2.97764892578125e+02, 2.97764892578125e+02, 2.97764892578125e+02, 2.97764892578125e+02, 2.918054504394531e+02, 3.016217041015625e+02, 2.998180541992188e+02, 2.982862243652344e+02, 2.977243347167969e+02, 2.982047119140625e+02, 2.987591552734375e+02, 2.991293029785156e+02, 2.99185302734375e+02, 2.99185302734375e+02, 2.99185302734375e+02, 2.917849731445312e+02, 2.891347961425781e+02, 2.8870068359375e+02, 2.90341552734375e+02, 3.054003601074219e+02, 3.024532775878906e+02, 2.979749145507812e+02, 2.958741760253906e+02, 2.951652221679688e+02, 2.959565124511719e+02, 2.967397766113281e+02, 2.969473876953125e+02, 2.969473876953125e+02, 2.969473876953125e+02, 2.969473876953125e+02, 2.969473876953125e+02, 2.9130908203125e+02, 2.89021484375e+02, 3.045010070800781e+02, 3.022745056152344e+02, 2.980865478515625e+02, 2.974458618164062e+02, 2.97291259765625e+02, 2.97503662109375e+02, 2.985653686523438e+02, 2.990925903320312e+02, 2.990925903320312e+02, 2.933715515136719e+02, 2.889991455078125e+02, 2.890830383300781e+02, 2.904091186523438e+02, 2.905773315429688e+02, 3.067079162597656e+02, 3.056606140136719e+02, 3.007417297363281e+02, 2.9807373046875e+02, 2.959885559082031e+02, 2.95583984375e+02, 2.968768920898438e+02, 2.977218017578125e+02, 2.977437133789062e+02, 2.977437133789062e+02, 2.977437133789062e+02]
boi.T=[2.931499938964844e+02, 3.145201416015625e+02, 3.280221862792969e+02, 3.408175048828125e+02, 2.944111022949219e+02, 2.88501220703125e+02, 2.881697082519531e+02, 2.881510925292969e+02, 2.881500549316406e+02, 3.099490661621094e+02, 3.220862731933594e+02, 3.299608459472656e+02, 3.428181762695312e+02, 2.920486450195312e+02, 2.8836865234375e+02, 2.881622619628906e+02, 2.881506958007812e+02, 2.881500244140625e+02, 2.881499938964844e+02, 2.881499938964844e+02, 2.881499938964844e+02, 2.881499938964844e+02, 2.881499938964844e+02, 3.131955261230469e+02, 3.213544921875e+02, 3.27315673828125e+02, 3.388091430664062e+02, 2.985199279785156e+02, 2.887317810058594e+02, 2.881826171875e+02, 2.881518249511719e+02, 2.881501159667969e+02, 2.881499938964844e+02, 2.881499938964844e+02, 2.881499938964844e+02, 2.881499938964844e+02, 3.180108947753906e+02, 3.241796264648438e+02, 3.296886596679688e+02, 3.342142639160156e+02, 3.195914611816406e+02, 2.899136657714844e+02, 2.882489929199219e+02, 2.881555786132812e+02, 2.881502990722656e+02, 2.881500244140625e+02, 2.881499938964844e+02, 2.881499938964844e+02, 2.881499938964844e+02, 3.130946350097656e+02, 3.181250610351562e+02, 3.2331591796875e+02, 3.277335815429688e+02, 3.308651428222656e+02, 3.332343444824219e+02, 3.069907531738281e+02, 2.892069091796875e+02, 2.882092590332031e+02, 2.881533203125e+02, 2.881501770019531e+02, 2.881500244140625e+02, 2.881499938964844e+02, 3.169969787597656e+02, 3.15665283203125e+02, 3.240619506835938e+02, 3.313590698242188e+02, 3.399105529785156e+02, 2.925771789550781e+02, 2.883984069824219e+02, 2.881639404296875e+02, 2.881507873535156e+02, 2.881500549316406e+02, 2.881499938964844e+02, 2.881499938964844e+02, 2.881499938964844e+02, 2.881499938964844e+02, 3.166830444335938e+02, 3.146865234375e+02, 3.225445556640625e+02, 3.269473266601562e+02, 3.310436706542969e+02, 3.342635803222656e+02, 3.208291015625011e+02, 2.89983154296875e+02, 2.882528381347656e+02, 2.8815576171875e+02, 2.881503295898438e+02, 2.881500244140625e+02, 2.881499938964844e+02, 2.881499938964844e+02, 3.178868408203125e+02, 3.178079528808594e+02, 3.155079956054688e+02, 3.190191040039062e+02, 3.263911743164062e+02, 3.335162353515625e+02, 3.370509338378906e+02, 2.911305236816406e+02, 2.883171997070312e+02, 2.881593933105469e+02, 2.881505432128906e+02]
val1.y=[0e+00, 0e+00, 0e+00, 0e+00, 0e+00, 3.816389441490173e-01, 2.165077775716782e-01, 1.152327135205271e-01, 1.31505623459816e-01, 3.264753222465515e-01, 2.102317810058594e-01, 2.38658532500267e-01, 0e+00, 0e+00, 0e+00, 0e+00, 0e+00, 0e+00, 0e+00, 4.056711494922638e-01, 4.157829582691193e-01, 3.819626271724701e-01, 2.523316442966461e-01, 3.188381195068359e-01, 3.40767502784729e-01, 3.487076461315155e-01, 0e+00, 0e+00, 0e+00, 0e+00, 0e+00, 0e+00, 0e+00, 4.952183961868286e-01, 4.772788286209104e-01, 3.802271485328674e-01, 3.681865930557251e-01, 3.097993731498718e-01, 3.389982283115387e-01, 3.689491450786591e-01, 0e+00, 0e+00, 0e+00, 0e+00, 0e+00, 0e+00, 0e+00, 7.187875360250473e-02, 5.592978596687317e-01, 5.479388833045959e-01, 4.197571575641632e-01, 3.703403770923615e-01, 4.059552848339081e-01, 4.307046830654144e-01, 4.346458315849304e-01, 0e+00, 0e+00, 0e+00, 1.18085078895092e-01, 2.340951859951019e-01, 4.642872512340546e-01, 1.588761657476425e-01, 8.383675813674927e-01, 6.444440484046936e-01, 3.43329906463623e-01, 1.990198940038681e-01, 8.689507097005844e-02, 2.481934726238251e-01, 3.001578450202945e-01, 0e+00, 0e+00, 0e+00, 0e+00, 0e+00, 1.53205394744873e-01, 3.204163014888763e-01, 7.053016424179077e-01, 6.547707915306091e-01, 4.345798492431641e-01, 3.175318539142609e-01, 3.002291917800903e-01, 3.248798847198492e-01, 3.649071156978607e-01, 0e+00, 0e+00, 1.227100938558578e-01, 3.649463653564453e-01, 1.795812547206879e-01, 1.479510366916656e-01, 1.724168807268143e-01, 1e+00, 7.820847034454346e-01, 5.704206228256226e-01, 3.985683023929596e-01, 1.797673553228378e-01, 1.370043158531189e-01, 2.707836627960205e-01, 3.103705644607544e-01, 0e+00, 0e+00, 0e+00]
val2.y=[0e+00, 0e+00, 0e+00, 0e+00, 0e+00, 2.759686410427094e-01, 6.450392305850983e-02, 1.171074714511635e-02, 1.136252954602242e-01, 2.142044901847839e-01, 1.411940306425095e-01, 1.705025285482407e-01, 0e+00, 0e+00, 0e+00, 0e+00, 0e+00, 0e+00, 0e+00, 3.535730540752411e-01, 3.261707425117493e-01, 2.381036877632141e-01, 2.394609004259109e-01, 3.110546171665192e-01, 2.763018012046814e-01, 2.834463119506836e-01, 0e+00, 0e+00, 0e+00, 0e+00, 0e+00, 0e+00, 0e+00, 4.322208762168884e-01, 3.890193104743955e-01, 2.937130928039551e-01, 3.365114331245422e-01, 2.964680194854736e-01, 2.881627082824707e-01, 3.109846413135529e-01, 0e+00, 0e+00, 0e+00, 0e+00, 0e+00, 0e+00, 0e+00, 0e+00, 4.698845148086548e-01, 4.490078687667847e-01, 3.441922068595886e-01, 3.561016619205475e-01, 3.563471734523773e-01, 3.72611939907074e-01, 3.751989006996155e-01, 0e+00, 0e+00, 0e+00, 0e+00, 0e+00, 0e+00, 5.483444314450026e-03, 6.48720920085907e-01, 4.534736275672913e-01, 1.976348161697388e-01, 1.726823002099991e-01, 1.507775336503983e-01, 2.154448330402374e-01, 2.496317178010943e-01, 0e+00, 0e+00, 0e+00, 0e+00, 0e+00, 0e+00, 0e+00, 6.068010926246643e-01, 4.61755782365799e-01, 2.486476004123688e-01, 2.59932279586792e-01, 2.606586515903473e-01, 2.674296796321874e-01, 2.952398061752319e-01, 0e+00, 0e+00, 0e+00, 0e+00, 0e+00, 4.701476544141769e-03, 7.685071788728237e-03, 1e+00, 5.66209077835083e-01, 3.713537454605103e-01, 3.181456625461578e-01, 1.766066700220108e-01, 1.604045480489731e-01, 2.35715240240097e-01, 2.608040273189545e-01, 0e+00, 0e+00, 0e+00]
>>>>>>> master
