<<<<<<< HEAD
last-generated=2021-12-22
statistics-initialization=
{
  "linear": "0, 0, 0, 0, 0",
  "nonlinear": "1, 5, 2, 5, 2, 5, 2, 5, 2, 1, 1, 2, 0, 0, 0, 2, 0, 0, 0, 0, 1, 1",
=======
last-generated=2024-09-13
statistics-initialization=
{
  "linear": "0",
  "nonlinear": "1, 5, 2, 5, 2, 5, 2, 5, 2, 1, 1, 0, 2, 0, 0, 0, 1, 3, 0, 0, 1",
>>>>>>> master
  "numerical Jacobians": "0"
}
statistics-simulation=
{
<<<<<<< HEAD
  "linear": "0, 0, 0, 0, 0, 3, 0, 0, 0, 4, 3, 0, 0, 0, 3, 0, 0, 0, 3, 0, 0, 0",
  "nonlinear": "1, 0, 0, 0, 2, 0, 0, 1, 1, 0, 1, 0, 0, 1",
  "number of continuous time states": "167",
  "numerical Jacobians": "0"
}
time=[0e+00, 1.728e+05]
flo.sou.air.vol.T=[2.931499938964844e+02, 2.923387451171875e+02, 2.92256103515625e+02, 2.921856384277344e+02, 2.920541076660156e+02, 2.919562072753906e+02, 2.918962707519531e+02, 2.918054504394531e+02, 2.916697692871094e+02, 2.915918884277344e+02, 2.91586669921875e+02, 2.914847717285156e+02, 2.921069946289062e+02, 2.913915710449219e+02, 2.927574157714844e+02, 2.928108215332031e+02, 2.927998046875e+02, 2.930065307617188e+02, 2.934711303710938e+02, 2.932800903320312e+02, 2.932183227539062e+02, 2.932621154785156e+02, 2.933354187011719e+02, 2.93393798828125e+02, 2.936204528808594e+02, 2.939960021972656e+02, 2.9395556640625e+02, 2.939299926757812e+02, 2.940377502441406e+02, 2.940223388671875e+02, 2.940072021484375e+02, 2.939903869628906e+02, 2.939547119140625e+02, 2.939074401855469e+02, 2.938609924316406e+02, 2.938257446289062e+02, 2.937319030761719e+02, 2.935347900390625e+02, 2.933803405761719e+02, 2.931607360839844e+02, 2.931565246582031e+02, 2.930370178222656e+02, 2.93046142578125e+02, 2.932840576171875e+02, 2.932736511230469e+02, 2.931907653808594e+02, 2.927864379882812e+02, 2.926729736328125e+02, 2.925783081054688e+02, 2.925112915039062e+02, 2.924520263671875e+02, 2.9239208984375e+02, 2.923585815429688e+02, 2.922364501953125e+02, 2.921358337402344e+02, 2.920941772460938e+02, 2.920427551269531e+02, 2.920455017089844e+02, 2.921275329589844e+02, 2.920755615234375e+02, 2.918345947265625e+02, 2.9181103515625e+02, 2.926370849609375e+02, 2.920906372070312e+02, 2.931984252929688e+02, 2.931560974121094e+02, 2.9315283203125e+02, 2.931976623535156e+02, 2.932384948730469e+02, 2.93171630859375e+02, 2.931720886230469e+02, 2.931629028320312e+02, 2.931630249023438e+02, 2.931655578613281e+02, 2.931671447753906e+02, 2.93166748046875e+02, 2.931685485839844e+02, 2.931668701171875e+02, 2.931506652832031e+02, 2.93135986328125e+02, 2.931471557617188e+02, 2.931461791992188e+02, 2.931412048339844e+02, 2.931423645019531e+02, 2.931398010253906e+02, 2.929709777832031e+02, 2.932323303222656e+02, 2.93091796875e+02, 2.931144409179688e+02, 2.931128845214844e+02, 2.9246337890625e+02, 2.923612976074219e+02, 2.922991333007812e+02, 2.922638854980469e+02, 2.922704467773438e+02, 2.923691101074219e+02, 2.924248352050781e+02, 2.924095153808594e+02, 2.924038696289062e+02, 2.923307189941406e+02, 2.922803649902344e+02]
flo.eas.air.vol.T=[2.931499938964844e+02, 2.923703308105469e+02, 2.922922973632812e+02, 2.922266235351562e+02, 2.921617126464844e+02, 2.920953979492188e+02, 2.92042236328125e+02, 2.919826965332031e+02, 2.919058532714844e+02, 2.918389892578125e+02, 2.917880554199219e+02, 2.9173486328125e+02, 2.925763854980469e+02, 2.911333312988281e+02, 2.931103820800781e+02, 2.931772155761719e+02, 2.931626892089844e+02, 2.932628173828125e+02, 2.932507019042969e+02, 2.932092895507812e+02, 2.931702575683594e+02, 2.931646728515625e+02, 2.931556701660156e+02, 2.931510925292969e+02, 2.931467590332031e+02, 2.931475219726562e+02, 2.93158935546875e+02, 2.931561279296875e+02, 2.931582641601562e+02, 2.931558532714844e+02, 2.931471862792969e+02, 2.931465759277344e+02, 2.931466979980469e+02, 2.931474609375e+02, 2.931479797363281e+02, 2.931505737304688e+02, 2.930848083496094e+02, 2.931216735839844e+02, 2.931202392578125e+02, 2.931175231933594e+02, 2.927711791992188e+02, 2.927238464355469e+02, 2.926194458007812e+02, 2.926301574707031e+02, 2.926537475585938e+02, 2.925126647949219e+02, 2.925330505371094e+02, 2.924915771484375e+02, 2.924403991699219e+02, 2.923956909179688e+02, 2.923550415039062e+02, 2.923095397949219e+02, 2.922562866210938e+02, 2.922114562988281e+02, 2.921717834472656e+02, 2.92137451171875e+02, 2.920988464355469e+02, 2.920621643066406e+02, 2.919237365722656e+02, 2.919073791503906e+02, 2.919945373535156e+02, 2.919713745117188e+02, 2.929202880859375e+02, 2.922713928222656e+02, 2.93197998046875e+02, 2.931586303710938e+02, 2.931553955078125e+02, 2.931950988769531e+02, 2.932141723632812e+02, 2.931581420898438e+02, 2.931669311523438e+02, 2.931604309082031e+02, 2.931604614257812e+02, 2.931602783203125e+02, 2.931602172851562e+02, 2.931594848632812e+02, 2.931608276367188e+02, 2.931609191894531e+02, 2.931458740234375e+02, 2.931441345214844e+02, 2.931494140625e+02, 2.931495666503906e+02, 2.931480712890625e+02, 2.931475219726562e+02, 2.931452941894531e+02, 2.93146484375e+02, 2.931203918457031e+02, 2.931236267089844e+02, 2.931255493164062e+02, 2.931246337890625e+02, 2.924183654785156e+02, 2.923626403808594e+02, 2.923397521972656e+02, 2.922516174316406e+02, 2.921766967773438e+02, 2.921610717773438e+02, 2.921941528320312e+02, 2.923631896972656e+02, 2.924005737304688e+02, 2.923567504882812e+02, 2.922849426269531e+02]
flo.nor.air.vol.T=[2.931499938964844e+02, 2.923391723632812e+02, 2.922562866210938e+02, 2.921845703125e+02, 2.921149291992188e+02, 2.920443725585938e+02, 2.919866638183594e+02, 2.919234619140625e+02, 2.9184423828125e+02, 2.917741088867188e+02, 2.917183532714844e+02, 2.9166259765625e+02, 2.923556518554688e+02, 2.912413330078125e+02, 2.927766418457031e+02, 2.928313598632812e+02, 2.928001708984375e+02, 2.928687133789062e+02, 2.931289367675781e+02, 2.933142395019531e+02, 2.931766967773438e+02, 2.931685791015625e+02, 2.931682434082031e+02, 2.931714172363281e+02, 2.931710815429688e+02, 2.931600646972656e+02, 2.9316650390625e+02, 2.931644592285156e+02, 2.931720581054688e+02, 2.931627197265625e+02, 2.931533203125e+02, 2.931516723632812e+02, 2.931509399414062e+02, 2.931510620117188e+02, 2.931510009765625e+02, 2.931537475585938e+02, 2.930942687988281e+02, 2.93110595703125e+02, 2.931081237792969e+02, 2.930994262695312e+02, 2.925199279785156e+02, 2.924581909179688e+02, 2.924268188476562e+02, 2.923846740722656e+02, 2.924064331054688e+02, 2.923544921875e+02, 2.922983703613281e+02, 2.922525024414062e+02, 2.922027587890625e+02, 2.921599426269531e+02, 2.921217041015625e+02, 2.920784301757812e+02, 2.92025634765625e+02, 2.919828796386719e+02, 2.919468383789062e+02, 2.919146423339844e+02, 2.918773498535156e+02, 2.918485717773438e+02, 2.918260192871094e+02, 2.918100891113281e+02, 2.917826232910156e+02, 2.917612915039062e+02, 2.925479736328125e+02, 2.921578369140625e+02, 2.927990417480469e+02, 2.928257751464844e+02, 2.9285302734375e+02, 2.929309387207031e+02, 2.9320654296875e+02, 2.9325048828125e+02, 2.931815185546875e+02, 2.931709289550781e+02, 2.931694946289062e+02, 2.931688232421875e+02, 2.931682739257812e+02, 2.931679077148438e+02, 2.931661987304688e+02, 2.931681518554688e+02, 2.931569519042969e+02, 2.931431579589844e+02, 2.931507873535156e+02, 2.931512145996094e+02, 2.931486511230469e+02, 2.931481018066406e+02, 2.931449279785156e+02, 2.931455383300781e+02, 2.931116638183594e+02, 2.931112670898438e+02, 2.931132202148438e+02, 2.931111755371094e+02, 2.925322265625e+02, 2.924344482421875e+02, 2.92394775390625e+02, 2.923569641113281e+02, 2.92323486328125e+02, 2.923067626953125e+02, 2.923019104003906e+02, 2.922399597167969e+02, 2.922848815917969e+02, 2.922503967285156e+02, 2.920181884765625e+02]
flo.wes.air.vol.T=[2.931499938964844e+02, 2.920690002441406e+02, 2.919849853515625e+02, 2.919227600097656e+02, 2.918761901855469e+02, 2.918443908691406e+02, 2.918473510742188e+02, 2.917918701171875e+02, 2.916938171386719e+02, 2.916220397949219e+02, 2.915426940917969e+02, 2.915182800292969e+02, 2.923185119628906e+02, 2.912542114257812e+02, 2.928561706542969e+02, 2.928963623046875e+02, 2.928696899414062e+02, 2.929393615722656e+02, 2.931886596679688e+02, 2.932689819335938e+02, 2.931711120605469e+02, 2.931672058105469e+02, 2.931673583984375e+02, 2.931706237792969e+02, 2.931701965332031e+02, 2.931607360839844e+02, 2.931703491210938e+02, 2.931675109863281e+02, 2.931734619140625e+02, 2.931689147949219e+02, 2.93165771484375e+02, 2.931571350097656e+02, 2.931496276855469e+02, 2.931466369628906e+02, 2.931441040039062e+02, 2.93150390625e+02, 2.930904541015625e+02, 2.931148681640625e+02, 2.931130676269531e+02, 2.931062927246094e+02, 2.926360778808594e+02, 2.9259326171875e+02, 2.925601806640625e+02, 2.9253125e+02, 2.925365600585938e+02, 2.924876098632812e+02, 2.924349365234375e+02, 2.9238916015625e+02, 2.92339599609375e+02, 2.922973937988281e+02, 2.922596435546875e+02, 2.922182006835938e+02, 2.921692810058594e+02, 2.921268615722656e+02, 2.920890502929688e+02, 2.920579528808594e+02, 2.920221252441406e+02, 2.919948425292969e+02, 2.919716491699219e+02, 2.919559631347656e+02, 2.919268188476562e+02, 2.919053649902344e+02, 2.926546936035156e+02, 2.921589660644531e+02, 2.929681701660156e+02, 2.929961242675781e+02, 2.930280456542969e+02, 2.931098327636719e+02, 2.9330322265625e+02, 2.931810607910156e+02, 2.931724243164062e+02, 2.9316650390625e+02, 2.931659851074219e+02, 2.931655578613281e+02, 2.931653747558594e+02, 2.931651306152344e+02, 2.931662292480469e+02, 2.931679382324219e+02, 2.931542663574219e+02, 2.931457824707031e+02, 2.931526794433594e+02, 2.931519470214844e+02, 2.931476745605469e+02, 2.931469116210938e+02, 2.931434936523438e+02, 2.931432189941406e+02, 2.931137390136719e+02, 2.931156005859375e+02, 2.931182250976562e+02, 2.931167602539062e+02, 2.926190795898438e+02, 2.9253955078125e+02, 2.924994812011719e+02, 2.924615783691406e+02, 2.92428955078125e+02, 2.924140625e+02, 2.924099731445312e+02, 2.923990173339844e+02, 2.923992919921875e+02, 2.923648986816406e+02, 2.921724548339844e+02]
flo.cor.air.vol.T=[2.931499938964844e+02, 2.928603515625e+02, 2.928091735839844e+02, 2.92767578125e+02, 2.927240600585938e+02, 2.9268212890625e+02, 2.926537780761719e+02, 2.926150512695312e+02, 2.925574951171875e+02, 2.9250927734375e+02, 2.924747924804688e+02, 2.924361267089844e+02, 2.931320495605469e+02, 2.916917419433594e+02, 2.933533630371094e+02, 2.930919494628906e+02, 2.931492309570312e+02, 2.932007751464844e+02, 2.932421264648438e+02, 2.932251892089844e+02, 2.93152587890625e+02, 2.9315966796875e+02, 2.931599426269531e+02, 2.931609497070312e+02, 2.931728515625e+02, 2.931461486816406e+02, 2.931567687988281e+02, 2.931631164550781e+02, 2.932357788085938e+02, 2.931940307617188e+02, 2.931511840820312e+02, 2.931504516601562e+02, 2.931502380371094e+02, 2.931502075195312e+02, 2.931501770019531e+02, 2.931502685546875e+02, 2.931091918945312e+02, 2.930162353515625e+02, 2.930665893554688e+02, 2.93095703125e+02, 2.932945861816406e+02, 2.932694091796875e+02, 2.932408752441406e+02, 2.932196655273438e+02, 2.932213134765625e+02, 2.931860046386719e+02, 2.931436767578125e+02, 2.93108642578125e+02, 2.930703125e+02, 2.930360717773438e+02, 2.930046081542969e+02, 2.929738159179688e+02, 2.929418334960938e+02, 2.92905029296875e+02, 2.928682556152344e+02, 2.928416442871094e+02, 2.928125e+02, 2.927906799316406e+02, 2.927673950195312e+02, 2.927492065429688e+02, 2.92714599609375e+02, 2.926911010742188e+02, 2.935021057128906e+02, 2.921053161621094e+02, 2.931441955566406e+02, 2.931474609375e+02, 2.931495971679688e+02, 2.932076721191406e+02, 2.932568969726562e+02, 2.931222534179688e+02, 2.931605529785156e+02, 2.931577758789062e+02, 2.931577453613281e+02, 2.931554260253906e+02, 2.931567687988281e+02, 2.931570434570312e+02, 2.931446533203125e+02, 2.931553039550781e+02, 2.931962280273438e+02, 2.931633911132812e+02, 2.931624145507812e+02, 2.931619262695312e+02, 2.931626892089844e+02, 2.93161376953125e+02, 2.931592407226562e+02, 2.931606750488281e+02, 2.931014099121094e+02, 2.930367736816406e+02, 2.930704345703125e+02, 2.930941772460938e+02, 2.93240234375e+02, 2.931769409179688e+02, 2.931442565917969e+02, 2.931084594726562e+02, 2.930786437988281e+02, 2.930712890625e+02, 2.930734252929688e+02, 2.930733947753906e+02, 2.930771179199219e+02, 2.930512390136719e+02, 2.929739379882812e+02]
hvac.VAVBox[1].TSup=[2.931499938964844e+02, 2.931499938964844e+02, 2.931499938964844e+02, 2.931499938964844e+02, 2.931499938964844e+02, 2.931499938964844e+02, 2.931499938964844e+02, 2.931499938964844e+02, 2.931499938964844e+02, 2.931499938964844e+02, 2.931499938964844e+02, 2.931499938964844e+02, 2.961384582519531e+02, 2.9487890625e+02, 3.0105224609375e+02, 3.011524658203125e+02, 3.008409423828125e+02, 3.008505859375e+02, 2.993854064941406e+02, 2.933088989257812e+02, 2.912023315429688e+02, 2.892962341308594e+02, 2.873951721191406e+02, 2.854873962402344e+02, 2.8558349609375e+02, 2.849901123046875e+02, 2.851971435546875e+02, 2.853610229492188e+02, 2.856273193359375e+02, 2.857889709472656e+02, 2.857778015136719e+02, 2.857772521972656e+02, 2.857767028808594e+02, 2.857747497558594e+02, 2.8577294921875e+02, 2.857722778320312e+02, 2.852627868652344e+02, 2.851411437988281e+02, 2.851450500488281e+02, 2.851448974609375e+02, 2.854779968261719e+02, 2.854779968261719e+02, 2.854779663085938e+02, 2.854779663085938e+02, 2.854779357910156e+02, 2.854779357910156e+02, 2.854779663085938e+02, 2.854779663085938e+02, 2.854779968261719e+02, 2.854779968261719e+02, 2.854779968261719e+02, 2.854779968261719e+02, 2.854779663085938e+02, 2.854779968261719e+02, 2.854779968261719e+02, 2.854779968261719e+02, 2.854779968261719e+02, 2.854779968261719e+02, 2.854779968261719e+02, 2.8547802734375e+02, 2.8547802734375e+02, 2.854779968261719e+02, 2.9707763671875e+02, 2.978221130371094e+02, 3.001256408691406e+02, 2.995293884277344e+02, 2.993898010253906e+02, 2.991582641601562e+02, 2.96906005859375e+02, 2.94279296875e+02, 2.93587646484375e+02, 2.931008605957031e+02, 2.927597351074219e+02, 2.923265686035156e+02, 2.91881103515625e+02, 2.914339294433594e+02, 2.915579833984375e+02, 2.911255798339844e+02, 2.897837524414062e+02, 2.901140441894531e+02, 2.902734375e+02, 2.903388366699219e+02, 2.905196228027344e+02, 2.907098693847656e+02, 2.909133911132812e+02, 2.918602294921875e+02, 2.95111083984375e+02, 2.928346862792969e+02, 2.94136962890625e+02, 2.952805480957031e+02, 2.863834228515625e+02, 2.863834228515625e+02, 2.863834228515625e+02, 2.863833923339844e+02, 2.863834228515625e+02, 2.863834228515625e+02, 2.863834228515625e+02, 2.863834228515625e+02, 2.863834228515625e+02, 2.863833923339844e+02, 2.863833312988281e+02]
hvac.VAVBox[2].TSup=[2.931499938964844e+02, 2.931499938964844e+02, 2.931499938964844e+02, 2.931499938964844e+02, 2.931499938964844e+02, 2.931499938964844e+02, 2.931499938964844e+02, 2.931499938964844e+02, 2.931499938964844e+02, 2.931499938964844e+02, 2.931499938964844e+02, 2.931499938964844e+02, 2.961384582519531e+02, 2.907902526855469e+02, 3.0105224609375e+02, 3.005224609375e+02, 3.002692565917969e+02, 2.988708190917969e+02, 2.955158996582031e+02, 2.930283508300781e+02, 2.9229296875e+02, 2.918507080078125e+02, 2.916223754882812e+02, 2.915934448242188e+02, 2.917034301757812e+02, 2.918345031738281e+02, 2.921315612792969e+02, 2.920887451171875e+02, 2.913064575195312e+02, 2.912697448730469e+02, 2.912891540527344e+02, 2.913630676269531e+02, 2.914430847167969e+02, 2.915119934082031e+02, 2.915661315917969e+02, 2.915826110839844e+02, 2.915582275390625e+02, 2.927261657714844e+02, 2.93545654296875e+02, 2.945174865722656e+02, 2.862795104980469e+02, 2.862795104980469e+02, 2.862794799804688e+02, 2.862794799804688e+02, 2.862794799804688e+02, 2.862794799804688e+02, 2.862794799804688e+02, 2.862795104980469e+02, 2.862795104980469e+02, 2.862795104980469e+02, 2.862795104980469e+02, 2.862795104980469e+02, 2.862795104980469e+02, 2.862795104980469e+02, 2.862795104980469e+02, 2.862795104980469e+02, 2.86279541015625e+02, 2.862795104980469e+02, 2.862795104980469e+02, 2.86279541015625e+02, 2.86279541015625e+02, 2.862795104980469e+02, 2.9707763671875e+02, 2.991365966796875e+02, 3.000364074707031e+02, 2.995059204101562e+02, 2.993057250976562e+02, 2.989968872070312e+02, 2.973557434082031e+02, 2.955355529785156e+02, 2.949869079589844e+02, 2.945948791503906e+02, 2.942964782714844e+02, 2.939592895507812e+02, 2.936546325683594e+02, 2.933642272949219e+02, 2.934284973144531e+02, 2.93115966796875e+02, 2.9222900390625e+02, 2.924271545410156e+02, 2.925003662109375e+02, 2.925120239257812e+02, 2.925675354003906e+02, 2.926276245117188e+02, 2.927243347167969e+02, 2.928601379394531e+02, 2.932504577636719e+02, 2.941109924316406e+02, 2.948771667480469e+02, 2.956505737304688e+02, 2.864001159667969e+02, 2.864001159667969e+02, 2.864001159667969e+02, 2.864000854492188e+02, 2.864001159667969e+02, 2.864001159667969e+02, 2.864001159667969e+02, 2.864001159667969e+02, 2.864001159667969e+02, 2.864000854492188e+02, 2.864000244140625e+02]
hvac.VAVBox[3].TSup=[2.931499938964844e+02, 2.931499938964844e+02, 2.931499938964844e+02, 2.931499938964844e+02, 2.931499938964844e+02, 2.931499938964844e+02, 2.931499938964844e+02, 2.931499938964844e+02, 2.931499938964844e+02, 2.931499938964844e+02, 2.931499938964844e+02, 2.931499938964844e+02, 2.961384582519531e+02, 2.921626281738281e+02, 3.0105224609375e+02, 3.011524658203125e+02, 3.008409423828125e+02, 3.008505859375e+02, 3.008730773925781e+02, 2.995675354003906e+02, 2.979920959472656e+02, 2.974255981445312e+02, 2.969153442382812e+02, 2.963598937988281e+02, 2.95759521484375e+02, 2.952352294921875e+02, 2.953706665039062e+02, 2.950148620605469e+02, 2.936192932128906e+02, 2.933122863769531e+02, 2.931373291015625e+02, 2.930733032226562e+02, 2.930400390625e+02, 2.930140075683594e+02, 2.929861145019531e+02, 2.929226379394531e+02, 2.928526916503906e+02, 2.94359375e+02, 2.955587463378906e+02, 2.970039367675781e+02, 2.865950622558594e+02, 2.865950622558594e+02, 2.865950317382812e+02, 2.865950317382812e+02, 2.865950012207031e+02, 2.865950012207031e+02, 2.865950317382812e+02, 2.865950317382812e+02, 2.865950622558594e+02, 2.865950317382812e+02, 2.865950317382812e+02, 2.865950622558594e+02, 2.865950317382812e+02, 2.865950317382812e+02, 2.865950317382812e+02, 2.865950317382812e+02, 2.865950622558594e+02, 2.865950622558594e+02, 2.865950622558594e+02, 2.865950622558594e+02, 2.865950622558594e+02, 2.865950622558594e+02, 2.9707763671875e+02, 3.018388366699219e+02, 3.016725463867188e+02, 3.014173889160156e+02, 3.014057006835938e+02, 3.014501953125e+02, 3.015304565429688e+02, 2.989201049804688e+02, 2.975581359863281e+02, 2.968486938476562e+02, 2.962691040039062e+02, 2.956637878417969e+02, 2.951033630371094e+02, 2.945484619140625e+02, 2.945486145019531e+02, 2.940047302246094e+02, 2.925810852050781e+02, 2.92757080078125e+02, 2.928226928710938e+02, 2.927862548828125e+02, 2.928128051757812e+02, 2.928587341308594e+02, 2.929519653320312e+02, 2.931154174804688e+02, 2.935935363769531e+02, 2.948412780761719e+02, 2.959830932617188e+02, 2.971250305175781e+02, 2.865785827636719e+02, 2.865785827636719e+02, 2.865785827636719e+02, 2.865785522460938e+02, 2.865785827636719e+02, 2.865785827636719e+02, 2.865785827636719e+02, 2.865785827636719e+02, 2.865785827636719e+02, 2.865785522460938e+02, 2.865784912109375e+02]
hvac.VAVBox[4].TSup=[2.931499938964844e+02, 2.931499938964844e+02, 2.931499938964844e+02, 2.931499938964844e+02, 2.931499938964844e+02, 2.931499938964844e+02, 2.931499938964844e+02, 2.931499938964844e+02, 2.931499938964844e+02, 2.931499938964844e+02, 2.931499938964844e+02, 2.931499938964844e+02, 2.961384582519531e+02, 2.926960754394531e+02, 3.0105224609375e+02, 3.011524658203125e+02, 3.008409423828125e+02, 3.008505859375e+02, 3.008730773925781e+02, 2.989337158203125e+02, 2.978804626464844e+02, 2.973630065917969e+02, 2.968856811523438e+02, 2.96353515625e+02, 2.9577978515625e+02, 2.952886352539062e+02, 2.952916870117188e+02, 2.948123168945312e+02, 2.934547424316406e+02, 2.930220947265625e+02, 2.925840454101562e+02, 2.922998352050781e+02, 2.922101440429688e+02, 2.923084106445312e+02, 2.924385681152344e+02, 2.925097045898438e+02, 2.924997863769531e+02, 2.938998718261719e+02, 2.949531860351562e+02, 2.962372131347656e+02, 2.864769897460938e+02, 2.864769897460938e+02, 2.864769592285156e+02, 2.864769592285156e+02, 2.864769592285156e+02, 2.864769287109375e+02, 2.864769592285156e+02, 2.864769592285156e+02, 2.864769897460938e+02, 2.864769897460938e+02, 2.864769897460938e+02, 2.864769897460938e+02, 2.864769592285156e+02, 2.864769592285156e+02, 2.864769897460938e+02, 2.864769897460938e+02, 2.864769897460938e+02, 2.864769897460938e+02, 2.864769897460938e+02, 2.864769897460938e+02, 2.864769897460938e+02, 2.864769897460938e+02, 2.9707763671875e+02, 3.006968994140625e+02, 3.016725463867188e+02, 3.014173889160156e+02, 3.014057006835938e+02, 3.014501953125e+02, 3.004100341796875e+02, 2.974518432617188e+02, 2.967225036621094e+02, 2.961561584472656e+02, 2.956822509765625e+02, 2.951766052246094e+02, 2.947089233398438e+02, 2.942431640625e+02, 2.942259521484375e+02, 2.936989440917969e+02, 2.92417236328125e+02, 2.925451049804688e+02, 2.925459899902344e+02, 2.924728393554688e+02, 2.9250830078125e+02, 2.925876770019531e+02, 2.927186584472656e+02, 2.92923095703125e+02, 2.934157409667969e+02, 2.945315551757812e+02, 2.955299377441406e+02, 2.965282897949219e+02, 2.865047607421875e+02, 2.865047302246094e+02, 2.865047302246094e+02, 2.865047302246094e+02, 2.865047302246094e+02, 2.865047302246094e+02, 2.865047302246094e+02, 2.865047302246094e+02, 2.865047302246094e+02, 2.865047302246094e+02, 2.865046691894531e+02]
hvac.VAVBox[5].TSup=[2.931499938964844e+02, 2.931499938964844e+02, 2.931499938964844e+02, 2.931499938964844e+02, 2.931499938964844e+02, 2.931499938964844e+02, 2.931499938964844e+02, 2.931499938964844e+02, 2.931499938964844e+02, 2.931499938964844e+02, 2.931499938964844e+02, 2.931499938964844e+02, 2.961384582519531e+02, 2.846488647460938e+02, 2.962391967773438e+02, 2.931554870605469e+02, 2.937072448730469e+02, 2.933111877441406e+02, 2.91026123046875e+02, 2.891056823730469e+02, 2.889758605957031e+02, 2.888184509277344e+02, 2.887097473144531e+02, 2.886015014648438e+02, 2.884214172363281e+02, 2.878876953125e+02, 2.883990783691406e+02, 2.883489685058594e+02, 2.874483337402344e+02, 2.871953430175781e+02, 2.86864990234375e+02, 2.867853698730469e+02, 2.867330627441406e+02, 2.867004089355469e+02, 2.866666259765625e+02, 2.866196899414062e+02, 2.866782836914062e+02, 2.875702514648438e+02, 2.8916845703125e+02, 2.904929809570312e+02, 2.858824462890625e+02, 2.858824462890625e+02, 2.858824157714844e+02, 2.858824157714844e+02, 2.858824157714844e+02, 2.858823852539062e+02, 2.858824157714844e+02, 2.858824462890625e+02, 2.858824462890625e+02, 2.858824462890625e+02, 2.858824462890625e+02, 2.858824462890625e+02, 2.858824462890625e+02, 2.858824462890625e+02, 2.858824462890625e+02, 2.858824462890625e+02, 2.858824768066406e+02, 2.858824462890625e+02, 2.858824462890625e+02, 2.858824768066406e+02, 2.858824768066406e+02, 2.858824462890625e+02, 2.9707763671875e+02, 2.892098999023438e+02, 2.933781127929688e+02, 2.931054382324219e+02, 2.930003662109375e+02, 2.927433471679688e+02, 2.90584228515625e+02, 2.884716796875e+02, 2.885225219726562e+02, 2.883806762695312e+02, 2.882734680175781e+02, 2.881639099121094e+02, 2.88078369140625e+02, 2.879844665527344e+02, 2.8839404296875e+02, 2.88330810546875e+02, 2.873438110351562e+02, 2.871565246582031e+02, 2.870555725097656e+02, 2.869633483886719e+02, 2.868828125e+02, 2.867906799316406e+02, 2.867061462402344e+02, 2.866390380859375e+02, 2.866858215332031e+02, 2.875003051757812e+02, 2.888934020996094e+02, 2.901449584960938e+02, 2.858531799316406e+02, 2.858531799316406e+02, 2.858531494140625e+02, 2.858531494140625e+02, 2.858531494140625e+02, 2.858531494140625e+02, 2.858531799316406e+02, 2.858531494140625e+02, 2.858531494140625e+02, 2.858531494140625e+02, 2.858530578613281e+02]
hvac.VAVBox[1].vav.m_flow=[5.172932937037855e-13, 4.32974489594784e-10, 5.855760321082926e-10, -7.092091358629204e-10, -5.152241411288117e-10, -1.924848280765445e-09, -6.848963063355029e-10, 1.057864795761533e-09, 6.621354020630577e-10, 1.115801673279293e-09, 4.950496679256844e-10, -7.299008619732206e-10, 4.355076253414154e-01, 3.54597419500351e-01, 3.550278842449188e-01, 3.552840948104858e-01, 3.552825450897217e-01, 3.552796244621277e-01, 3.552809953689575e-01, 3.552901446819305e-01, 3.552879989147186e-01, 3.552652299404144e-01, 3.552561402320862e-01, 3.552457094192505e-01, 3.552585542201996e-01, 1.907745748758316e-01, 1.907843500375748e-01, 1.907982677221298e-01, 1.908188909292221e-01, 1.908377707004547e-01, 1.908327490091324e-01, 1.908182054758072e-01, 1.907946020364761e-01, 1.907730847597122e-01, 1.907664090394974e-01, 1.907608658075333e-01, 1.906531155109406e-01, 1.906740218400955e-01, 1.906960755586624e-01, 1.907237768173218e-01, 5.283116610854677e-09, -1.004066274568061e-09, -6.237522498508952e-09, -1.329443777287054e-09, 2.115729536011912e-10, 3.041167317974214e-09, 2.157113154765966e-09, 1.995200227256078e-09, 4.195248592964163e-10, -3.165835094076641e-10, 4.966015793028689e-11, -1.131320481739806e-09, -4.190075786336678e-10, 4.958256472065159e-09, -1.341341482330449e-09, 1.302027263783159e-09, 2.204703974939519e-09, -4.750304594125541e-09, 5.752301412975669e-10, 2.793383746535483e-09, 2.058879111643819e-08, -7.832337445279336e-09, 4.356680512428284e-01, 3.549529910087585e-01, 3.552692830562592e-01, 3.552726805210114e-01, 3.552733659744263e-01, 3.552783727645874e-01, 3.552947044372559e-01, 3.549349904060364e-01, 3.548978269100189e-01, 3.54867696762085e-01, 3.548117280006409e-01, 3.547777831554413e-01, 3.54761153459549e-01, 3.547382354736328e-01, 3.547232151031494e-01, 3.547149896621704e-01, 3.54761004447937e-01, 3.548905253410339e-01, 3.549332022666931e-01, 3.549486398696899e-01, 3.549333214759827e-01, 3.548954427242279e-01, 3.548950254917145e-01, 3.544234931468964e-01, 3.544940948486328e-01, 3.54972630739212e-01, 3.549630641937256e-01, 3.548969626426697e-01, -5.912662581764039e-10, 2.741654472893096e-11, 1.177876796099042e-09, 6.319772261065282e-09, 6.4356457940562e-09, -1.44324829864928e-09, -1.538999327976853e-08, -2.425588396803846e-09, -5.172932937037855e-13, 6.393227724998951e-09, 1.287543072159281e-09]
hvac.VAVBox[2].vav.m_flow=[4.912342234375533e-13, 4.111630480529982e-10, 5.56077128788246e-10, -6.734821589304829e-10, -4.892692917479735e-10, -1.827882623040011e-09, -6.503941274438318e-10, 1.004573979557223e-09, 6.287798060000682e-10, 1.059592191765546e-09, 4.701111722127393e-10, -6.931314966429625e-10, 4.135685861110687e-01, 3.367342948913574e-01, 3.371430635452271e-01, 3.373863697052002e-01, 3.373849093914032e-01, 3.373821377754211e-01, 3.373834192752838e-01, 3.373920917510986e-01, 3.373900651931763e-01, 3.373684585094452e-01, 3.373598158359528e-01, 3.3734992146492e-01, 3.37362140417099e-01, 3.379124104976654e-01, 3.379217088222504e-01, 3.379349112510681e-01, 3.379544913768768e-01, 3.379724323749542e-01, 3.379676640033722e-01, 3.379538357257843e-01, 3.379314243793488e-01, 3.379109799861908e-01, 3.379046618938446e-01, 3.37899386882782e-01, 3.37797075510025e-01, 3.378169238567352e-01, 3.378378748893738e-01, 3.378641903400421e-01, 5.016975279659164e-09, -9.534856237891631e-10, -5.923302293098232e-09, -1.262472015817195e-09, 2.009147986870019e-10, 2.887966088493954e-09, 2.048446745561705e-09, 1.894690404569133e-09, 3.983909591109835e-10, -3.00635349947953e-10, 4.715848545000512e-11, -1.07432929219442e-09, -3.978997409337381e-10, 4.708480272341831e-09, -1.273770311449596e-09, 1.236436508733631e-09, 2.093640372180489e-09, -4.511004014773364e-09, 5.462524876875818e-10, 2.652664754521084e-09, 1.955161366140601e-08, -7.437777505003851e-09, 4.137209057807922e-01, 3.3707195520401e-01, 3.373723030090332e-01, 3.373755216598511e-01, 3.373761773109436e-01, 3.373809456825256e-01, 3.373964428901672e-01, 3.370548486709595e-01, 3.370195627212524e-01, 3.369909524917603e-01, 3.36937814950943e-01, 3.369055688381195e-01, 3.36889773607254e-01, 3.36868017911911e-01, 3.368537425994873e-01, 3.368459343910217e-01, 3.368896245956421e-01, 3.370126187801361e-01, 3.370531499385834e-01, 3.370678126811981e-01, 3.370532691478729e-01, 3.37017297744751e-01, 3.370168805122375e-01, 3.365691304206848e-01, 3.366361856460571e-01, 3.370906114578247e-01, 3.370815217494965e-01, 3.37018758058548e-01, -5.614807507825503e-10, 2.603541514323293e-11, 1.118540371436438e-09, 6.001408703326661e-09, 6.111445127743309e-09, -1.37054345650256e-09, -1.461470944263965e-08, -2.303397250713601e-09, -4.912342234375533e-13, 6.071164015963859e-09, 1.222681955681537e-09]
hvac.VAVBox[3].vav.m_flow=[5.172932937037855e-13, 4.32974489594784e-10, 5.855760321082926e-10, -7.092091358629204e-10, -5.152241411288117e-10, -1.924848280765445e-09, -6.848963063355029e-10, 1.057864795761533e-09, 6.621354020630577e-10, 1.115801673279293e-09, 4.950496679256844e-10, -7.299008619732206e-10, 4.355076253414154e-01, 3.54597419500351e-01, 3.550278842449188e-01, 3.552840948104858e-01, 3.552825450897217e-01, 3.552796244621277e-01, 3.552809953689575e-01, 3.552901446819305e-01, 3.552879989147186e-01, 3.552652299404144e-01, 3.552561402320862e-01, 3.552457094192505e-01, 3.552585542201996e-01, 3.558380305767059e-01, 3.558478355407715e-01, 3.558617532253265e-01, 3.558823764324188e-01, 3.559012413024902e-01, 3.558962345123291e-01, 3.558816611766815e-01, 3.558580875396729e-01, 3.558365404605865e-01, 3.558298647403717e-01, 3.558243215084076e-01, 3.557165861129761e-01, 3.557374775409698e-01, 3.557595312595367e-01, 3.557872474193573e-01, 5.283116610854677e-09, -1.004066274568061e-09, -6.237522498508952e-09, -1.329443777287054e-09, 2.115729536011912e-10, 3.041167317974214e-09, 2.157113154765966e-09, 1.995200227256078e-09, 4.195248592964163e-10, -3.165835094076641e-10, 4.966015793028689e-11, -1.131320481739806e-09, -4.190075786336678e-10, 4.958256472065159e-09, -1.341341482330449e-09, 1.302027263783159e-09, 2.204703974939519e-09, -4.750304594125541e-09, 5.752301412975669e-10, 2.793383746535483e-09, 2.058879111643819e-08, -7.832337445279336e-09, 4.356680512428284e-01, 3.549529910087585e-01, 3.552692830562592e-01, 3.552726805210114e-01, 3.552733659744263e-01, 3.552783727645874e-01, 3.552947044372559e-01, 3.549349904060364e-01, 3.548978269100189e-01, 3.54867696762085e-01, 3.548117280006409e-01, 3.547777831554413e-01, 3.54761153459549e-01, 3.547382354736328e-01, 3.547232151031494e-01, 3.547149896621704e-01, 3.54761004447937e-01, 3.548905253410339e-01, 3.549332022666931e-01, 3.549486398696899e-01, 3.549333214759827e-01, 3.548954427242279e-01, 3.548950254917145e-01, 3.544234931468964e-01, 3.544940948486328e-01, 3.54972630739212e-01, 3.549630641937256e-01, 3.548969626426697e-01, -5.912662581764039e-10, 2.741654472893096e-11, 1.177876796099042e-09, 6.319772261065282e-09, 6.4356457940562e-09, -1.44324829864928e-09, -1.538999327976853e-08, -2.425588396803846e-09, -5.172932937037855e-13, 6.393227724998951e-09, 1.287543072159281e-09]
hvac.VAVBox[4].vav.m_flow=[3.820710566503072e-13, 3.197934972387628e-10, 4.325044489217333e-10, -5.238194322743084e-10, -3.805427917225046e-10, -1.42168643524343e-09, -5.058620744513576e-10, 7.813353297692067e-10, 4.89050966390181e-10, 8.241273219411482e-10, 3.656420166642249e-10, -5.391022628309372e-10, 3.216644525527954e-01, 2.619044482707977e-01, 2.622223794460297e-01, 2.624116241931915e-01, 2.624104917049408e-01, 2.624083161354065e-01, 2.624093294143677e-01, 2.624160945415497e-01, 2.624144852161407e-01, 2.623977065086365e-01, 2.623909711837769e-01, 2.623832523822784e-01, 2.623927593231201e-01, 2.628207504749298e-01, 2.6282799243927e-01, 2.628382742404938e-01, 2.628535032272339e-01, 2.628674507141113e-01, 2.628637254238129e-01, 2.628529965877533e-01, 2.628355622291565e-01, 2.628196477890015e-01, 2.628147304058075e-01, 2.628106474876404e-01, 2.627310752868652e-01, 2.627464830875397e-01, 2.627627849578857e-01, 2.627832591533661e-01, 3.902091982865841e-09, -7.415999481175106e-10, -4.607012993318449e-09, -9.81922654297307e-10, 1.562670687293988e-10, 2.246195895949654e-09, 1.59323632065167e-09, 1.473648092442659e-09, 3.098596379480512e-10, -2.338274851521049e-10, 3.667882317315296e-11, -8.35589430980832e-10, -3.094775546941264e-10, 3.662151248917667e-09, -9.9071029158182e-10, 9.616728524619688e-10, 1.6283868697897e-09, -3.508558554798947e-09, 4.248630336434189e-10, 2.063183845990579e-09, 1.520681003341906e-08, -5.784937862074457e-09, 3.217829465866089e-01, 2.621670663356781e-01, 2.624006867408752e-01, 2.624031901359558e-01, 2.624036967754364e-01, 2.624073922634125e-01, 2.624194622039795e-01, 2.621537744998932e-01, 2.621263265609741e-01, 2.621040642261505e-01, 2.620627284049988e-01, 2.620376646518707e-01, 2.62025386095047e-01, 2.620084583759308e-01, 2.619973719120026e-01, 2.619912624359131e-01, 2.620252668857574e-01, 2.621209323406219e-01, 2.621524631977081e-01, 2.621638476848602e-01, 2.621525526046753e-01, 2.621245682239532e-01, 2.62124240398407e-01, 2.617759704589844e-01, 2.618281245231628e-01, 2.621815800666809e-01, 2.62174516916275e-01, 2.62125700712204e-01, -4.367072259370275e-10, 2.024976714087856e-11, 8.699758136110347e-10, 4.667762176779888e-09, 4.753346161123773e-09, -1.065978305625492e-09, -1.136699623316417e-08, -1.791531256678525e-09, -3.820710566503072e-13, 4.72201655554727e-09, 9.509748544189733e-10]
hvac.VAVBox[5].vav.m_flow_turbulent=[1.618800044059753e+00, 1.618800044059753e+00]
hvac.conEco.VOut_flow_min=[8.590426445007324e-01, 8.590426445007324e-01]
hvac.conEco.VOut_flow=[0e+00, 3.534971426688571e-08, 3.593886788166856e-08, 3.301491702245585e-08, 2.811010624270693e-08, 2.169504398352728e-08, 1.479547684368754e-08, 1.53249342105255e-08, 1.861144482973032e-08, 1.952823502904266e-08, 2.354320471908977e-08, 1.911116243036304e-08, 8.029392688513326e-07, 1.242651581764221e+00, 9.735015034675589e-01, 8.610806465148926e-01, 8.590539693832397e-01, 8.590342998504639e-01, 8.590602874755859e-01, 8.591103553771973e-01, 8.589233160018921e-01, 8.590074777603149e-01, 8.589575886726379e-01, 8.590661883354187e-01, 8.591012358665466e-01, 8.571956157684326e-01, 8.590822219848633e-01, 8.591241836547852e-01, 8.591890931129456e-01, 8.591123819351196e-01, 8.589926362037659e-01, 8.589462041854858e-01, 8.588834404945374e-01, 8.589559197425842e-01, 8.589755892753601e-01, 8.590208888053894e-01, 9.148823618888855e-01, 9.03069019317627e-01, 8.919633030891418e-01, 8.826608657836914e-01, 2.575144186778289e-08, 3.450908891977633e-08, 1.614433031704721e-08, 1.495187196276504e-09, 6.699298060741654e-11, 1.242562674974579e-08, 2.663900033894606e-08, 3.359523859103319e-08, 3.820166227797017e-08, 3.431998507608114e-08, 3.181963847964653e-08, 3.01339078134788e-08, 1.97792964229393e-08, 3.569429907201993e-08, 3.701661910326948e-08, 3.478319854366422e-08, 3.839847551034842e-08, 2.15256346081107e-08, 1.436849306202248e-08, 1.584245445940269e-08, 8.664119377499446e-08, 4.884396886950526e-08, 8.134873610288196e-07, 1.006797313690186e+00, 8.616980910301208e-01, 8.59078049659729e-01, 8.590525388717651e-01, 8.590845465660095e-01, 8.591421246528625e-01, 1.036151528358459e+00, 1.05279529094696e+00, 1.068477153778076e+00, 1.104138016700745e+00, 1.129975318908691e+00, 1.130152821540833e+00, 1.130096554756165e+00, 1.129247784614563e+00, 1.129934310913086e+00, 1.101906418800354e+00, 1.042873740196228e+00, 1.015432953834534e+00, 1.004048705101013e+00, 1.020009279251099e+00, 1.057302236557007e+00, 1.071387648582458e+00, 1.066326975822449e+00, 1.04969584941864e+00, 1.005535125732422e+00, 1.007397651672363e+00, 1.04418420791626e+00, 3.262079673049811e-08, 2.95571815911444e-08, 3.019387051494959e-08, 4.089616822966491e-08, 6.702821053750085e-08, 7.554680792054569e-08, 4.872410386269621e-08, 4.371670137004458e-09, 7.632990048092059e-19, 6.289933907055456e-09, 1.799408089198096e-08]
hvac.conEco.yOA=[0e+00, 0e+00, 0e+00, 0e+00, 0e+00, 0e+00, 0e+00, 0e+00, 0e+00, 0e+00, 0e+00, 0e+00, 0e+00, 5.291927456855774e-01, 4.880363047122954e-01, 4.711212515830994e-01, 4.708439409732819e-01, 4.708545207977295e-01, 4.708516895771027e-01, 4.70816433429718e-01, 4.708015024662018e-01, 4.709168672561646e-01, 4.709522724151611e-01, 4.710145890712738e-01, 4.709604978561401e-01, 4.802581667900085e-01, 4.804852902889252e-01, 4.804223775863647e-01, 4.803292453289032e-01, 4.802250564098358e-01, 4.802328646183014e-01, 4.802984297275543e-01, 4.804065525531769e-01, 4.805233180522919e-01, 4.805595576763153e-01, 4.805932641029358e-01, 4.893954694271088e-01, 4.875197410583496e-01, 4.857741296291351e-01, 4.842638075351715e-01, 0e+00, 0e+00, 0e+00, 0e+00, 0e+00, 0e+00, 0e+00, 0e+00, 0e+00, 0e+00, 0e+00, 0e+00, 0e+00, 0e+00, 0e+00, 0e+00, 0e+00, 0e+00, 0e+00, 0e+00, 0e+00, 0e+00, 0e+00, 4.930537045001984e-01, 4.7127565741539e-01, 4.708926975727081e-01, 4.70885843038559e-01, 4.708670377731323e-01, 4.707998633384705e-01, 4.975694119930267e-01, 5.00118613243103e-01, 5.025061368942261e-01, 5.079035758972168e-01, 5.117841362953186e-01, 5.118874907493591e-01, 5.119856595993042e-01, 5.119336247444153e-01, 5.120698809623718e-01, 5.077729225158691e-01, 4.987093210220337e-01, 4.946101903915405e-01, 4.929261803627014e-01, 4.952818751335144e-01, 5.007796287536621e-01, 5.027916431427002e-01, 5.042585730552673e-01, 5.015003681182861e-01, 4.930156171321869e-01, 4.933481216430664e-01, 4.989002346992493e-01, 0e+00, 0e+00, 0e+00, 0e+00, 0e+00, 0e+00, 0e+00, 0e+00, 0e+00, 0e+00, 0e+00]
hvac.conEco.yOATFre.y=[8.00000011920929e-01, 1e+00, 1e+00, 1e+00, 1e+00, 1e+00, 1e+00, 1e+00, 1e+00, 1e+00, 1e+00, 1e+00, 1e+00, 5.291927456855774e-01, 1e+00, 1e+00, 1e+00, 1e+00, 1e+00, 1e+00, 1e+00, 1e+00, 1e+00, 1e+00, 1e+00, 1e+00, 1e+00, 1e+00, 1e+00, 1e+00, 1e+00, 1e+00, 1e+00, 1e+00, 1e+00, 1e+00, 1e+00, 1e+00, 1e+00, 1e+00, 1e+00, 1e+00, 1e+00, 1e+00, 1e+00, 1e+00, 1e+00, 1e+00, 1e+00, 1e+00, 1e+00, 1e+00, 1e+00, 1e+00, 1e+00, 1e+00, 1e+00, 1e+00, 1e+00, 1e+00, 1e+00, 1e+00, 1e+00, 1e+00, 1e+00, 1e+00, 1e+00, 1e+00, 1e+00, 1e+00, 1e+00, 1e+00, 1e+00, 1e+00, 1e+00, 1e+00, 1e+00, 1e+00, 1e+00, 1e+00, 1e+00, 1e+00, 1e+00, 1e+00, 1e+00, 1e+00, 1e+00, 1e+00, 1e+00, 1e+00, 1e+00, 1e+00, 1e+00, 1e+00, 1e+00, 1e+00, 1e+00, 1e+00, 1e+00, 1e+00, 1e+00]
hvac.conEco.conV_flow.y=[5.000000074505806e-02, 7.699857354164124e-01, 1e+00, 1e+00, 1e+00, 1e+00, 1e+00, 1e+00, 1e+00, 1e+00, 1e+00, 1e+00, 1e+00, 7.639493942260742e-01, 4.880363047122954e-01, 4.711212515830994e-01, 4.708439409732819e-01, 4.708545207977295e-01, 4.708516895771027e-01, 4.70816433429718e-01, 4.708015024662018e-01, 4.709168672561646e-01, 4.709522724151611e-01, 4.710145890712738e-01, 4.709604978561401e-01, 4.802581667900085e-01, 4.804852902889252e-01, 4.804223775863647e-01, 4.803292453289032e-01, 4.802250564098358e-01, 4.802328646183014e-01, 4.802984297275543e-01, 4.804065525531769e-01, 4.805233180522919e-01, 4.805595576763153e-01, 4.805932641029358e-01, 4.707085192203522e-01, 4.276773631572723e-01, 3.966162800788879e-01, 3.734551966190338e-01, 6.914712190628052e-01, 1e+00, 1e+00, 1e+00, 1e+00, 1e+00, 1e+00, 1e+00, 1e+00, 1e+00, 1e+00, 1e+00, 1e+00, 1e+00, 1e+00, 1e+00, 1e+00, 1e+00, 1e+00, 1e+00, 1e+00, 1e+00, 1e+00, 4.930537045001984e-01, 4.7127565741539e-01, 4.708926975727081e-01, 4.70885843038559e-01, 4.708670377731323e-01, 4.707998633384705e-01, 3.842923343181623e-01, 2.278278768062605e-01, 5.809838697314262e-02, 0e+00, 0e+00, 0e+00, 0e+00, 0e+00, 0e+00, 0e+00, 0e+00, 0e+00, 0e+00, 0e+00, 0e+00, 0e+00, 0e+00, 0e+00, 0e+00, 0e+00, 0e+00, 3.504487276077271e-01, 1e+00, 1e+00, 1e+00, 1e+00, 1e+00, 1e+00, 1e+00, 1e+00, 1e+00, 1e+00]
hvac.conEco.uOATSup=[0e+00, 0e+00, 0e+00, 0e+00, 0e+00, 0e+00, 0e+00, 0e+00, 0e+00, 0e+00, 0e+00, 0e+00, 0e+00, 0e+00, 0e+00, 0e+00, 0e+00, 0e+00, 0e+00, 0e+00, 0e+00, 0e+00, 0e+00, 0e+00, 0e+00, 0e+00, 0e+00, 0e+00, 0e+00, 0e+00, 0e+00, 0e+00, 0e+00, 0e+00, 1.583088785409935e-01, 3.375510573387138e-01, 4.893954694271088e-01, 4.875197410583496e-01, 4.857741296291351e-01, 4.842638075351715e-01, 0e+00, 0e+00, 0e+00, 0e+00, 0e+00, 0e+00, 0e+00, 0e+00, 0e+00, 0e+00, 0e+00, 0e+00, 0e+00, 0e+00, 0e+00, 0e+00, 0e+00, 0e+00, 0e+00, 0e+00, 0e+00, 0e+00, 0e+00, 0e+00, 0e+00, 0e+00, 0e+00, 0e+00, 3.079274892807041e-01, 4.975694119930267e-01, 5.00118613243103e-01, 5.025061368942261e-01, 5.079035758972168e-01, 5.117841362953186e-01, 5.118874907493591e-01, 5.119856595993042e-01, 5.119336247444153e-01, 5.120698809623718e-01, 5.077729225158691e-01, 4.987093210220337e-01, 4.946101903915405e-01, 4.929261803627014e-01, 4.952818751335144e-01, 5.007796287536621e-01, 5.027916431427002e-01, 5.042585730552673e-01, 5.015003681182861e-01, 4.930156171321869e-01, 4.933481216430664e-01, 4.989002346992493e-01, 0e+00, 0e+00, 0e+00, 0e+00, 0e+00, 0e+00, 0e+00, 0e+00, 0e+00, 0e+00, 0e+00]
hvac.dpRetDuc.m_flow=[-1.929921500387621e-11, -1.13166528592501e-07, -1.276080041634486e-07, -1.009409089647306e-08, -1.623375389669945e-08, 1.185876641329742e-07, 2.699561107988302e-08, -1.237502544881864e-07, -9.682991475301606e-08, -1.377870688656913e-07, -9.322108951437258e-08, 2.152269296118448e-08, 3.672139644622803e+00, 2.666559219360352e+00, 2.677941083908081e+00, 2.68481969833374e+00, 2.68574333190918e+00, 2.686106204986572e+00, 2.685924291610718e+00, 2.68477725982666e+00, 2.685148954391479e+00, 2.687878370285034e+00, 2.689026594161987e+00, 2.690237998962402e+00, 2.688655614852905e+00, 2.543055295944214e+00, 2.541128873825073e+00, 2.539279222488403e+00, 2.536524057388306e+00, 2.534071683883667e+00, 2.534788370132446e+00, 2.536733150482178e+00, 2.539876699447632e+00, 2.542672395706177e+00, 2.543550968170166e+00, 2.544253826141357e+00, 2.540900707244873e+00, 2.541593551635742e+00, 2.542161464691162e+00, 2.54145073890686e+00, -5.090645345262601e-07, 1.195402976605919e-08, 5.009551387047395e-07, 1.109247449448958e-07, -1.833021023855963e-08, -2.878138900541671e-07, -2.425032334940624e-07, -2.435153021451697e-07, -1.182245128461545e-07, -4.666822661647529e-08, -7.267841084512838e-08, 3.233925838230789e-08, -6.632015381313749e-09, -5.024894562666304e-07, 3.558931993552505e-08, -1.866414010009988e-07, -2.718157361414318e-07, 3.615746493323991e-07, -8.023881292729129e-08, -2.738651119216229e-07, -1.954154186023516e-06, 5.674913836628548e-07, 3.673492431640625e+00, 2.676856994628906e+00, 2.686404943466187e+00, 2.686944484710693e+00, 2.686866283416748e+00, 2.686233043670654e+00, 2.684203863143921e+00, 2.672048330307007e+00, 2.672065019607544e+00, 2.671603202819824e+00, 2.669426679611206e+00, 2.667274475097656e+00, 2.66939115524292e+00, 2.672345876693726e+00, 2.674491167068481e+00, 2.675362348556519e+00, 2.67621922492981e+00, 2.675608158111572e+00, 2.678192853927612e+00, 2.679640769958496e+00, 2.676931381225586e+00, 2.671126842498779e+00, 2.667321443557739e+00, 2.728179454803467e+00, 2.72283673286438e+00, 2.676127195358276e+00, 2.676899194717407e+00, 2.674629688262939e+00, -1.936987636952381e-08, -6.600168944714824e-08, -1.660259272284748e-07, -6.306097475317074e-07, -6.967644594624289e-07, -3.857600106016434e-08, 1.216560576722259e-06, 1.98878467472241e-07, 2.69272659725317e-11, -5.624711434393248e-07, -1.492663130875371e-07]
hvac.dpRetDuc.m_flow_nominal=[6.714048862457275e+00, 6.714048862457275e+00]
hvac.fanSup.m_flow=[0e+00, 4.024281796688456e-09, 4.463602820692358e-09, 9.320728633355202e-10, 1.020276307883705e-09, -3.088816757923496e-09, -5.13954656611304e-10, 3.952192795253498e-09, 3.219425614986449e-09, 4.448336810014553e-09, 3.20924820051971e-09, -2.680027588741751e-10, 3.672123432159424e+00, 2.989891052246094e+00, 2.993520498275757e+00, 2.995681047439575e+00, 2.995667934417725e+00, 2.995643377304077e+00, 2.995654821395874e+00, 2.995731830596924e+00, 2.995713710784912e+00, 2.995522022247314e+00, 2.995445251464844e+00, 2.995357275009155e+00, 2.995465755462646e+00, 2.835288286209106e+00, 2.835370779037476e+00, 2.835488080978394e+00, 2.835661888122559e+00, 2.835821151733398e+00, 2.835778713226318e+00, 2.83565616607666e+00, 2.83545708656311e+00, 2.835275650024414e+00, 2.835219383239746e+00, 2.835172653198242e+00, 2.834264278411865e+00, 2.834440469741821e+00, 2.834626436233521e+00, 2.83486008644104e+00, 1.554585615792803e-08, 3.095601552871585e-10, -1.450098530142441e-08, -3.250805624688269e-09, 5.42790423718742e-10, 8.745710822211095e-09, 7.68133201489718e-09, 7.843321547795767e-09, 4.22952473044802e-09, 2.038856417030388e-09, 2.75890177370286e-09, -3.765608380668084e-10, 5.767147870372469e-10, 1.554076689558315e-08, -3.417883198686411e-10, 6.186114287487535e-09, 8.772001791612569e-09, -1.027570117884131e-08, 2.646951324791758e-09, 8.399681838966444e-09, 5.94347007165652e-08, -1.583845410380036e-08, 3.673476219177246e+00, 2.992888927459717e+00, 2.995556116104126e+00, 2.995584487915039e+00, 2.995590448379517e+00, 2.995632648468018e+00, 2.995770454406738e+00, 2.992737293243408e+00, 2.992424011230469e+00, 2.992169857025146e+00, 2.991698026657104e+00, 2.991411685943604e+00, 2.991271495819092e+00, 2.99107837677002e+00, 2.990951776504517e+00, 2.990882158279419e+00, 2.991270303726196e+00, 2.992362499237061e+00, 2.992722272872925e+00, 2.992852449417114e+00, 2.99272346496582e+00, 2.992403984069824e+00, 2.992400407791138e+00, 2.98842453956604e+00, 2.989019870758057e+00, 2.993054866790771e+00, 2.992974042892456e+00, 2.992416858673096e+00, 1.198379395717097e-09, 2.520582853549058e-09, 5.487271970139318e-09, 1.942850325065137e-08, 2.188632741706442e-08, 2.592672299073229e-09, -3.502779222230856e-08, -5.795983692991058e-09, -8.481099936924474e-13, 1.674847638355459e-08, 4.75874539773713e-09]
hvac.fanSup.m_flow_nominal=[1.342809772491455e+01, 1.342809772491455e+01]
=======
  "linear": "0, 0, 0, 0, 0, 0, 3, 0, 0, 0, 0, 0, 4, 3, 0, 3, 0, 0, 0, 3, 0, 0, 0",
  "nonlinear": "0, 2, 0, 5, 0, 0, 0, 0, 0, 1, 1, 1, 0, 1",
  "number of continuous time states": "161",
  "numerical Jacobians": "0"
}
time=[0e+00, 1.728e+05]
flo.sou.air.vol.T=[2.931499938964844e+02, 2.923387145996094e+02, 2.922560729980469e+02, 2.921856079101562e+02, 2.920540771484375e+02, 2.919561462402344e+02, 2.918962707519531e+02, 2.918054809570312e+02, 2.916697082519531e+02, 2.91591796875e+02, 2.915866088867188e+02, 2.914847106933594e+02, 2.906607055664062e+02, 2.925032958984375e+02, 2.927065124511719e+02, 2.927535095214844e+02, 2.927804260253906e+02, 2.929857177734375e+02, 2.934803466796875e+02, 2.932898559570312e+02, 2.932220458984375e+02, 2.932649841308594e+02, 2.933432006835938e+02, 2.934134521484375e+02, 2.936391906738281e+02, 2.939254760742188e+02, 2.939464416503906e+02, 2.939456481933594e+02, 2.940680847167969e+02, 2.940282287597656e+02, 2.9403564453125e+02, 2.940205993652344e+02, 2.939867858886719e+02, 2.939408569335938e+02, 2.938959655761719e+02, 2.938623046875e+02, 2.93764404296875e+02, 2.935835571289062e+02, 2.934258422851562e+02, 2.932180786132812e+02, 2.931833190917969e+02, 2.930463562011719e+02, 2.930523071289062e+02, 2.932911376953125e+02, 2.932798767089844e+02, 2.931973876953125e+02, 2.9278759765625e+02, 2.926726684570312e+02, 2.925771179199219e+02, 2.925094909667969e+02, 2.924496765136719e+02, 2.923893432617188e+02, 2.9235546875e+02, 2.922328491210938e+02, 2.921316833496094e+02, 2.920896911621094e+02, 2.920379638671875e+02, 2.9204052734375e+02, 2.9212255859375e+02, 2.920703430175781e+02, 2.918290100097656e+02, 2.918050842285156e+02, 2.909281616210938e+02, 2.924923400878906e+02, 2.931931762695312e+02, 2.931926574707031e+02, 2.931590270996094e+02, 2.931991271972656e+02, 2.932423706054688e+02, 2.931516418457031e+02, 2.931736145019531e+02, 2.93163330078125e+02, 2.931634826660156e+02, 2.931660461425781e+02, 2.931678466796875e+02, 2.931675415039062e+02, 2.931687622070312e+02, 2.931672058105469e+02, 2.931522216796875e+02, 2.93134765625e+02, 2.931473083496094e+02, 2.931462707519531e+02, 2.931409301757812e+02, 2.9314208984375e+02, 2.931393737792969e+02, 2.929266357421875e+02, 2.93221435546875e+02, 2.930968933105469e+02, 2.931138916015625e+02, 2.931119079589844e+02, 2.924576110839844e+02, 2.92352294921875e+02, 2.922896423339844e+02, 2.92254150390625e+02, 2.922605285644531e+02, 2.923589782714844e+02, 2.924144897460938e+02, 2.923990478515625e+02, 2.923932495117188e+02, 2.923198852539062e+02, 2.922696838378906e+02]
flo.eas.air.vol.T=[2.931499938964844e+02, 2.923703002929688e+02, 2.922922973632812e+02, 2.922265930175781e+02, 2.921616821289062e+02, 2.920953369140625e+02, 2.920422058105469e+02, 2.919826965332031e+02, 2.919058227539062e+02, 2.918389282226562e+02, 2.917880249023438e+02, 2.917348327636719e+02, 2.902998657226562e+02, 2.927996826171875e+02, 2.930622253417969e+02, 2.931691284179688e+02, 2.93189453125e+02, 2.932682800292969e+02, 2.932543640136719e+02, 2.932117919921875e+02, 2.931719055175781e+02, 2.931650085449219e+02, 2.931558837890625e+02, 2.931509704589844e+02, 2.931465454101562e+02, 2.931437683105469e+02, 2.931563110351562e+02, 2.931553649902344e+02, 2.931591491699219e+02, 2.931538391113281e+02, 2.931473388671875e+02, 2.931465148925781e+02, 2.931466674804688e+02, 2.931474304199219e+02, 2.931480407714844e+02, 2.931506958007812e+02, 2.9307373046875e+02, 2.931194763183594e+02, 2.931194152832031e+02, 2.931162719726562e+02, 2.927647094726562e+02, 2.927125549316406e+02, 2.926073913574219e+02, 2.926172180175781e+02, 2.926406860351562e+02, 2.924994201660156e+02, 2.92520263671875e+02, 2.924791259765625e+02, 2.924280700683594e+02, 2.923834228515625e+02, 2.923428039550781e+02, 2.922972717285156e+02, 2.922440185546875e+02, 2.921992797851562e+02, 2.921596984863281e+02, 2.921253967285156e+02, 2.920867919921875e+02, 2.920499267578125e+02, 2.919116516113281e+02, 2.918952331542969e+02, 2.919825439453125e+02, 2.919595031738281e+02, 2.904333801269531e+02, 2.927189636230469e+02, 2.932063598632812e+02, 2.931894836425781e+02, 2.931609802246094e+02, 2.931947326660156e+02, 2.932174072265625e+02, 2.931231689453125e+02, 2.931688537597656e+02, 2.931607360839844e+02, 2.931608581542969e+02, 2.9316064453125e+02, 2.9316064453125e+02, 2.931598815917969e+02, 2.931611938476562e+02, 2.931612243652344e+02, 2.9314599609375e+02, 2.931438293457031e+02, 2.931496276855469e+02, 2.931496887207031e+02, 2.931481628417969e+02, 2.931474914550781e+02, 2.931452026367188e+02, 2.931480712890625e+02, 2.931189880371094e+02, 2.931231384277344e+02, 2.931253051757812e+02, 2.931241149902344e+02, 2.924110412597656e+02, 2.923515930175781e+02, 2.923282165527344e+02, 2.922399291992188e+02, 2.921648864746094e+02, 2.921491394042969e+02, 2.921820678710938e+02, 2.923509521484375e+02, 2.923882446289062e+02, 2.923443603515625e+02, 2.922726440429688e+02]
flo.nor.air.vol.T=[2.931499938964844e+02, 2.923391723632812e+02, 2.922562866210938e+02, 2.921845703125e+02, 2.921149291992188e+02, 2.920443420410156e+02, 2.919866333007812e+02, 2.919234619140625e+02, 2.918441772460938e+02, 2.917740478515625e+02, 2.917183227539062e+02, 2.916625671386719e+02, 2.907326049804688e+02, 2.924961547851562e+02, 2.92724609375e+02, 2.9277001953125e+02, 2.927783813476562e+02, 2.928468322753906e+02, 2.93104736328125e+02, 2.933261108398438e+02, 2.931830749511719e+02, 2.931697082519531e+02, 2.93169189453125e+02, 2.931723022460938e+02, 2.93171875e+02, 2.931598815917969e+02, 2.931640625e+02, 2.931642150878906e+02, 2.93173828125e+02, 2.9316162109375e+02, 2.931539001464844e+02, 2.931517944335938e+02, 2.931510620117188e+02, 2.931511535644531e+02, 2.93151123046875e+02, 2.931539306640625e+02, 2.930858459472656e+02, 2.931091918945312e+02, 2.931067199707031e+02, 2.930979919433594e+02, 2.925143432617188e+02, 2.924467163085938e+02, 2.924146118164062e+02, 2.923716125488281e+02, 2.923931884765625e+02, 2.923409423828125e+02, 2.922855224609375e+02, 2.922398681640625e+02, 2.921902465820312e+02, 2.921474304199219e+02, 2.921092224121094e+02, 2.920659790039062e+02, 2.920132141113281e+02, 2.919705200195312e+02, 2.919345703125e+02, 2.919023742675781e+02, 2.918651123046875e+02, 2.918363647460938e+02, 2.918137817382812e+02, 2.917978515625e+02, 2.917705383300781e+02, 2.917492370605469e+02, 2.906093444824219e+02, 2.924359130859375e+02, 2.926727294921875e+02, 2.927722778320312e+02, 2.928133239746094e+02, 2.9289794921875e+02, 2.931730346679688e+02, 2.93261474609375e+02, 2.931851806640625e+02, 2.931723937988281e+02, 2.931705322265625e+02, 2.931697387695312e+02, 2.931691284179688e+02, 2.931686706542969e+02, 2.931665954589844e+02, 2.931688537597656e+02, 2.931583557128906e+02, 2.931429138183594e+02, 2.931510925292969e+02, 2.931514587402344e+02, 2.931488647460938e+02, 2.931481323242188e+02, 2.931448669433594e+02, 2.931469421386719e+02, 2.931103820800781e+02, 2.931103210449219e+02, 2.931126098632812e+02, 2.931101989746094e+02, 2.925246276855469e+02, 2.924223327636719e+02, 2.923822021484375e+02, 2.923442077636719e+02, 2.923106384277344e+02, 2.922937927246094e+02, 2.92288818359375e+02, 2.922268371582031e+02, 2.92271728515625e+02, 2.922372131347656e+02, 2.920052185058594e+02]
flo.wes.air.vol.T=[2.931499938964844e+02, 2.920690002441406e+02, 2.919849853515625e+02, 2.919227600097656e+02, 2.918761901855469e+02, 2.918443603515625e+02, 2.918473205566406e+02, 2.917919006347656e+02, 2.916937255859375e+02, 2.916219787597656e+02, 2.915426635742188e+02, 2.915182495117188e+02, 2.905606384277344e+02, 2.925664978027344e+02, 2.927949829101562e+02, 2.928396911621094e+02, 2.928507995605469e+02, 2.929199523925781e+02, 2.931658020019531e+02, 2.932857666015625e+02, 2.931727294921875e+02, 2.93168212890625e+02, 2.931681213378906e+02, 2.931714172363281e+02, 2.931709289550781e+02, 2.931599426269531e+02, 2.93168212890625e+02, 2.931674194335938e+02, 2.931752319335938e+02, 2.931677856445312e+02, 2.931666259765625e+02, 2.931576538085938e+02, 2.931497802734375e+02, 2.931465148925781e+02, 2.931439819335938e+02, 2.93150390625e+02, 2.930811157226562e+02, 2.931130981445312e+02, 2.931117858886719e+02, 2.931051025390625e+02, 2.92631103515625e+02, 2.925821838378906e+02, 2.9254833984375e+02, 2.925183410644531e+02, 2.925234680175781e+02, 2.924742431640625e+02, 2.924223937988281e+02, 2.923768310546875e+02, 2.923273010253906e+02, 2.922850952148438e+02, 2.922473754882812e+02, 2.922059326171875e+02, 2.921571044921875e+02, 2.921147155761719e+02, 2.920768127441406e+02, 2.920458679199219e+02, 2.920101013183594e+02, 2.919828796386719e+02, 2.919595947265625e+02, 2.919438781738281e+02, 2.919149475097656e+02, 2.918934631347656e+02, 2.90580810546875e+02, 2.925214538574219e+02, 2.928289184570312e+02, 2.929362487792969e+02, 2.929838562011719e+02, 2.930727233886719e+02, 2.933215942382812e+02, 2.931709594726562e+02, 2.931742553710938e+02, 2.931674194335938e+02, 2.93166748046875e+02, 2.93166259765625e+02, 2.931660766601562e+02, 2.931658020019531e+02, 2.931666870117188e+02, 2.931686401367188e+02, 2.931552734375e+02, 2.931455993652344e+02, 2.931530456542969e+02, 2.931522216796875e+02, 2.931478271484375e+02, 2.931469116210938e+02, 2.931433715820312e+02, 2.931446838378906e+02, 2.931123657226562e+02, 2.9311474609375e+02, 2.931177978515625e+02, 2.931160278320312e+02, 2.926112060546875e+02, 2.9252734375e+02, 2.924868469238281e+02, 2.924487609863281e+02, 2.924160461425781e+02, 2.924010009765625e+02, 2.923968200683594e+02, 2.923858032226562e+02, 2.923860778808594e+02, 2.923516540527344e+02, 2.921593322753906e+02]
flo.cor.air.vol.T=[2.931499938964844e+02, 2.928603515625e+02, 2.928091735839844e+02, 2.927675476074219e+02, 2.927240600585938e+02, 2.926820678710938e+02, 2.926537475585938e+02, 2.926150817871094e+02, 2.925574645996094e+02, 2.9250927734375e+02, 2.924747619628906e+02, 2.924361267089844e+02, 2.914340209960938e+02, 2.924649353027344e+02, 2.93203125e+02, 2.931499938964844e+02, 2.931478881835938e+02, 2.931994018554688e+02, 2.932452697753906e+02, 2.932303771972656e+02, 2.931520690917969e+02, 2.931600341796875e+02, 2.931606140136719e+02, 2.931627807617188e+02, 2.931752014160156e+02, 2.931474609375e+02, 2.931515197753906e+02, 2.9316357421875e+02, 2.932478637695312e+02, 2.93149658203125e+02, 2.931505126953125e+02, 2.931502685546875e+02, 2.93150146484375e+02, 2.931501159667969e+02, 2.931501159667969e+02, 2.931501770019531e+02, 2.931146545410156e+02, 2.930275268554688e+02, 2.930552368164062e+02, 2.930912170410156e+02, 2.932880859375e+02, 2.932572937011719e+02, 2.932279357910156e+02, 2.932055969238281e+02, 2.932070617675781e+02, 2.931714477539062e+02, 2.931302795410156e+02, 2.930955200195312e+02, 2.930573120117188e+02, 2.930231323242188e+02, 2.9299169921875e+02, 2.929609680175781e+02, 2.929290161132812e+02, 2.928923034667969e+02, 2.928556213378906e+02, 2.928290405273438e+02, 2.927999572753906e+02, 2.927781372070312e+02, 2.927547912597656e+02, 2.92736572265625e+02, 2.927022094726562e+02, 2.926787414550781e+02, 2.914427185058594e+02, 2.923766479492188e+02, 2.931690673828125e+02, 2.931571350097656e+02, 2.931525268554688e+02, 2.932102661132812e+02, 2.9326416015625e+02, 2.93125244140625e+02, 2.931481323242188e+02, 2.931594848632812e+02, 2.93158203125e+02, 2.931557006835938e+02, 2.931572265625e+02, 2.931576843261719e+02, 2.931424560546875e+02, 2.9315576171875e+02, 2.932029113769531e+02, 2.931654663085938e+02, 2.931644897460938e+02, 2.931640014648438e+02, 2.931647644042969e+02, 2.931632385253906e+02, 2.931509704589844e+02, 2.931497497558594e+02, 2.931188354492188e+02, 2.930345153808594e+02, 2.9306201171875e+02, 2.930914306640625e+02, 2.932313537597656e+02, 2.931642456054688e+02, 2.931311645507812e+02, 2.930951843261719e+02, 2.930652770996094e+02, 2.930578308105469e+02, 2.930598449707031e+02, 2.930597534179688e+02, 2.930634765625e+02, 2.9303759765625e+02, 2.929603576660156e+02]
hvac.VAVBox[1].TSup=[2.931499938964844e+02, 2.931499938964844e+02, 2.931499938964844e+02, 2.931499938964844e+02, 2.93150146484375e+02, 2.931502075195312e+02, 2.931507263183594e+02, 2.931517639160156e+02, 2.931512756347656e+02, 2.931508483886719e+02, 2.9314892578125e+02, 2.931461486816406e+02, 2.796216125488281e+02, 3.035018615722656e+02, 3.016679077148438e+02, 3.014494323730469e+02, 3.012615966796875e+02, 3.011931762695312e+02, 3.000228271484375e+02, 2.934689331054688e+02, 2.9119384765625e+02, 2.892580871582031e+02, 2.873297119140625e+02, 2.854806213378906e+02, 2.855762939453125e+02, 2.851769714355469e+02, 2.852447509765625e+02, 2.853573913574219e+02, 2.856150512695312e+02, 2.857540588378906e+02, 2.857612915039062e+02, 2.857586059570312e+02, 2.857572021484375e+02, 2.857552185058594e+02, 2.857547302246094e+02, 2.857547607421875e+02, 2.851698913574219e+02, 2.851398010253906e+02, 2.851448059082031e+02, 2.851449890136719e+02, 2.852181091308594e+02, 2.85218017578125e+02, 2.852155456542969e+02, 2.852121887207031e+02, 2.852053833007812e+02, 2.85202392578125e+02, 2.852025756835938e+02, 2.852037963867188e+02, 2.852068481445312e+02, 2.852084045410156e+02, 2.852074584960938e+02, 2.852076416015625e+02, 2.852062072753906e+02, 2.852059020996094e+02, 2.852081298828125e+02, 2.852073059082031e+02, 2.852077331542969e+02, 2.852064514160156e+02, 2.852057189941406e+02, 2.852054138183594e+02, 2.852042846679688e+02, 2.852035827636719e+02, 2.852718811035156e+02, 3.018514709472656e+02, 3.01543701171875e+02, 3.003142700195312e+02, 2.998114929199219e+02, 2.994690551757812e+02, 2.971414184570312e+02, 2.940500793457031e+02, 2.936685485839844e+02, 2.931397094726562e+02, 2.927821960449219e+02, 2.923305053710938e+02, 2.918658447265625e+02, 2.913969116210938e+02, 2.915231323242188e+02, 2.910709533691406e+02, 2.896753234863281e+02, 2.900187377929688e+02, 2.901871643066406e+02, 2.902510070800781e+02, 2.904348449707031e+02, 2.906314392089844e+02, 2.90843505859375e+02, 2.921650390625e+02, 2.955326232910156e+02, 2.928010559082031e+02, 2.9419873046875e+02, 2.953801574707031e+02, 2.869327087402344e+02, 2.869326782226562e+02, 2.869324951171875e+02, 2.869297485351562e+02, 2.8692919921875e+02, 2.869295654296875e+02, 2.869310302734375e+02, 2.869292602539062e+02, 2.869261169433594e+02, 2.869246215820312e+02, 2.869238891601562e+02]
hvac.VAVBox[2].TSup=[2.931499938964844e+02, 2.931499938964844e+02, 2.931499938964844e+02, 2.931499938964844e+02, 2.93150146484375e+02, 2.931502075195312e+02, 2.93150634765625e+02, 2.931515808105469e+02, 2.931511535644531e+02, 2.931507873535156e+02, 2.931491088867188e+02, 2.931466674804688e+02, 2.796216125488281e+02, 3.035018920898438e+02, 3.016679077148438e+02, 3.014494323730469e+02, 3.008962097167969e+02, 2.992664794921875e+02, 2.957142944335938e+02, 2.930945129394531e+02, 2.922892761230469e+02, 2.918513488769531e+02, 2.916128540039062e+02, 2.915872192382812e+02, 2.917005310058594e+02, 2.918122253417969e+02, 2.921362915039062e+02, 2.920934753417969e+02, 2.9127001953125e+02, 2.91242919921875e+02, 2.912559204101562e+02, 2.913321228027344e+02, 2.914129028320312e+02, 2.9148193359375e+02, 2.915360107421875e+02, 2.915508422851562e+02, 2.916037292480469e+02, 2.927161865234375e+02, 2.935932922363281e+02, 2.945992431640625e+02, 2.868702087402344e+02, 2.868701782226562e+02, 2.868688354492188e+02, 2.868670654296875e+02, 2.868634033203125e+02, 2.868617553710938e+02, 2.8686181640625e+02, 2.868624877929688e+02, 2.868642272949219e+02, 2.868651123046875e+02, 2.868645324707031e+02, 2.868646545410156e+02, 2.868638305664062e+02, 2.868635864257812e+02, 2.868648376464844e+02, 2.868642883300781e+02, 2.86864501953125e+02, 2.868638305664062e+02, 2.8686328125e+02, 2.86863037109375e+02, 2.868624267578125e+02, 2.868619384765625e+02, 2.852718811035156e+02, 3.025110168457031e+02, 3.01532470703125e+02, 3.002508850097656e+02, 2.997510070800781e+02, 2.993651733398438e+02, 2.976296691894531e+02, 2.95427734375e+02, 2.951459350585938e+02, 2.9472021484375e+02, 2.944059143066406e+02, 2.940501403808594e+02, 2.937293701171875e+02, 2.934231567382812e+02, 2.934879150390625e+02, 2.931590576171875e+02, 2.922276306152344e+02, 2.924364318847656e+02, 2.925122375488281e+02, 2.925224304199219e+02, 2.925787353515625e+02, 2.926395568847656e+02, 2.927404174804688e+02, 2.928822326660156e+02, 2.932774047851562e+02, 2.941774291992188e+02, 2.949792175292969e+02, 2.957802734375e+02, 2.869598388671875e+02, 2.869598083496094e+02, 2.869596252441406e+02, 2.869569091796875e+02, 2.869563598632812e+02, 2.869566955566406e+02, 2.869580688476562e+02, 2.869563903808594e+02, 2.869533081054688e+02, 2.869518432617188e+02, 2.869511108398438e+02]
hvac.VAVBox[3].TSup=[2.931499938964844e+02, 2.931499938964844e+02, 2.931499938964844e+02, 2.931499938964844e+02, 2.93150146484375e+02, 2.931502075195312e+02, 2.931506652832031e+02, 2.931516418457031e+02, 2.931511840820312e+02, 2.931508178710938e+02, 2.931490783691406e+02, 2.931465148925781e+02, 2.796216125488281e+02, 3.035018615722656e+02, 3.016679077148438e+02, 3.014494323730469e+02, 3.012615966796875e+02, 3.011931762695312e+02, 3.011768493652344e+02, 3.002000122070312e+02, 2.983713073730469e+02, 2.977597045898438e+02, 2.9721630859375e+02, 2.966271362304688e+02, 2.959910888671875e+02, 2.954046325683594e+02, 2.955534362792969e+02, 2.951909790039062e+02, 2.937330932617188e+02, 2.934075927734375e+02, 2.932198791503906e+02, 2.93150634765625e+02, 2.931134948730469e+02, 2.930839538574219e+02, 2.93052978515625e+02, 2.92984619140625e+02, 2.929630126953125e+02, 2.944511108398438e+02, 2.95723388671875e+02, 2.972223205566406e+02, 2.873548889160156e+02, 2.873548889160156e+02, 2.873538818359375e+02, 2.873526306152344e+02, 2.873499450683594e+02, 2.873487243652344e+02, 2.873487243652344e+02, 2.873491821289062e+02, 2.873504638671875e+02, 2.873511047363281e+02, 2.873506774902344e+02, 2.873507690429688e+02, 2.873501586914062e+02, 2.873499450683594e+02, 2.87350830078125e+02, 2.873504028320312e+02, 2.873505554199219e+02, 2.8735009765625e+02, 2.873496398925781e+02, 2.873493957519531e+02, 2.873489379882812e+02, 2.873485412597656e+02, 2.852718811035156e+02, 3.040475463867188e+02, 3.018390502929688e+02, 3.017469787597656e+02, 3.017022094726562e+02, 3.0173291015625e+02, 3.018128356933594e+02, 2.993448791503906e+02, 2.979650573730469e+02, 2.971803283691406e+02, 2.965610046386719e+02, 2.959172668457031e+02, 2.953226318359375e+02, 2.94735107421875e+02, 2.947264099121094e+02, 2.941531982421875e+02, 2.926611328125e+02, 2.928345947265625e+02, 2.929017944335938e+02, 2.928594970703125e+02, 2.928829956054688e+02, 2.929264831542969e+02, 2.93022216796875e+02, 2.931968383789062e+02, 2.936722106933594e+02, 2.949718322753906e+02, 2.96163818359375e+02, 2.973482360839844e+02, 2.872287902832031e+02, 2.87228759765625e+02, 2.872285766601562e+02, 2.872261962890625e+02, 2.872257385253906e+02, 2.872260437011719e+02, 2.87227294921875e+02, 2.872258605957031e+02, 2.872232360839844e+02, 2.872219848632812e+02, 2.872213439941406e+02]
hvac.VAVBox[4].TSup=[2.931499938964844e+02, 2.931499938964844e+02, 2.931499938964844e+02, 2.931499938964844e+02, 2.931501770019531e+02, 2.931502380371094e+02, 2.931507873535156e+02, 2.9315185546875e+02, 2.931513671875e+02, 2.931509399414062e+02, 2.931489562988281e+02, 2.931461181640625e+02, 2.796216125488281e+02, 3.035018615722656e+02, 3.016679077148438e+02, 3.014494323730469e+02, 3.012615966796875e+02, 3.011931762695312e+02, 3.011768493652344e+02, 2.994684143066406e+02, 2.982098083496094e+02, 2.976654968261719e+02, 2.971588439941406e+02, 2.965961608886719e+02, 2.959895629882812e+02, 2.954411010742188e+02, 2.954557189941406e+02, 2.949617309570312e+02, 2.935382995605469e+02, 2.930889282226562e+02, 2.926259155273438e+02, 2.92324951171875e+02, 2.92226318359375e+02, 2.923260803222656e+02, 2.92460693359375e+02, 2.925341796875e+02, 2.925865783691406e+02, 2.939511413574219e+02, 2.950807189941406e+02, 2.964111633300781e+02, 2.871913757324219e+02, 2.871913757324219e+02, 2.871902465820312e+02, 2.871887817382812e+02, 2.871857299804688e+02, 2.87184326171875e+02, 2.871843566894531e+02, 2.871849060058594e+02, 2.871863708496094e+02, 2.871871032714844e+02, 2.871866149902344e+02, 2.871867065429688e+02, 2.871860046386719e+02, 2.87185791015625e+02, 2.871868286132812e+02, 2.871863403320312e+02, 2.871865234375e+02, 2.871859741210938e+02, 2.871854858398438e+02, 2.871852416992188e+02, 2.871846923828125e+02, 2.871842651367188e+02, 2.852718811035156e+02, 3.040375366210938e+02, 3.018390502929688e+02, 3.017469787597656e+02, 3.017022094726562e+02, 3.0173291015625e+02, 3.01167724609375e+02, 2.975904235839844e+02, 2.970498046875e+02, 2.964272155761719e+02, 2.959223327636719e+02, 2.953850402832031e+02, 2.948891296386719e+02, 2.943960266113281e+02, 2.943717651367188e+02, 2.938154907226562e+02, 2.924699096679688e+02, 2.925992736816406e+02, 2.925985412597656e+02, 2.925182800292969e+02, 2.925513305664062e+02, 2.926304321289062e+02, 2.927659606933594e+02, 2.929805603027344e+02, 2.934755249023438e+02, 2.946402893066406e+02, 2.956852416992188e+02, 2.967192687988281e+02, 2.871212463378906e+02, 2.871212463378906e+02, 2.871210632324219e+02, 2.871184387207031e+02, 2.87117919921875e+02, 2.871182556152344e+02, 2.8711962890625e+02, 2.871180114746094e+02, 2.871151428222656e+02, 2.871138000488281e+02, 2.871131286621094e+02]
hvac.VAVBox[5].TSup=[2.931499938964844e+02, 2.931499938964844e+02, 2.931499938964844e+02, 2.931499938964844e+02, 2.931500549316406e+02, 2.931500854492188e+02, 2.931502990722656e+02, 2.931507263183594e+02, 2.931505126953125e+02, 2.931503295898438e+02, 2.931495056152344e+02, 2.931482543945312e+02, 2.796214294433594e+02, 2.944744873046875e+02, 2.947762145996094e+02, 2.939393920898438e+02, 2.938525390625e+02, 2.934622802734375e+02, 2.910748291015625e+02, 2.89047607421875e+02, 2.8884326171875e+02, 2.887141418457031e+02, 2.885994567871094e+02, 2.884847717285156e+02, 2.882893371582031e+02, 2.878587341308594e+02, 2.882798767089844e+02, 2.882158813476562e+02, 2.873012390136719e+02, 2.867862548828125e+02, 2.866493835449219e+02, 2.865623474121094e+02, 2.865050659179688e+02, 2.864698181152344e+02, 2.864341430664062e+02, 2.863839721679688e+02, 2.866465148925781e+02, 2.874118041992188e+02, 2.889779357910156e+02, 2.904258422851562e+02, 2.862261047363281e+02, 2.862261047363281e+02, 2.862241516113281e+02, 2.862216491699219e+02, 2.862165222167969e+02, 2.862142333984375e+02, 2.8621435546875e+02, 2.862153015136719e+02, 2.862177734375e+02, 2.862190246582031e+02, 2.862182312011719e+02, 2.862183837890625e+02, 2.862171936035156e+02, 2.862169189453125e+02, 2.8621875e+02, 2.86218017578125e+02, 2.862183532714844e+02, 2.862173156738281e+02, 2.862166137695312e+02, 2.8621630859375e+02, 2.862153625488281e+02, 2.862146911621094e+02, 2.852718811035156e+02, 2.907621765136719e+02, 2.937967834472656e+02, 2.931523132324219e+02, 2.930978088378906e+02, 2.928074645996094e+02, 2.905686340332031e+02, 2.878531188964844e+02, 2.884400024414062e+02, 2.882801513671875e+02, 2.88170166015625e+02, 2.880572814941406e+02, 2.879715270996094e+02, 2.878743896484375e+02, 2.882914428710938e+02, 2.882333679199219e+02, 2.872318420410156e+02, 2.8702294921875e+02, 2.86915283203125e+02, 2.868142395019531e+02, 2.867265930175781e+02, 2.866200256347656e+02, 2.864813537597656e+02, 2.863746643066406e+02, 2.866284790039062e+02, 2.873439636230469e+02, 2.887582397460938e+02, 2.900860595703125e+02, 2.861407470703125e+02, 2.861407165527344e+02, 2.861404113769531e+02, 2.861360168457031e+02, 2.861350708007812e+02, 2.861355590820312e+02, 2.861376953125e+02, 2.861349792480469e+02, 2.861301879882812e+02, 2.861279602050781e+02, 2.861268920898438e+02]
hvac.VAVBox[1].vav.m_flow=[9.356216973052667e-13, 4.857262508872751e-11, 3.142037185988045e-10, -9.084707430773165e-10, -7.490781883667808e-10, -2.574148227907358e-09, -9.465122019491901e-10, 1.335237365118759e-09, 7.947625890736276e-10, 1.397299498329119e-09, 6.191222534646101e-10, -1.008764738408274e-09, 8.117831945419312e-01, 2.522602379322052e-01, 3.067290782928467e-01, 3.299195766448975e-01, 3.37455153465271e-01, 3.399879336357117e-01, 3.408596813678741e-01, 3.411833345890045e-01, 3.412171304225922e-01, 3.411923050880432e-01, 3.411717414855957e-01, 3.412089347839355e-01, 3.413536250591278e-01, 2.211686074733734e-01, 1.872547119855881e-01, 1.76367923617363e-01, 1.726888865232468e-01, 1.714120507240295e-01, 1.709093004465103e-01, 1.7070671916008e-01, 1.706092953681946e-01, 1.70582115650177e-01, 1.706032603979111e-01, 1.706176251173019e-01, 1.703417301177979e-01, 1.705918312072754e-01, 1.706774979829788e-01, 1.707223057746887e-01, 3.700487694047183e-09, -1.206219790717e-09, -8.154745323452062e-09, -1.739689836632863e-09, 2.738557158821209e-10, 4.164219191693519e-09, 2.725850434259769e-09, 2.496352680125824e-09, 4.578931400711639e-10, -5.203377728690839e-10, -3.586041880110358e-11, -1.325145326802613e-09, -6.153551002086033e-10, 6.975747535165056e-09, -1.86220794340386e-09, 1.583993380904776e-09, 2.692530198800103e-09, -6.263354723756761e-09, 7.053505002296845e-10, 3.638010559470217e-09, 2.939956544878441e-08, -1.036156938027943e-08, 8.084057569503784e-01, 2.535474300384521e-01, 3.065433204174042e-01, 3.298378586769104e-01, 3.374448716640472e-01, 3.40008407831192e-01, 3.40919703245163e-01, 3.397912681102753e-01, 3.406236469745636e-01, 3.409492969512939e-01, 3.409840166568756e-01, 3.410886526107788e-01, 3.411577045917511e-01, 3.411675691604614e-01, 3.411986827850342e-01, 3.4123894572258e-01, 3.414682447910309e-01, 3.418062925338745e-01, 3.416139185428619e-01, 3.414639532566071e-01, 3.413042426109314e-01, 3.411912322044373e-01, 3.412534296512604e-01, 3.392584621906281e-01, 3.407664597034454e-01, 3.425520658493042e-01, 3.417090773582458e-01, 3.412264287471771e-01, -8.239643967122845e-10, -5.60222146450684e-11, 1.439617869358756e-09, 8.092585268570929e-09, 8.179195098989567e-09, -1.992952913809631e-09, -2.01442542646646e-08, -3.124492664596801e-09, 4.456321108566724e-13, 8.596527045767743e-09, 1.652439074462109e-09]
hvac.VAVBox[2].vav.m_flow=[8.884889894124337e-13, 4.612573864526404e-11, 2.983754632257529e-10, -8.62705795690033e-10, -7.113427624716451e-10, -2.444473512497325e-09, -8.988308985991011e-10, 1.267973726015726e-09, 7.547257818707465e-10, 1.326909360166439e-09, 5.879334796787816e-10, -9.579473880805267e-10, 7.708889245986938e-01, 2.395524233579636e-01, 2.912773489952088e-01, 3.132995963096619e-01, 3.204555809497833e-01, 3.228607773780823e-01, 3.236885964870453e-01, 3.239959478378296e-01, 3.240280449390411e-01, 3.240044713020325e-01, 3.239849209785461e-01, 3.240202665328979e-01, 3.241576552391052e-01, 3.254556953907013e-01, 3.249102234840393e-01, 3.245207071304321e-01, 3.243505954742432e-01, 3.242617845535278e-01, 3.241440653800964e-01, 3.240699470043182e-01, 3.240109384059906e-01, 3.240054249763489e-01, 3.240444362163544e-01, 3.240663111209869e-01, 3.236670196056366e-01, 3.240512013435364e-01, 3.241561353206635e-01, 3.242070376873016e-01, 6.369676341932973e-09, -1.360826229479528e-09, -7.744085372962672e-09, -1.652193049039852e-09, 2.59918531142489e-10, 3.954301774911073e-09, 2.588391945224089e-09, 2.370455387534776e-09, 4.346848991865215e-10, -4.933352615310582e-10, -3.419541733107323e-11, -1.258531612258196e-09, -5.844975614621717e-10, 6.624197190774339e-09, -1.767607726854692e-09, 1.504056879042554e-09, 2.556750366977657e-09, -5.94797455732991e-09, 6.696764254243703e-10, 3.454601271712932e-09, 2.791839648352834e-08, -9.839738801531439e-09, 7.676816582679749e-01, 2.407747656106949e-01, 2.91100949048996e-01, 3.132219910621643e-01, 3.204458057880402e-01, 3.228802084922791e-01, 3.237456083297729e-01, 3.226740062236786e-01, 3.234644532203674e-01, 3.237737119197845e-01, 3.238066732883453e-01, 3.239060342311859e-01, 3.239716291427612e-01, 3.239809572696686e-01, 3.240105211734772e-01, 3.240487575531006e-01, 3.242664933204651e-01, 3.245875239372253e-01, 3.244048357009888e-01, 3.242624402046204e-01, 3.24110746383667e-01, 3.240034580230713e-01, 3.240624964237213e-01, 3.221680521965027e-01, 3.236000835895538e-01, 3.252957463264465e-01, 3.244951963424683e-01, 3.240368664264679e-01, -7.822634762177927e-10, -5.374555314685558e-11, 1.367538970953319e-09, 7.684425540332995e-09, 7.766672638354066e-09, -1.892113354884373e-09, -1.912995983843757e-08, -2.966650702873608e-09, -6.532845960157893e-14, 8.163913101100206e-09, 1.569639196397077e-09]
hvac.VAVBox[3].vav.m_flow=[9.356216973052667e-13, 4.857262508872751e-11, 3.142037185988045e-10, -9.084707430773165e-10, -7.490781883667808e-10, -2.574148227907358e-09, -9.465122019491901e-10, 1.335237365118759e-09, 7.947625890736276e-10, 1.397299498329119e-09, 6.191222534646101e-10, -1.008764738408274e-09, 8.117831945419312e-01, 2.522602379322052e-01, 3.067290782928467e-01, 3.299195766448975e-01, 3.37455153465271e-01, 3.399879336357117e-01, 3.408596813678741e-01, 3.411833345890045e-01, 3.412171304225922e-01, 3.411923050880432e-01, 3.411717414855957e-01, 3.412089347839355e-01, 3.413536250591278e-01, 3.427205085754395e-01, 3.42146098613739e-01, 3.417359292507172e-01, 3.415567874908447e-01, 3.414632976055145e-01, 3.413393199443817e-01, 3.412612676620483e-01, 3.4119912981987e-01, 3.411933183670044e-01, 3.412343859672546e-01, 3.412574231624603e-01, 3.408369719982147e-01, 3.412415087223053e-01, 3.413520455360413e-01, 3.414056301116943e-01, 6.707930655380778e-09, -1.43340672664749e-09, -8.154076525102028e-09, -1.739020594193619e-09, 2.735440762791086e-10, 4.163907441068204e-09, 2.725538683634454e-09, 2.496040929500509e-09, 4.57581472712576e-10, -5.196684749186886e-10, -3.617207922079757e-11, -1.325456966405625e-09, -6.14685802258208e-10, 6.975435784539741e-09, -1.861538700964616e-09, 1.583681741301763e-09, 2.692218448174788e-09, -6.263666474382075e-09, 7.050388606266722e-10, 3.637698808844902e-09, 2.940023335895603e-08, -1.03609005819294e-08, 8.084057569503784e-01, 2.535474300384521e-01, 3.065433204174042e-01, 3.298378586769104e-01, 3.374448716640472e-01, 3.40008407831192e-01, 3.40919703245163e-01, 3.397912681102753e-01, 3.406236469745636e-01, 3.409492969512939e-01, 3.409840166568756e-01, 3.410886526107788e-01, 3.411577045917511e-01, 3.411675691604614e-01, 3.411986827850342e-01, 3.4123894572258e-01, 3.414682447910309e-01, 3.418062925338745e-01, 3.416139185428619e-01, 3.414639532566071e-01, 3.413042426109314e-01, 3.411912322044373e-01, 3.412534296512604e-01, 3.392584621906281e-01, 3.407664597034454e-01, 3.425520658493042e-01, 3.417090773582458e-01, 3.412264287471771e-01, -8.237012738554483e-10, -5.65129922025509e-11, 1.440167873845155e-09, 8.092153613858954e-09, 8.178763444277592e-09, -1.993383902387791e-09, -2.014468414301973e-08, -3.123942660110401e-09, 1.466670751862353e-14, 8.597076828209538e-09, 1.652989078948508e-09]
hvac.VAVBox[4].vav.m_flow=[6.910469917652262e-13, 3.587557681483666e-11, 2.32069807815094e-10, -6.709934274873319e-10, -5.532665992014074e-10, -1.901257151715186e-09, -6.990907297499405e-10, 9.862017869011205e-10, 5.87008941455025e-10, 1.032040675141843e-09, 4.572815737180491e-10, -7.450701722255815e-10, 5.995802879333496e-01, 1.863185614347458e-01, 2.265490591526032e-01, 2.436774671077728e-01, 2.492432296276093e-01, 2.511139214038849e-01, 2.51757800579071e-01, 2.519968450069427e-01, 2.520217895507812e-01, 2.520034611225128e-01, 2.519882619380951e-01, 2.520157694816589e-01, 2.521226406097412e-01, 2.531321942806244e-01, 2.527079582214355e-01, 2.524049878120422e-01, 2.522726953029633e-01, 2.522036135196686e-01, 2.521120607852936e-01, 2.520543932914734e-01, 2.520085275173187e-01, 2.520042061805725e-01, 2.520345747470856e-01, 2.520515620708466e-01, 2.517410218715668e-01, 2.520398199558258e-01, 2.521214485168457e-01, 2.521610260009766e-01, 4.954418209024425e-09, -1.058761633920824e-09, -6.022752518930474e-09, -1.284614414842622e-09, 2.025834638930135e-10, 3.07526804022018e-09, 2.012893851599529e-09, 1.844112085258587e-09, 3.377883528443704e-10, -3.840051332471006e-10, -2.689635146546632e-11, -9.791577548767805e-10, -4.541846343464329e-10, 5.15257791988688e-09, -1.375105918022257e-09, 1.169522145794146e-09, 1.989008069358525e-09, -4.626502292381959e-09, 5.212840159529719e-10, 2.687336797535522e-09, 2.17147331227352e-08, -7.652705136251825e-09, 5.9708571434021e-01, 1.872692555189133e-01, 2.264118492603302e-01, 2.436171174049377e-01, 2.492356300354004e-01, 2.511290609836578e-01, 2.518021464347839e-01, 2.509686648845673e-01, 2.51583456993103e-01, 2.518239915370941e-01, 2.518496513366699e-01, 2.519269287586212e-01, 2.519779205322266e-01, 2.519851922988892e-01, 2.520081698894501e-01, 2.52037912607193e-01, 2.522072792053223e-01, 2.524569630622864e-01, 2.523148655891418e-01, 2.522041201591492e-01, 2.520861327648163e-01, 2.520026862621307e-01, 2.520486116409302e-01, 2.505751550197601e-01, 2.516889572143555e-01, 2.530077993869781e-01, 2.523851692676544e-01, 2.520286738872528e-01, -6.083874515283583e-10, -4.174480552898707e-11, 1.063699683889752e-09, 5.976833694631978e-09, 6.04080385713246e-09, -1.472309940631078e-09, -1.487879863759645e-08, -2.307336766094181e-09, 7.455659387664657e-15, 6.349768266744604e-09, 1.220888723452163e-09]
hvac.VAVBox[5].vav.m_flow_turbulent=[1.618800044059753e+00, 1.618800044059753e+00]
hvac.conEco.VOut_flow_min=[8.590426445007324e-01, 8.590426445007324e-01]
hvac.conEco.VOut_flow=[0e+00, 3.534971781959939e-08, 3.593886432895488e-08, 3.301494544416528e-08, 2.811015065162792e-08, 2.169518076300392e-08, 1.479617495192542e-08, 1.532444748875151e-08, 1.861157628013643e-08, 1.952743922117861e-08, 2.354270023374738e-08, 1.911113400865361e-08, 3.196191072463989e+00, 5.837113857269287e-01, 8.875269293785095e-01, 8.704979419708252e-01, 8.626596927642822e-01, 8.602373003959656e-01, 8.594728708267212e-01, 8.59260082244873e-01, 8.588525652885437e-01, 8.590701818466187e-01, 8.588201999664307e-01, 8.591668009757996e-01, 8.592113256454468e-01, 8.530046343803406e-01, 8.568463921546936e-01, 8.582721352577209e-01, 8.588808178901672e-01, 8.589814901351929e-01, 8.589057326316833e-01, 8.589041233062744e-01, 8.588523268699646e-01, 8.589783906936646e-01, 8.589856028556824e-01, 8.590383529663086e-01, 9.157454967498779e-01, 8.995282053947449e-01, 8.876010179519653e-01, 8.787300586700439e-01, 2.575119317782537e-08, 3.450916707947727e-08, 1.614453992715426e-08, 1.49500711810191e-09, 6.667380536562462e-11, 1.242523595124112e-08, 2.663891329746093e-08, 3.359501832278511e-08, 3.8201221741474e-08, 3.432004902492736e-08, 3.181940044783005e-08, 3.012892335618744e-08, 1.977946517683904e-08, 3.568570505763091e-08, 3.701672923739352e-08, 3.478297472270245e-08, 3.839908302438749e-08, 2.152606448646583e-08, 1.436858187986445e-08, 1.584163733525656e-08, 8.663867845370987e-08, 4.884410387262506e-08, 2.674996852874756e+00, 5.773059129714966e-01, 8.871111869812012e-01, 8.705565333366394e-01, 8.62719714641571e-01, 8.603057265281677e-01, 8.595619201660156e-01, 1.02751612663269e+00, 1.046427607536316e+00, 1.063859939575195e+00, 1.099649429321289e+00, 1.125864148139954e+00, 1.126244783401489e+00, 1.126307845115662e+00, 1.125519275665283e+00, 1.126439690589905e+00, 1.099209427833557e+00, 1.04065465927124e+00, 1.012649297714233e+00, 1.000840902328491e+00, 1.01636016368866e+00, 1.053383231163025e+00, 1.067093014717102e+00, 1.057792901992798e+00, 1.046221137046814e+00, 1.005451440811157e+00, 1.004615426063538e+00, 1.040402293205261e+00, 3.262087489019905e-08, 2.955721001285383e-08, 3.019382077695809e-08, 4.08957170350277e-08, 6.702639865352467e-08, 7.554331205028575e-08, 4.872797987331978e-08, 4.370403150488755e-09, -5.114103363240952e-17, 6.292697030119143e-09, 1.799357463028173e-08]
hvac.conEco.yOA=[0e+00, 0e+00, 0e+00, 0e+00, 0e+00, 0e+00, 0e+00, 0e+00, 0e+00, 0e+00, 0e+00, 0e+00, 5.545297265052795e-01, 4.804394841194153e-01, 5.014830827713013e-01, 4.855568110942841e-01, 4.803512990474701e-01, 4.786723554134369e-01, 4.780995845794678e-01, 4.778636991977692e-01, 4.778161942958832e-01, 4.779743552207947e-01, 4.780408442020416e-01, 4.781483113765717e-01, 4.779810607433319e-01, 4.838521480560303e-01, 4.868414402008057e-01, 4.879037737846375e-01, 4.882281124591827e-01, 4.882782399654388e-01, 4.883771538734436e-01, 4.884921908378601e-01, 4.886281192302704e-01, 4.88750696182251e-01, 4.887611865997314e-01, 4.887823760509491e-01, 4.981266558170319e-01, 4.953033924102783e-01, 4.933245480060577e-01, 4.918249249458313e-01, 0e+00, 0e+00, 0e+00, 0e+00, 0e+00, 0e+00, 0e+00, 0e+00, 0e+00, 0e+00, 0e+00, 0e+00, 0e+00, 0e+00, 0e+00, 0e+00, 0e+00, 0e+00, 0e+00, 0e+00, 0e+00, 0e+00, 5.124968886375427e-01, 4.781161546707153e-01, 5.014880299568176e-01, 4.856580495834351e-01, 4.803994596004486e-01, 4.786760807037354e-01, 4.780259728431702e-01, 5.045696496963501e-01, 5.070526003837585e-01, 5.09573221206665e-01, 5.150845646858215e-01, 5.190627574920654e-01, 5.191470384597778e-01, 5.192460417747498e-01, 5.19174337387085e-01, 5.19323468208313e-01, 5.149427652359009e-01, 5.055837035179138e-01, 5.014142394065857e-01, 4.99706357717514e-01, 5.021269917488098e-01, 5.077769160270691e-01, 5.097717046737671e-01, 5.115048885345459e-01, 5.087343454360962e-01, 4.997019469738007e-01, 5.000695586204529e-01, 5.058481097221375e-01, 0e+00, 0e+00, 0e+00, 0e+00, 0e+00, 0e+00, 0e+00, 0e+00, 0e+00, 0e+00, 0e+00]
hvac.conEco.yOATFre.y=[8.00000011920929e-01, 1e+00, 1e+00, 1e+00, 1e+00, 1e+00, 1e+00, 1e+00, 1e+00, 1e+00, 1e+00, 1e+00, 5.545297265052795e-01, 1e+00, 1e+00, 1e+00, 1e+00, 1e+00, 1e+00, 1e+00, 1e+00, 1e+00, 1e+00, 1e+00, 1e+00, 1e+00, 1e+00, 1e+00, 1e+00, 1e+00, 1e+00, 1e+00, 1e+00, 1e+00, 1e+00, 1e+00, 1e+00, 1e+00, 1e+00, 1e+00, 1e+00, 1e+00, 1e+00, 1e+00, 1e+00, 1e+00, 1e+00, 1e+00, 1e+00, 1e+00, 1e+00, 1e+00, 1e+00, 1e+00, 1e+00, 1e+00, 1e+00, 1e+00, 1e+00, 1e+00, 1e+00, 1e+00, 1e+00, 1e+00, 1e+00, 1e+00, 1e+00, 1e+00, 1e+00, 1e+00, 1e+00, 1e+00, 1e+00, 1e+00, 1e+00, 1e+00, 1e+00, 1e+00, 1e+00, 1e+00, 1e+00, 1e+00, 1e+00, 1e+00, 1e+00, 1e+00, 1e+00, 1e+00, 1e+00, 1e+00, 1e+00, 1e+00, 1e+00, 1e+00, 1e+00, 1e+00, 1e+00, 1e+00, 1e+00, 1e+00, 1e+00]
hvac.conEco.conV_flow.y=[5.000000074505806e-02, 7.699646949768066e-01, 1e+00, 1e+00, 1e+00, 1e+00, 1e+00, 1e+00, 1e+00, 1e+00, 1e+00, 1e+00, 6.07987642288208e-01, 4.804394841194153e-01, 5.014830827713013e-01, 4.855568110942841e-01, 4.803512990474701e-01, 4.786723554134369e-01, 4.780995845794678e-01, 4.778636991977692e-01, 4.778161942958832e-01, 4.779743552207947e-01, 4.780408442020416e-01, 4.781483113765717e-01, 4.779810607433319e-01, 4.838521480560303e-01, 4.868414402008057e-01, 4.879037737846375e-01, 4.882281124591827e-01, 4.882782399654388e-01, 4.883771538734436e-01, 4.884921908378601e-01, 4.886281192302704e-01, 4.88750696182251e-01, 4.887611865997314e-01, 4.887823760509491e-01, 4.725589156150818e-01, 4.322815835475922e-01, 4.047045707702637e-01, 3.850084543228149e-01, 7.247982621192932e-01, 1e+00, 1e+00, 1e+00, 1e+00, 1e+00, 1e+00, 1e+00, 1e+00, 1e+00, 1e+00, 1e+00, 1e+00, 1e+00, 1e+00, 1e+00, 1e+00, 1e+00, 1e+00, 1e+00, 1e+00, 1e+00, 5.124968886375427e-01, 4.781161546707153e-01, 5.014880299568176e-01, 4.856580495834351e-01, 4.803994596004486e-01, 4.786760807037354e-01, 4.780259728431702e-01, 4.2373025417328e-01, 2.743583321571363e-01, 1.087617874145508e-01, 0e+00, 0e+00, 0e+00, 0e+00, 0e+00, 0e+00, 0e+00, 0e+00, 0e+00, 0e+00, 0e+00, 0e+00, 0e+00, 0e+00, 0e+00, 0e+00, 0e+00, 0e+00, 3.505068123340607e-01, 1e+00, 1e+00, 1e+00, 1e+00, 1e+00, 1e+00, 1e+00, 1e+00, 1e+00, 1e+00]
hvac.conEco.uOATSup=[0e+00, 0e+00, 0e+00, 0e+00, 0e+00, 0e+00, 0e+00, 0e+00, 0e+00, 0e+00, 0e+00, 0e+00, 0e+00, 0e+00, 0e+00, 0e+00, 0e+00, 0e+00, 0e+00, 0e+00, 0e+00, 0e+00, 0e+00, 0e+00, 0e+00, 0e+00, 0e+00, 0e+00, 0e+00, 0e+00, 0e+00, 0e+00, 0e+00, 2.161359786987305e-02, 1.957642734050758e-01, 3.69868874549865e-01, 4.981266558170319e-01, 4.953033924102783e-01, 4.933245480060577e-01, 4.918249249458313e-01, 0e+00, 0e+00, 0e+00, 0e+00, 0e+00, 0e+00, 0e+00, 0e+00, 0e+00, 0e+00, 0e+00, 0e+00, 0e+00, 0e+00, 0e+00, 0e+00, 0e+00, 0e+00, 0e+00, 0e+00, 0e+00, 0e+00, 0e+00, 0e+00, 0e+00, 0e+00, 0e+00, 0e+00, 2.156357616186176e-01, 5.045696496963501e-01, 5.070526003837585e-01, 5.09573221206665e-01, 5.150845646858215e-01, 5.190627574920654e-01, 5.191470384597778e-01, 5.192460417747498e-01, 5.19174337387085e-01, 5.19323468208313e-01, 5.149427652359009e-01, 5.055837035179138e-01, 5.014142394065857e-01, 4.99706357717514e-01, 5.021269917488098e-01, 5.077769160270691e-01, 5.097717046737671e-01, 5.115048885345459e-01, 5.087343454360962e-01, 4.997019469738007e-01, 5.000695586204529e-01, 5.058481097221375e-01, 0e+00, 0e+00, 0e+00, 0e+00, 0e+00, 0e+00, 0e+00, 0e+00, 0e+00, 0e+00, 0e+00]
hvac.dpRetDuc.m_flow=[-1.929921500387621e-11, -1.135796736662087e-07, -1.334924917273383e-07, 4.003731035595592e-08, 2.203433702163693e-08, 2.116563706522356e-07, 6.515971762155459e-08, -1.591445908388779e-07, -1.124929767115646e-07, -1.73095315858518e-07, -1.044906099423315e-07, 6.317753786788671e-08, 6.07716178894043e+00, 1.899681091308594e+00, 2.308047056198121e+00, 2.487864255905151e+00, 2.547476291656494e+00, 2.567620754241943e+00, 2.574244022369385e+00, 2.575601100921631e+00, 2.576925992965698e+00, 2.580244302749634e+00, 2.583075523376465e+00, 2.585633277893066e+00, 2.583605289459229e+00, 2.483291625976562e+00, 2.445767402648926e+00, 2.430652379989624e+00, 2.422870874404907e+00, 2.418074369430542e+00, 2.417330503463745e+00, 2.41861891746521e+00, 2.421477556228638e+00, 2.424461126327515e+00, 2.425718784332275e+00, 2.426662683486938e+00, 2.421234846115112e+00, 2.424868106842041e+00, 2.426083087921143e+00, 2.425460577011108e+00, -7.176664666985744e-07, 7.436514692926721e-08, 7.682887144255801e-07, 1.673901977028436e-07, -2.699590240240468e-08, -4.307472067921481e-07, -3.163382586990338e-07, -3.06893952028986e-07, -1.158217131091988e-07, -1.30458603919692e-08, -5.581665618592524e-08, 7.369199295226281e-08, 2.343026750395438e-08, -7.494180067624256e-07, 1.134247682443856e-07, -2.197928949954093e-07, -3.350491510900601e-07, 5.731445753554035e-07, -9.576309167869113e-08, -3.856012540381926e-07, -3.039472403543186e-06, 9.234079811903939e-07, 6.096485137939453e+00, 1.913593411445618e+00, 2.308758497238159e+00, 2.489587306976318e+00, 2.548678159713745e+00, 2.567954301834106e+00, 2.572934627532959e+00, 2.555919408798218e+00, 2.56261134147644e+00, 2.564870595932007e+00, 2.563510894775391e+00, 2.562472581863403e+00, 2.565179109573364e+00, 2.568401575088501e+00, 2.570952653884888e+00, 2.572225570678711e+00, 2.574343919754028e+00, 2.575030088424683e+00, 2.575758457183838e+00, 2.57591700553894e+00, 2.572113275527954e+00, 2.565797567367554e+00, 2.56293773651123e+00, 2.613544225692749e+00, 2.621798038482666e+00, 2.580496072769165e+00, 2.5749192237854e+00, 2.569638967514038e+00, 2.510869734351218e-08, -4.952238796818165e-08, -1.970863650058163e-07, -8.683993542035751e-07, -9.254434303329617e-07, 5.450713302934673e-08, 1.881357889033097e-06, 2.978384543439461e-07, -2.716579565464894e-11, -8.533709205948981e-07, -1.952117258952057e-07]
hvac.dpRetDuc.m_flow_nominal=[6.714048862457275e+00, 6.714048862457275e+00]
hvac.fanSup.m_flow=[0e+00, 7.861979955947618e-10, 2.173705881958199e-09, -7.420962733206693e-10, -9.464907746448148e-10, -8.570151699416328e-09, -2.684268141095458e-09, 6.264988527959763e-09, 4.385576790610912e-09, 6.798449803113726e-09, 4.038700041064658e-09, -2.629141127030721e-09, 6.80664587020874e+00, 2.123379707336426e+00, 2.585222721099854e+00, 2.781523466110229e+00, 2.845270395278931e+00, 2.866684198379517e+00, 2.874050855636597e+00, 2.876784563064575e+00, 2.877070665359497e+00, 2.876861810684204e+00, 2.876688480377197e+00, 2.877002239227295e+00, 2.878222227096558e+00, 2.768195867538452e+00, 2.730012893676758e+00, 2.71607780456543e+00, 2.71106743812561e+00, 2.709095478057861e+00, 2.707671403884888e+00, 2.706888914108276e+00, 2.706329584121704e+00, 2.706259250640869e+00, 2.706585645675659e+00, 2.7067711353302e+00, 2.703370571136475e+00, 2.706627130508423e+00, 2.707534313201904e+00, 2.707977294921875e+00, 2.453836600579962e-08, -3.094753342480772e-09, -3.075586008094433e-08, -6.689043541285855e-09, 1.07709974273007e-09, 1.712249364516083e-08, 1.247485048594399e-08, 1.20592762442584e-08, 4.406779385845994e-09, 3.282185634390089e-10, 2.049881819843336e-09, -3.110867563549391e-09, -1.046567721374458e-09, 2.971098922444071e-08, -4.735846381720421e-09, 8.576936494364489e-09, 1.315673081592191e-08, -2.299735157862429e-08, 3.741013276936656e-09, 1.530075266487074e-08, 1.208259874374562e-07, -3.713025620299959e-08, 6.81631326675415e+00, 2.137871503829956e+00, 2.584707260131836e+00, 2.781122922897339e+00, 2.845264196395874e+00, 2.866879463195801e+00, 2.874563455581665e+00, 2.86504864692688e+00, 2.872067213058472e+00, 2.874813079833984e+00, 2.875105857849121e+00, 2.875988006591797e+00, 2.876570224761963e+00, 2.876653432846069e+00, 2.876915693283081e+00, 2.877255201339722e+00, 2.879188537597656e+00, 2.882038831710815e+00, 2.880416870117188e+00, 2.879152536392212e+00, 2.877805709838867e+00, 2.876852989196777e+00, 2.877377271652222e+00, 2.860556125640869e+00, 2.873271226882935e+00, 2.888327360153198e+00, 2.881219148635864e+00, 2.877149820327759e+00, -7.58210327855835e-10, 1.812411110080347e-09, 7.694902492971778e-09, 3.443072316144935e-08, 3.65594772233635e-08, -2.600305304412132e-09, -7.536390000950632e-08, -1.191340093242843e-08, 8.481099936924474e-13, 3.40253265562751e-08, 7.689813230626896e-09]
hvac.fanSup.m_flow_nominal=[6.714048862457275e+00, 6.714048862457275e+00]
>>>>>>> master
