<<<<<<< HEAD
last-generated=2022-08-05
=======
last-generated=2022-07-06
>>>>>>> master
statistics-simulation=
{
  "linear": " ",
  "nonlinear": "3",
  "number of continuous time states": "2",
  "numerical Jacobians": "0"
}
time=[0e+00, 5e+01]
hex.sta_a1.T=[2.781499938964844e+02, 2.781499938964844e+02, 2.781499938964844e+02, 2.781499938964844e+02, 2.781499938964844e+02, 2.781499938964844e+02, 2.781499938964844e+02, 2.781499938964844e+02, 2.781499938964844e+02, 2.781499938964844e+02, 2.781499938964844e+02, 2.781499938964844e+02, 2.781499938964844e+02, 2.781499938964844e+02, 2.781499938964844e+02, 2.781499938964844e+02, 2.781499938964844e+02, 2.781499938964844e+02, 2.781499938964844e+02, 2.781499938964844e+02, 2.781499938964844e+02, 2.781499938964844e+02, 2.781499938964844e+02, 2.781499938964844e+02, 2.781499938964844e+02, 2.781499938964844e+02, 2.781499938964844e+02, 2.781499938964844e+02, 2.781499938964844e+02, 2.781499938964844e+02, 2.781499938964844e+02, 2.781499938964844e+02, 2.781499938964844e+02, 2.781499938964844e+02, 2.781499938964844e+02, 2.781499938964844e+02, 2.781499938964844e+02, 2.781499938964844e+02, 2.781499938964844e+02, 2.781499938964844e+02, 2.781499938964844e+02, 2.781499938964844e+02, 2.781499938964844e+02, 2.781499938964844e+02, 2.781499938964844e+02, 2.781499938964844e+02, 2.781499938964844e+02, 2.781499938964844e+02, 2.781499938964844e+02, 2.781499938964844e+02, 2.781499938964844e+02, 2.781499938964844e+02, 2.781499938964844e+02, 2.781499938964844e+02, 2.781499938964844e+02, 2.781499938964844e+02, 2.781499938964844e+02, 2.781499938964844e+02, 2.781499938964844e+02, 2.781499938964844e+02, 2.781499938964844e+02, 2.781499938964844e+02, 2.781499938964844e+02, 2.781499938964844e+02, 2.781499938964844e+02, 2.781499938964844e+02, 2.781499938964844e+02, 2.781499938964844e+02, 2.781499938964844e+02, 2.781499938964844e+02, 2.781499938964844e+02, 2.781499938964844e+02, 2.781499938964844e+02, 2.781499938964844e+02, 2.781499938964844e+02, 2.781499938964844e+02, 2.781499938964844e+02, 2.781499938964844e+02, 2.781499938964844e+02, 2.781499938964844e+02, 2.781499938964844e+02, 2.781499938964844e+02, 2.781499938964844e+02, 2.781499938964844e+02, 2.781499938964844e+02, 2.781499938964844e+02, 2.781499938964844e+02, 2.781499938964844e+02, 2.781499938964844e+02, 2.781499938964844e+02, 2.781499938964844e+02, 2.781499938964844e+02, 2.781499938964844e+02, 2.781499938964844e+02, 2.781499938964844e+02, 2.781499938964844e+02, 2.781499938964844e+02, 2.781499938964844e+02, 2.781499938964844e+02, 2.781499938964844e+02, 2.781499938964844e+02]
<<<<<<< HEAD
hex.sta_b1.T=[2.781701049804688e+02, 2.781701049804688e+02, 2.781701049804688e+02, 2.781701049804688e+02, 2.781701049804688e+02, 2.781701049804688e+02, 2.781701049804688e+02, 2.781701049804688e+02, 2.781701049804688e+02, 2.781701049804688e+02, 2.781701049804688e+02, 2.781701049804688e+02, 2.781701049804688e+02, 2.781701049804688e+02, 2.781701049804688e+02, 2.781701049804688e+02, 2.781701049804688e+02, 2.781701049804688e+02, 2.781701049804688e+02, 2.781701049804688e+02, 2.781701049804688e+02, 2.781701049804688e+02, 2.781701049804688e+02, 2.781701049804688e+02, 2.781701049804688e+02, 2.781701049804688e+02, 2.781701049804688e+02, 2.781701049804688e+02, 2.781701049804688e+02, 2.781701049804688e+02, 2.781701049804688e+02, 2.781701049804688e+02, 2.781701049804688e+02, 2.781701049804688e+02, 2.781701049804688e+02, 2.781701049804688e+02, 2.781701049804688e+02, 2.781701049804688e+02, 2.781701049804688e+02, 2.781701049804688e+02, 2.781701049804688e+02, 2.781701049804688e+02, 2.781701049804688e+02, 2.781701049804688e+02, 2.781701049804688e+02, 2.781701049804688e+02, 2.781701049804688e+02, 2.781701049804688e+02, 2.781701049804688e+02, 2.781701049804688e+02, 2.781701049804688e+02, 2.781701049804688e+02, 2.781701049804688e+02, 2.781701049804688e+02, 2.781701049804688e+02, 2.781701049804688e+02, 2.781701049804688e+02, 2.781701049804688e+02, 2.781701049804688e+02, 2.781701049804688e+02, 2.781701049804688e+02, 2.781701049804688e+02, 2.781701049804688e+02, 2.781701049804688e+02, 2.781701049804688e+02, 2.781701049804688e+02, 2.781701049804688e+02, 2.781701049804688e+02, 2.781701049804688e+02, 2.781701049804688e+02, 2.781701049804688e+02, 2.781701049804688e+02, 2.781701049804688e+02, 2.781701049804688e+02, 2.781701049804688e+02, 2.781701049804688e+02, 2.781701049804688e+02, 2.781701049804688e+02, 2.781701049804688e+02, 2.781701049804688e+02, 2.781701049804688e+02, 2.781701049804688e+02, 2.781701049804688e+02, 2.781701049804688e+02, 2.781701049804688e+02, 2.781701049804688e+02, 2.781701049804688e+02, 2.781701049804688e+02, 2.781701049804688e+02, 2.781701049804688e+02, 2.781701049804688e+02, 2.781701049804688e+02, 2.781701049804688e+02, 2.781701049804688e+02, 2.781701049804688e+02, 2.781701049804688e+02, 2.781701049804688e+02, 2.781701049804688e+02, 2.781701049804688e+02, 2.781701049804688e+02, 2.781701049804688e+02]
hex.sta_a2.T=[2.931499938964844e+02, 2.931499938964844e+02, 2.931499938964844e+02, 2.931499938964844e+02, 2.931499938964844e+02, 2.931499938964844e+02, 2.931499938964844e+02, 2.931499938964844e+02, 2.931499938964844e+02, 2.931499938964844e+02, 2.931499938964844e+02, 2.931499938964844e+02, 2.931499938964844e+02, 2.931499938964844e+02, 2.931499938964844e+02, 2.931499938964844e+02, 2.931499938964844e+02, 2.931499938964844e+02, 2.931499938964844e+02, 2.931499938964844e+02, 2.931499938964844e+02, 2.931499938964844e+02, 2.931499938964844e+02, 2.931499938964844e+02, 2.931499938964844e+02, 2.931499938964844e+02, 2.931499938964844e+02, 2.931499938964844e+02, 2.931499938964844e+02, 2.931499938964844e+02, 2.931499938964844e+02, 2.931499938964844e+02, 2.931499938964844e+02, 2.931499938964844e+02, 2.931499938964844e+02, 2.931499938964844e+02, 2.931499938964844e+02, 2.931499938964844e+02, 2.931499938964844e+02, 2.931499938964844e+02, 2.931499938964844e+02, 2.931499938964844e+02, 2.931499938964844e+02, 2.931499938964844e+02, 2.931499938964844e+02, 2.931499938964844e+02, 2.931499938964844e+02, 2.931499938964844e+02, 2.931499938964844e+02, 2.931499938964844e+02, 2.931499938964844e+02, 2.931499938964844e+02, 2.931499938964844e+02, 2.931499938964844e+02, 2.931499938964844e+02, 2.931499938964844e+02, 2.931499938964844e+02, 2.931499938964844e+02, 2.931499938964844e+02, 2.931499938964844e+02, 2.931499938964844e+02, 2.931499938964844e+02, 2.931499938964844e+02, 2.931499938964844e+02, 2.931499938964844e+02, 2.931499938964844e+02, 2.931499938964844e+02, 2.931499938964844e+02, 2.931499938964844e+02, 2.931499938964844e+02, 2.931499938964844e+02, 2.931499938964844e+02, 2.931499938964844e+02, 2.931499938964844e+02, 2.931499938964844e+02, 2.931499938964844e+02, 2.931499938964844e+02, 2.931499938964844e+02, 2.931499938964844e+02, 2.931499938964844e+02, 2.931499938964844e+02, 2.931499938964844e+02, 2.931499938964844e+02, 2.931499938964844e+02, 2.931499938964844e+02, 2.931499938964844e+02, 2.931499938964844e+02, 2.931499938964844e+02, 2.931499938964844e+02, 2.931499938964844e+02, 2.931499938964844e+02, 2.931499938964844e+02, 2.931499938964844e+02, 2.931499938964844e+02, 2.931499938964844e+02, 2.931499938964844e+02, 2.931499938964844e+02, 2.931499938964844e+02, 2.931499938964844e+02, 2.931499938964844e+02, 2.931499938964844e+02]
hex.sta_b2.T=[2.901957092285156e+02, 2.901940307617188e+02, 2.901925964355469e+02, 2.9019140625e+02, 2.901903686523438e+02, 2.901895141601562e+02, 2.901887512207031e+02, 2.901881408691406e+02, 2.901876220703125e+02, 2.901871643066406e+02, 2.90186767578125e+02, 2.901864624023438e+02, 2.901861877441406e+02, 2.901859436035156e+02, 2.901857604980469e+02, 2.901855773925781e+02, 2.901854553222656e+02, 2.901853332519531e+02, 2.901852111816406e+02, 2.901851196289062e+02, 2.9018505859375e+02, 2.901849975585938e+02, 2.901849365234375e+02, 2.901849060058594e+02, 2.901848754882812e+02, 2.901848449707031e+02, 2.90184814453125e+02, 2.901847839355469e+02, 2.901847534179688e+02, 2.901847534179688e+02, 2.901847229003906e+02, 2.901847229003906e+02, 2.901846923828125e+02, 2.901846923828125e+02, 2.901846923828125e+02, 2.901846923828125e+02, 2.901846923828125e+02, 2.901846618652344e+02, 2.901846618652344e+02, 2.901846618652344e+02, 2.901846618652344e+02, 2.901846618652344e+02, 2.901846618652344e+02, 2.901846618652344e+02, 2.901846618652344e+02, 2.901846618652344e+02, 2.901846618652344e+02, 2.901846618652344e+02, 2.901846618652344e+02, 2.901846618652344e+02, 2.901846618652344e+02, 2.901846618652344e+02, 2.901846618652344e+02, 2.901846618652344e+02, 2.901846618652344e+02, 2.901846618652344e+02, 2.901846618652344e+02, 2.901846618652344e+02, 2.901846618652344e+02, 2.901846618652344e+02, 2.901846618652344e+02, 2.901846618652344e+02, 2.901846618652344e+02, 2.901846618652344e+02, 2.901846618652344e+02, 2.901846618652344e+02, 2.901846618652344e+02, 2.901846618652344e+02, 2.901846618652344e+02, 2.901846618652344e+02, 2.901846618652344e+02, 2.901846618652344e+02, 2.901846618652344e+02, 2.901846618652344e+02, 2.901846618652344e+02, 2.901846618652344e+02, 2.901846618652344e+02, 2.901846618652344e+02, 2.901846618652344e+02, 2.901846618652344e+02, 2.901846618652344e+02, 2.901846618652344e+02, 2.901846618652344e+02, 2.901846618652344e+02, 2.901846618652344e+02, 2.901846618652344e+02, 2.901846618652344e+02, 2.901846618652344e+02, 2.901846618652344e+02, 2.901846618652344e+02, 2.901846618652344e+02, 2.901846618652344e+02, 2.901846618652344e+02, 2.901846618652344e+02, 2.901846618652344e+02, 2.901846618652344e+02, 2.901846618652344e+02, 2.901846618652344e+02, 2.901846618652344e+02, 2.901846618652344e+02, 2.901846618652344e+02]
TSur.y=[2.841829223632812e+02, 2.841820678710938e+02, 2.841813659667969e+02, 2.841807556152344e+02, 2.841802368164062e+02, 2.841798095703125e+02, 2.84179443359375e+02, 2.841791381835938e+02, 2.841788635253906e+02, 2.841786193847656e+02, 2.841784362792969e+02, 2.841782836914062e+02, 2.841781311035156e+02, 2.841780395507812e+02, 2.841779174804688e+02, 2.841778564453125e+02, 2.841777648925781e+02, 2.841777038574219e+02, 2.841776733398438e+02, 2.841776123046875e+02, 2.841775817871094e+02, 2.841775512695312e+02, 2.841775207519531e+02, 2.84177490234375e+02, 2.84177490234375e+02, 2.841774597167969e+02, 2.841774597167969e+02, 2.841774291992188e+02, 2.841774291992188e+02, 2.841774291992188e+02, 2.841774291992188e+02, 2.841773986816406e+02, 2.841773986816406e+02, 2.841773986816406e+02, 2.841773986816406e+02, 2.841773986816406e+02, 2.841773986816406e+02, 2.841773986816406e+02, 2.841773986816406e+02, 2.841773986816406e+02, 2.841773681640625e+02, 2.841773681640625e+02, 2.841773681640625e+02, 2.841773681640625e+02, 2.841773681640625e+02, 2.841773681640625e+02, 2.841773681640625e+02, 2.841773681640625e+02, 2.841773681640625e+02, 2.841773681640625e+02, 2.841773681640625e+02, 2.841773681640625e+02, 2.841773681640625e+02, 2.841773681640625e+02, 2.841773681640625e+02, 2.841773681640625e+02, 2.841773681640625e+02, 2.841773681640625e+02, 2.841773681640625e+02, 2.841773681640625e+02, 2.841773681640625e+02, 2.841773681640625e+02, 2.841773681640625e+02, 2.841773681640625e+02, 2.841773681640625e+02, 2.841773681640625e+02, 2.841773681640625e+02, 2.841773681640625e+02, 2.841773681640625e+02, 2.841773681640625e+02, 2.841773681640625e+02, 2.841773681640625e+02, 2.841773681640625e+02, 2.841773681640625e+02, 2.841773681640625e+02, 2.841773681640625e+02, 2.841773681640625e+02, 2.841773681640625e+02, 2.841773681640625e+02, 2.841773681640625e+02, 2.841773681640625e+02, 2.841773681640625e+02, 2.841773681640625e+02, 2.841773681640625e+02, 2.841773681640625e+02, 2.841773681640625e+02, 2.841773681640625e+02, 2.841773681640625e+02, 2.841773681640625e+02, 2.841773681640625e+02, 2.841773681640625e+02, 2.841773681640625e+02, 2.841773681640625e+02, 2.841773681640625e+02, 2.841773681640625e+02, 2.841773681640625e+02, 2.841773681640625e+02, 2.841773681640625e+02, 2.841773681640625e+02, 2.841773681640625e+02, 2.841773681640625e+02]
hex.sta_b2.X[1]=[9.371484629809856e-03, 9.1772535815835e-03, 9.012543596327305e-03, 8.872860111296177e-03, 8.754401467740536e-03, 8.653943426907063e-03, 8.568750694394112e-03, 8.496503345668316e-03, 8.435233496129513e-03, 8.383273147046566e-03, 8.339208550751209e-03, 8.301839232444763e-03, 8.270148187875748e-03, 8.243273012340069e-03, 8.220483548939228e-03, 8.201156742870808e-03, 8.184768259525299e-03, 8.170869201421738e-03, 8.15908145159483e-03, 8.149084635078907e-03, 8.140605874359608e-03, 8.133415132761002e-03, 8.127317763864994e-03, 8.122146129608154e-03, 8.117759600281715e-03, 8.114040829241276e-03, 8.110885508358479e-03, 8.108210749924183e-03, 8.105941116809845e-03, 8.104017935693264e-03, 8.102388121187687e-03, 8.101008832454681e-03, 8.099834434688091e-03, 8.09883326292038e-03, 8.097980171442032e-03, 8.097250014543533e-03, 8.096630685031414e-03, 8.096112869679928e-03, 8.095665834844112e-03, 8.095288649201393e-03, 8.094976656138897e-03, 8.094708435237408e-03, 8.094483055174351e-03, 8.094296790659428e-03, 8.094137534499168e-03, 8.094003424048424e-03, 8.09389166533947e-03, 8.093796670436859e-03, 8.093716576695442e-03, 8.093648590147495e-03, 8.09358898550272e-03, 8.093535900115967e-03, 8.093490265309811e-03, 8.093449287116528e-03, 8.093412965536118e-03, 8.093381300568581e-03, 8.093350566923618e-03, 8.093323558568954e-03, 8.093301206827164e-03, 8.093283511698246e-03, 8.093270473182201e-03, 8.093258365988731e-03, 8.093240670859814e-03, 8.09322576969862e-03, 8.093214593827724e-03, 8.093206211924553e-03, 8.09320155531168e-03, 8.093198761343956e-03, 8.093195036053658e-03, 8.093192242085934e-03, 8.093190379440784e-03, 8.093188516795635e-03, 8.093187585473061e-03, 8.093187585473061e-03, 8.093188516795635e-03, 8.093191310763359e-03, 8.093194104731083e-03, 8.093197830021381e-03, 8.093202486634254e-03, 8.093207143247128e-03, 8.093211799860001e-03, 8.093217387795448e-03, 8.093222975730896e-03, 8.093227632343769e-03, 8.093233220279217e-03, 8.093236014246941e-03, 8.09323787689209e-03, 8.093239739537239e-03, 8.093240670859814e-03, 8.093241602182388e-03, 8.093241602182388e-03, 8.093242533504963e-03, 8.093242533504963e-03, 8.093241602182388e-03, 8.093240670859814e-03, 8.093239739537239e-03, 8.093238808214664e-03, 8.093238808214664e-03, 8.093238808214664e-03, 8.093238808214664e-03, 8.093238808214664e-03]
humRatPre.X_w=[8.096177130937576e-03, 8.095736615359783e-03, 8.095363155007362e-03, 8.095045574009418e-03, 8.094776421785355e-03, 8.094548247754574e-03, 8.094355463981628e-03, 8.094191551208496e-03, 8.094051852822304e-03, 8.093933574855328e-03, 8.093833923339844e-03, 8.093749172985554e-03, 8.093676529824734e-03, 8.093615993857384e-03, 8.093563839793205e-03, 8.093520067632198e-03, 8.093482814729214e-03, 8.093451149761677e-03, 8.093425072729588e-03, 8.093401789665222e-03, 8.093382231891155e-03, 8.093366399407387e-03, 8.093352429568768e-03, 8.093340322375298e-03, 8.093331009149551e-03, 8.09332262724638e-03, 8.093315176665783e-03, 8.093308657407761e-03, 8.093304000794888e-03, 8.093299344182014e-03, 8.093295618891716e-03, 8.093292824923992e-03, 8.093290030956268e-03, 8.093288168311119e-03, 8.093285374343395e-03, 8.093284443020821e-03, 8.093282580375671e-03, 8.093281649053097e-03, 8.093280717730522e-03, 8.093279786407948e-03, 8.093278855085373e-03, 8.093277923762798e-03, 8.093277923762798e-03, 8.093276992440224e-03, 8.093276992440224e-03, 8.093276992440224e-03, 8.093276992440224e-03, 8.093276061117649e-03, 8.093276061117649e-03, 8.093276061117649e-03, 8.093276061117649e-03, 8.093276061117649e-03, 8.093276061117649e-03, 8.093275129795074e-03, 8.093275129795074e-03, 8.093275129795074e-03, 8.093275129795074e-03, 8.093275129795074e-03, 8.093275129795074e-03, 8.093275129795074e-03, 8.093275129795074e-03, 8.093275129795074e-03, 8.093275129795074e-03, 8.093275129795074e-03, 8.093275129795074e-03, 8.093275129795074e-03, 8.093275129795074e-03, 8.093275129795074e-03, 8.093275129795074e-03, 8.093275129795074e-03, 8.093275129795074e-03, 8.093275129795074e-03, 8.093275129795074e-03, 8.093275129795074e-03, 8.093275129795074e-03, 8.093275129795074e-03, 8.093275129795074e-03, 8.093275129795074e-03, 8.093275129795074e-03, 8.093275129795074e-03, 8.093275129795074e-03, 8.093275129795074e-03, 8.093275129795074e-03, 8.093275129795074e-03, 8.093275129795074e-03, 8.093275129795074e-03, 8.093275129795074e-03, 8.093275129795074e-03, 8.093275129795074e-03, 8.093275129795074e-03, 8.093275129795074e-03, 8.093275129795074e-03, 8.093275129795074e-03, 8.093275129795074e-03, 8.093275129795074e-03, 8.093275129795074e-03, 8.093275129795074e-03, 8.093275129795074e-03, 8.093275129795074e-03, 8.093275129795074e-03, 8.093275129795074e-03]
=======
hex.sta_b1.T=[2.781741943359375e+02, 2.781737976074219e+02, 2.781734313964844e+02, 2.78173095703125e+02, 2.781727905273438e+02, 2.781725158691406e+02, 2.781722717285156e+02, 2.781720581054688e+02, 2.781718444824219e+02, 2.781716613769531e+02, 2.781715087890625e+02, 2.781713562011719e+02, 2.781712341308594e+02, 2.781711120605469e+02, 2.781710205078125e+02, 2.781709289550781e+02, 2.781708374023438e+02, 2.781707763671875e+02, 2.781706848144531e+02, 2.781706237792969e+02, 2.781705932617188e+02, 2.781705322265625e+02, 2.781705017089844e+02, 2.781704406738281e+02, 2.7817041015625e+02, 2.781703796386719e+02, 2.781703491210938e+02, 2.781703186035156e+02, 2.781702880859375e+02, 2.781702880859375e+02, 2.781702575683594e+02, 2.781702575683594e+02, 2.781702270507812e+02, 2.781702270507812e+02, 2.781701965332031e+02, 2.781701965332031e+02, 2.781701965332031e+02, 2.78170166015625e+02, 2.78170166015625e+02, 2.78170166015625e+02, 2.78170166015625e+02, 2.781701354980469e+02, 2.781701354980469e+02, 2.781701354980469e+02, 2.781701354980469e+02, 2.781701354980469e+02, 2.781701354980469e+02, 2.781701354980469e+02, 2.781701354980469e+02, 2.781701354980469e+02, 2.781701049804688e+02, 2.781701049804688e+02, 2.781701049804688e+02, 2.781701049804688e+02, 2.781701049804688e+02, 2.781701049804688e+02, 2.781701049804688e+02, 2.781701049804688e+02, 2.781701049804688e+02, 2.781701049804688e+02, 2.781701049804688e+02, 2.781701049804688e+02, 2.781701049804688e+02, 2.781701049804688e+02, 2.781701049804688e+02, 2.781701049804688e+02, 2.781701049804688e+02, 2.781701049804688e+02, 2.781701049804688e+02, 2.781701049804688e+02, 2.781701049804688e+02, 2.781701049804688e+02, 2.781701049804688e+02, 2.781701049804688e+02, 2.781701049804688e+02, 2.781701049804688e+02, 2.781701049804688e+02, 2.781701049804688e+02, 2.781701049804688e+02, 2.781701049804688e+02, 2.781701049804688e+02, 2.781701049804688e+02, 2.781701049804688e+02, 2.781701049804688e+02, 2.781701049804688e+02, 2.781701049804688e+02, 2.781701049804688e+02, 2.781701049804688e+02, 2.781701049804688e+02, 2.781701049804688e+02, 2.781701049804688e+02, 2.781701049804688e+02, 2.781701049804688e+02, 2.781701049804688e+02, 2.781701049804688e+02, 2.781701049804688e+02, 2.781701049804688e+02, 2.781701049804688e+02, 2.781701049804688e+02, 2.781701049804688e+02, 2.781701049804688e+02]
hex.sta_a2.T=[2.931499938964844e+02, 2.931499938964844e+02, 2.931499938964844e+02, 2.931499938964844e+02, 2.931499938964844e+02, 2.931499938964844e+02, 2.931499938964844e+02, 2.931499938964844e+02, 2.931499938964844e+02, 2.931499938964844e+02, 2.931499938964844e+02, 2.931499938964844e+02, 2.931499938964844e+02, 2.931499938964844e+02, 2.931499938964844e+02, 2.931499938964844e+02, 2.931499938964844e+02, 2.931499938964844e+02, 2.931499938964844e+02, 2.931499938964844e+02, 2.931499938964844e+02, 2.931499938964844e+02, 2.931499938964844e+02, 2.931499938964844e+02, 2.931499938964844e+02, 2.931499938964844e+02, 2.931499938964844e+02, 2.931499938964844e+02, 2.931499938964844e+02, 2.931499938964844e+02, 2.931499938964844e+02, 2.931499938964844e+02, 2.931499938964844e+02, 2.931499938964844e+02, 2.931499938964844e+02, 2.931499938964844e+02, 2.931499938964844e+02, 2.931499938964844e+02, 2.931499938964844e+02, 2.931499938964844e+02, 2.931499938964844e+02, 2.931499938964844e+02, 2.931499938964844e+02, 2.931499938964844e+02, 2.931499938964844e+02, 2.931499938964844e+02, 2.931499938964844e+02, 2.931499938964844e+02, 2.931499938964844e+02, 2.931499938964844e+02, 2.931499938964844e+02, 2.931499938964844e+02, 2.931499938964844e+02, 2.931499938964844e+02, 2.931499938964844e+02, 2.931499938964844e+02, 2.931499938964844e+02, 2.931499938964844e+02, 2.931499938964844e+02, 2.931499938964844e+02, 2.931499938964844e+02, 2.931499938964844e+02, 2.931499938964844e+02, 2.931499938964844e+02, 2.931499938964844e+02, 2.931499938964844e+02, 2.931499938964844e+02, 2.931499938964844e+02, 2.931499938964844e+02, 2.931499938964844e+02, 2.931499938964844e+02, 2.931499938964844e+02, 2.931499938964844e+02, 2.931499938964844e+02, 2.931499938964844e+02, 2.931499938964844e+02, 2.931499938964844e+02, 2.931499938964844e+02, 2.931499938964844e+02, 2.931499938964844e+02, 2.931499938964844e+02, 2.931499938964844e+02, 2.931499938964844e+02, 2.931499938964844e+02, 2.931499938964844e+02, 2.931499938964844e+02, 2.931499938964844e+02, 2.931499938964844e+02, 2.931499938964844e+02, 2.931499938964844e+02, 2.931499938964844e+02, 2.931499938964844e+02, 2.931499938964844e+02, 2.931499938964844e+02, 2.931499938964844e+02, 2.931499938964844e+02, 2.931499938964844e+02, 2.931499938964844e+02, 2.931499938964844e+02, 2.931499938964844e+02, 2.931499938964844e+02]
hex.sta_b2.T=[2.9059765625e+02, 2.905562744140625e+02, 2.905189514160156e+02, 2.904852600097656e+02, 2.904549255371094e+02, 2.904276123046875e+02, 2.904029846191406e+02, 2.903808288574219e+02, 2.903609008789062e+02, 2.903429870605469e+02, 2.903268432617188e+02, 2.903123474121094e+02, 2.9029931640625e+02, 2.902876281738281e+02, 2.90277099609375e+02, 2.902676391601562e+02, 2.902591552734375e+02, 2.902515258789062e+02, 2.902446899414062e+02, 2.90238525390625e+02, 2.902330017089844e+02, 2.902280578613281e+02, 2.902236022949219e+02, 2.902196044921875e+02, 2.902160034179688e+02, 2.902127990722656e+02, 2.902098999023438e+02, 2.902073059082031e+02, 2.902049865722656e+02, 2.90202880859375e+02, 2.902010192871094e+02, 2.901993103027344e+02, 2.901978149414062e+02, 2.901964416503906e+02, 2.901952209472656e+02, 2.901941223144531e+02, 2.901931457519531e+02, 2.901922607421875e+02, 2.901914978027344e+02, 2.901907653808594e+02, 2.901901550292969e+02, 2.901895751953125e+02, 2.901890563964844e+02, 2.901885986328125e+02, 2.901882019042969e+02, 2.901878356933594e+02, 2.901875e+02, 2.901872253417969e+02, 2.901869506835938e+02, 2.901867065429688e+02, 2.901864929199219e+02, 2.901863098144531e+02, 2.901861267089844e+02, 2.901859741210938e+02, 2.901858520507812e+02, 2.901857299804688e+02, 2.901856079101562e+02, 2.901855163574219e+02, 2.901854248046875e+02, 2.901853637695312e+02, 2.90185302734375e+02, 2.901852416992188e+02, 2.901851806640625e+02, 2.901851196289062e+02, 2.901850891113281e+02, 2.901850280761719e+02, 2.901849975585938e+02, 2.901849670410156e+02, 2.901849060058594e+02, 2.901848754882812e+02, 2.901848754882812e+02, 2.901848449707031e+02, 2.90184814453125e+02, 2.901847839355469e+02, 2.901847839355469e+02, 2.901847534179688e+02, 2.901847534179688e+02, 2.901847534179688e+02, 2.901847229003906e+02, 2.901847229003906e+02, 2.901847229003906e+02, 2.901846923828125e+02, 2.901846923828125e+02, 2.901846923828125e+02, 2.901846923828125e+02, 2.901846923828125e+02, 2.901846923828125e+02, 2.901846923828125e+02, 2.901846923828125e+02, 2.901846618652344e+02, 2.901846618652344e+02, 2.901846618652344e+02, 2.901846618652344e+02, 2.901846618652344e+02, 2.901846618652344e+02, 2.901846618652344e+02, 2.901846618652344e+02, 2.901846618652344e+02, 2.901846618652344e+02, 2.901846618652344e+02, 2.901846618652344e+02]
TSur.y=[2.854065856933594e+02, 2.852833557128906e+02, 2.851721801757812e+02, 2.850719299316406e+02, 2.849815979003906e+02, 2.849002380371094e+02, 2.848269958496094e+02, 2.847610778808594e+02, 2.847017517089844e+02, 2.846483764648438e+02, 2.846004028320312e+02, 2.845572814941406e+02, 2.845185241699219e+02, 2.844836730957031e+02, 2.844523620605469e+02, 2.844242553710938e+02, 2.843989868164062e+02, 2.843762817382812e+02, 2.843559265136719e+02, 2.843376159667969e+02, 2.843211975097656e+02, 2.843064575195312e+02, 2.84293212890625e+02, 2.842813110351562e+02, 2.842706604003906e+02, 2.842610778808594e+02, 2.842524719238281e+02, 2.842447509765625e+02, 2.842378234863281e+02, 2.842316284179688e+02, 2.842260131835938e+02, 2.842210083007812e+02, 2.842164916992188e+02, 2.842124633789062e+02, 2.842088317871094e+02, 2.842055969238281e+02, 2.842026672363281e+02, 2.842000427246094e+02, 2.841976928710938e+02, 2.841955871582031e+02, 2.841937255859375e+02, 2.841920166015625e+02, 2.841905212402344e+02, 2.841891479492188e+02, 2.841879272460938e+02, 2.841868591308594e+02, 2.841858825683594e+02, 2.841849975585938e+02, 2.841842041015625e+02, 2.841835021972656e+02, 2.84182861328125e+02, 2.841823120117188e+02, 2.841817932128906e+02, 2.841813354492188e+02, 2.841809387207031e+02, 2.841805725097656e+02, 2.841802673339844e+02, 2.841799621582031e+02, 2.841797180175781e+02, 2.841795043945312e+02, 2.841792907714844e+02, 2.841791076660156e+02, 2.841789245605469e+02, 2.841787719726562e+02, 2.841786499023438e+02, 2.841784973144531e+02, 2.841783752441406e+02, 2.841782836914062e+02, 2.841781921386719e+02, 2.841781005859375e+02, 2.841780090332031e+02, 2.841779479980469e+02, 2.841778869628906e+02, 2.841778259277344e+02, 2.841777648925781e+02, 2.841777038574219e+02, 2.841776733398438e+02, 2.841776428222656e+02, 2.841776123046875e+02, 2.841775817871094e+02, 2.841775512695312e+02, 2.841775512695312e+02, 2.841775207519531e+02, 2.841775207519531e+02, 2.84177490234375e+02, 2.84177490234375e+02, 2.841774597167969e+02, 2.841774597167969e+02, 2.841774597167969e+02, 2.841774597167969e+02, 2.841774597167969e+02, 2.841774291992188e+02, 2.841774291992188e+02, 2.841774291992188e+02, 2.841774291992188e+02, 2.841774291992188e+02, 2.841774291992188e+02, 2.841773986816406e+02, 2.841773986816406e+02, 2.841773986816406e+02, 2.841773986816406e+02]
hex.sta_b2.X[1]=[9.591897949576378e-03, 9.439175948500633e-03, 9.301891550421715e-03, 9.178507141768932e-03, 9.067635983228683e-03, 8.968024514615536e-03, 8.878543041646481e-03, 8.798170834779739e-03, 8.725989609956741e-03, 8.661171421408653e-03, 8.602970279753208e-03, 8.550716564059258e-03, 8.503803983330727e-03, 8.461691439151764e-03, 8.423889055848122e-03, 8.389957249164581e-03, 8.359503000974655e-03, 8.332169614732265e-03, 8.307638578116894e-03, 8.285622112452984e-03, 8.265863172709942e-03, 8.248127996921539e-03, 8.232215419411659e-03, 8.217934519052505e-03, 8.205121383070946e-03, 8.193624205887318e-03, 8.183307945728302e-03, 8.174051530659199e-03, 8.16574040800333e-03, 8.158277720212936e-03, 8.151576854288578e-03, 8.145556785166264e-03, 8.140156045556068e-03, 8.135320618748665e-03, 8.130971342325211e-03, 8.127069100737572e-03, 8.123575709760189e-03, 8.120441809296608e-03, 8.11762735247612e-03, 8.115108124911785e-03, 8.112854324281216e-03, 8.110826835036278e-03, 8.109011687338352e-03, 8.107388392090797e-03, 8.105929009616375e-03, 8.104619570076466e-03, 8.103449828922749e-03, 8.102399297058582e-03, 8.101458661258221e-03, 8.100614883005619e-03, 8.099860511720181e-03, 8.09918437153101e-03, 8.098578080534935e-03, 8.09803418815136e-03, 8.097548969089985e-03, 8.097114972770214e-03, 8.096729405224323e-03, 8.096386678516865e-03, 8.096083998680115e-03, 8.0958167091012e-03, 8.095572702586651e-03, 8.095349185168743e-03, 8.095147088170052e-03, 8.094960823655128e-03, 8.094789460301399e-03, 8.094631135463715e-03, 8.094486780464649e-03, 8.094355463981628e-03, 8.094236254692078e-03, 8.094130083918571e-03, 8.09403695166111e-03, 8.09395220130682e-03, 8.093871176242828e-03, 8.093799464404583e-03, 8.093737065792084e-03, 8.093683980405331e-03, 8.093639276921749e-03, 8.093596436083317e-03, 8.093558251857758e-03, 8.093525655567646e-03, 8.093497715890408e-03, 8.093474432826042e-03, 8.093453012406826e-03, 8.093435317277908e-03, 8.093418553471565e-03, 8.093404583632946e-03, 8.093392476439476e-03, 8.093381300568581e-03, 8.093372918665409e-03, 8.093365468084812e-03, 8.093359880149364e-03, 8.093354292213917e-03, 8.093348704278469e-03, 8.093344047665596e-03, 8.093338459730148e-03, 8.093332871794701e-03, 8.093326352536678e-03, 8.093318901956081e-03, 8.093315176665783e-03, 8.093311451375484e-03, 8.093309588730335e-03]
humRatPre.X_w=[8.763827383518219e-03, 8.694145828485489e-03, 8.631767705082893e-03, 8.575914427638054e-03, 8.525894954800606e-03, 8.481092751026154e-03, 8.4409574046731e-03, 8.404998108744621e-03, 8.372776210308075e-03, 8.343899622559547e-03, 8.318017236888409e-03, 8.294818922877312e-03, 8.274021558463573e-03, 8.255377411842346e-03, 8.238662034273148e-03, 8.223673328757286e-03, 8.210234344005585e-03, 8.19818302989006e-03, 8.187375962734222e-03, 8.177682757377625e-03, 8.168988861143589e-03, 8.161190897226334e-03, 8.154196664690971e-03, 8.147923275828362e-03, 8.142296224832535e-03, 8.137250319123268e-03, 8.132723160088062e-03, 8.128662593662739e-03, 8.125017397105694e-03, 8.121744729578495e-03, 8.118807338178158e-03, 8.116168901324272e-03, 8.113802410662174e-03, 8.111683651804924e-03, 8.109779097139835e-03, 8.108069188892841e-03, 8.106539025902748e-03, 8.10516718775034e-03, 8.103934116661549e-03, 8.102831430733204e-03, 8.101844228804111e-03, 8.100956678390503e-03, 8.100162260234356e-03, 8.099451661109924e-03, 8.098812773823738e-03, 8.09824001044035e-03, 8.097727783024311e-03, 8.097267709672451e-03, 8.096856065094471e-03, 8.096487261354923e-03, 8.096156641840935e-03, 8.095860481262207e-03, 8.095595054328442e-03, 8.095357567071915e-03, 8.095145225524902e-03, 8.094955235719681e-03, 8.094786666333675e-03, 8.094636723399162e-03, 8.094504475593567e-03, 8.094387128949165e-03, 8.094280026853085e-03, 8.094183169305325e-03, 8.094093762338161e-03, 8.09401273727417e-03, 8.093938231468201e-03, 8.093868382275105e-03, 8.093805052340031e-03, 8.093748241662979e-03, 8.093696087598801e-03, 8.09364952147007e-03, 8.093608543276787e-03, 8.093571290373802e-03, 8.093535900115967e-03, 8.09350423514843e-03, 8.093477226793766e-03, 8.093453943729401e-03, 8.093434385955334e-03, 8.093415759503841e-03, 8.093398995697498e-03, 8.093385025858879e-03, 8.093372918665409e-03, 8.093361742794514e-03, 8.093353360891342e-03, 8.093344978988171e-03, 8.093338459730148e-03, 8.093331940472126e-03, 8.093326352536678e-03, 8.093321695923805e-03, 8.093317970633507e-03, 8.093315176665783e-03, 8.093312382698059e-03, 8.093309588730335e-03, 8.093307726085186e-03, 8.093304932117462e-03, 8.093303069472313e-03, 8.093300275504589e-03, 8.093297481536865e-03, 8.093293756246567e-03, 8.093292824923992e-03, 8.093290962278843e-03, 8.093290030956268e-03]
>>>>>>> master
