<<<<<<< HEAD
last-generated=2022-10-04
statistics-initialization=
{
  "nonlinear": "0, 1, 0",
=======
last-generated=2024-08-26
statistics-initialization=
{
  "nonlinear": "1, 0",
>>>>>>> master
  "numerical Jacobians": "0"
}
statistics-simulation=
{
  "linear": " ",
  "nonlinear": "0, 1",
  "number of continuous time states": "5",
  "numerical Jacobians": "0"
}
time=[0e+00, 3.6e+03]
conPID.u_s=[7.5e-01, 7.5e-01, 7.5e-01, 7.5e-01, 7.5e-01, 7.5e-01, 7.5e-01, 7.5e-01, 7.5e-01, 7.5e-01, 7.5e-01, 7.5e-01, 7.5e-01, 2.5e-01, 2.5e-01, 2.5e-01, 2.5e-01, 2.5e-01, 2.5e-01, 2.5e-01, 2.5e-01, 2.5e-01, 2.5e-01, 2.5e-01, 2.5e-01, 2.5e-01, 7.5e-01, 7.5e-01, 7.5e-01, 7.5e-01, 7.5e-01, 7.5e-01, 7.5e-01, 7.5e-01, 7.5e-01, 7.5e-01, 7.5e-01, 7.5e-01, 2.5e-01, 2.5e-01, 2.5e-01, 2.5e-01, 2.5e-01, 2.5e-01, 2.5e-01, 2.5e-01, 2.5e-01, 2.5e-01, 2.5e-01, 2.5e-01, 2.5e-01, 7.5e-01, 7.5e-01, 7.5e-01, 7.5e-01, 7.5e-01, 7.5e-01, 7.5e-01, 7.5e-01, 7.5e-01, 7.5e-01, 7.5e-01, 7.5e-01, 2.5e-01, 2.5e-01, 2.5e-01, 2.5e-01, 2.5e-01, 2.5e-01, 2.5e-01, 2.5e-01, 2.5e-01, 2.5e-01, 2.5e-01, 2.5e-01, 2.5e-01, 7.5e-01, 7.5e-01, 7.5e-01, 7.5e-01, 7.5e-01, 7.5e-01, 7.5e-01, 7.5e-01, 7.5e-01, 7.5e-01, 7.5e-01, 7.5e-01, 2.5e-01, 2.5e-01, 2.5e-01, 2.5e-01, 2.5e-01, 2.5e-01, 2.5e-01, 2.5e-01, 2.5e-01, 2.5e-01, 2.5e-01, 2.5e-01, 2.5e-01]
<<<<<<< HEAD
conPID.u_m=[0e+00, 5.222641229629517e-01, 6.585621237754822e-01, 7.134193778038025e-01, 7.319145798683167e-01, 7.440890073776245e-01, 7.476269602775574e-01, 7.490482330322266e-01, 7.496182322502136e-01, 7.498476505279541e-01, 7.499388456344604e-01, 7.499752640724182e-01, 7.499901652336121e-01, 4.751929044723511e-01, 3.413107693195342e-01, 2.863564193248749e-01, 2.64261931180954e-01, 2.55483090877533e-01, 2.520945072174072e-01, 2.507981359958649e-01, 2.503035366535187e-01, 2.501161396503448e-01, 2.500473856925964e-01, 2.500224113464355e-01, 2.500127851963043e-01, 2.50014066696167e-01, 6.081103682518005e-01, 6.925628185272218e-01, 7.269470691680909e-01, 7.407501935958862e-01, 7.46305525302887e-01, 7.48574435710907e-01, 7.496706247329712e-01, 7.496508955955505e-01, 7.499080300331116e-01, 7.499614953994751e-01, 7.499850988388062e-01, 7.499938011169434e-01, 4.751940071582794e-01, 3.413110673427582e-01, 2.863559722900391e-01, 2.642643451690674e-01, 2.554769515991211e-01, 2.519953548908234e-01, 2.507995367050171e-01, 2.503050863742828e-01, 2.501166760921478e-01, 2.50044584274292e-01, 2.500163018703461e-01, 2.500056624412537e-01, 2.500020563602448e-01, 6.075267791748047e-01, 6.925581693649292e-01, 7.269405126571655e-01, 7.407358884811401e-01, 7.461699247360229e-01, 7.488600015640259e-01, 7.494021654129028e-01, 7.497598528862e-01, 7.499036192893982e-01, 7.49961256980896e-01, 7.499846816062927e-01, 7.499940991401672e-01, 4.751943647861481e-01, 3.413112759590149e-01, 2.863562107086182e-01, 2.642839848995209e-01, 2.554900646209717e-01, 2.520976066589355e-01, 2.507989704608917e-01, 2.503045797348022e-01, 2.501159608364105e-01, 2.500448822975159e-01, 2.500173449516296e-01, 2.500059902667999e-01, 2.500018179416656e-01, 6.073981523513794e-01, 6.925579905509949e-01, 7.269406914710999e-01, 7.407357096672058e-01, 7.461692690849304e-01, 7.488685846328735e-01, 7.494022250175476e-01, 7.497598528862e-01, 7.499036192893982e-01, 7.499611973762512e-01, 7.499846816062927e-01, 7.499939799308777e-01, 4.751942753791809e-01, 3.413112461566925e-01, 2.863562107086182e-01, 2.642626464366913e-01, 2.554835975170135e-01, 2.520948648452759e-01, 2.507924735546112e-01, 2.503028213977814e-01, 2.501152753829956e-01, 2.500437796115875e-01, 2.500165402889252e-01, 2.500057816505432e-01, 2.500020563602448e-01]
conPID.y=[3.75e-01, 5.647379159927368e-01, 6.758783459663391e-01, 7.204079031944275e-01, 7.400450110435486e-01, 7.455525398254395e-01, 7.484349012374878e-01, 7.495929598808289e-01, 7.500572800636292e-01, 7.502442002296448e-01, 7.503184676170349e-01, 7.503482699394226e-01, 7.503605484962463e-01, 4.350683987140656e-01, 3.239251375198363e-01, 2.798396944999695e-01, 2.624904811382294e-01, 2.558504939079285e-01, 2.53315806388855e-01, 2.523500323295593e-01, 2.519823610782623e-01, 2.518424987792969e-01, 2.517881691455841e-01, 2.517673075199127e-01, 2.517586350440979e-01, 2.517529129981995e-01, 6.331995129585266e-01, 7.035787701606752e-01, 7.315906882286072e-01, 7.428311705589294e-01, 7.4733567237854e-01, 7.491217851638794e-01, 7.497470378875732e-01, 7.502268552780151e-01, 7.502894401550293e-01, 7.503373026847839e-01, 7.503556609153748e-01, 7.503633499145508e-01, 4.350695312023163e-01, 3.23925644159317e-01, 2.798401415348053e-01, 2.624917924404144e-01, 2.558555603027344e-01, 2.533668279647827e-01, 2.523505091667175e-01, 2.51983255147934e-01, 2.518432438373566e-01, 2.517896890640259e-01, 2.517686784267426e-01, 2.517608106136322e-01, 2.517580986022949e-01, 6.334912180900574e-01, 7.035760283470154e-01, 7.315833568572998e-01, 7.428337931632996e-01, 7.473989725112915e-01, 7.4897301197052e-01, 7.498800158500671e-01, 7.501724362373352e-01, 7.502896785736084e-01, 7.503369450569153e-01, 7.503558397293091e-01, 7.503635287284851e-01, 4.35069739818573e-01, 3.239257037639618e-01, 2.798400819301605e-01, 2.62500137090683e-01, 2.558556795120239e-01, 2.533180713653564e-01, 2.52350777387619e-01, 2.519828379154205e-01, 2.518428266048431e-01, 2.517898976802826e-01, 2.517697215080261e-01, 2.517618536949158e-01, 2.517589032649994e-01, 6.335557699203491e-01, 7.035762071609497e-01, 7.315833568572998e-01, 7.428339123725891e-01, 7.473993301391602e-01, 7.489686608314514e-01, 7.498800158500671e-01, 7.501724362373352e-01, 7.502896785736084e-01, 7.503370046615601e-01, 7.503558397293091e-01, 7.503634095191956e-01, 4.350696802139282e-01, 3.239256739616394e-01, 2.798400521278381e-01, 2.624906301498413e-01, 2.558509111404419e-01, 2.533155381679535e-01, 2.523530423641205e-01, 2.519829571247101e-01, 2.518418729305267e-01, 2.517889440059662e-01, 2.517688572406769e-01, 2.517611980438232e-01, 2.517581284046173e-01]
=======
conPID.u_m=[0e+00, 5.438299775123596e-01, 6.573857665061951e-01, 7.084161639213562e-01, 7.314903736114502e-01, 7.417096495628357e-01, 7.462905049324036e-01, 7.483401298522949e-01, 7.492573261260986e-01, 7.496677041053772e-01, 7.498518228530884e-01, 7.499334812164307e-01, 7.499703764915466e-01, 4.652140438556671e-01, 3.463896811008452e-01, 2.930191159248352e-01, 2.690401971340179e-01, 2.582347691059113e-01, 2.53561407327652e-01, 2.515311241149902e-01, 2.506555020809174e-01, 2.502800226211548e-01, 2.501197159290314e-01, 2.500512003898621e-01, 2.500218451023102e-01, 2.500091195106506e-01, 6.065045595169067e-01, 6.85715675354004e-01, 7.217010855674745e-01, 7.371494770050049e-01, 7.442302107810974e-01, 7.474167346954346e-01, 7.488451600074768e-01, 7.494834661483765e-01, 7.49769926071167e-01, 7.498971819877625e-01, 7.4995356798172e-01, 7.499793171882629e-01, 4.652180671691895e-01, 3.463805913925171e-01, 2.940079867839813e-01, 2.690222263336182e-01, 2.582431137561798e-01, 2.53576397895813e-01, 2.515588998794556e-01, 2.506585717201233e-01, 2.502817213535309e-01, 2.501205503940582e-01, 2.500521242618561e-01, 2.500226199626923e-01, 2.500098645687103e-01, 6.065430045127869e-01, 6.857402920722961e-01, 7.212550640106201e-01, 7.372729182243347e-01, 7.448393702507019e-01, 7.467672228813171e-01, 7.488458156585693e-01, 7.494825720787048e-01, 7.497644424438477e-01, 7.498927712440491e-01, 7.499513030052185e-01, 7.499778866767883e-01, 4.652172327041626e-01, 3.463802337646484e-01, 2.940094470977783e-01, 2.690222859382629e-01, 2.582438886165619e-01, 2.535763084888458e-01, 2.515601217746735e-01, 2.506586015224457e-01, 2.502817213535309e-01, 2.50120609998703e-01, 2.500521540641785e-01, 2.500226199626923e-01, 2.500098645687103e-01, 6.066364645957947e-01, 6.857480406761169e-01, 7.212258577346802e-01, 7.371153235435486e-01, 7.442318797111511e-01, 7.474233508110046e-01, 7.488382458686829e-01, 7.494744062423706e-01, 7.497606873512268e-01, 7.499001622200012e-01, 7.499301433563232e-01, 7.500026822090149e-01, 4.652171730995178e-01, 3.463321328163147e-01, 2.931202054023743e-01, 2.690333425998688e-01, 2.5826495885849e-01, 2.535656094551086e-01, 2.515194118022919e-01, 2.506466209888458e-01, 2.502793967723846e-01, 2.501213848590851e-01, 2.500523328781128e-01, 2.500226497650146e-01, 2.500098049640656e-01]
conPID.y=[3.75e-01, 5.455456376075745e-01, 6.588048338890076e-01, 7.094231843948364e-01, 7.319757342338562e-01, 7.421299815177917e-01, 7.466824650764465e-01, 7.487190365791321e-01, 7.496304512023926e-01, 7.500381469726562e-01, 7.502210140228271e-01, 7.503027319908142e-01, 7.503385543823242e-01, 4.637234807014465e-01, 3.456630706787108e-01, 2.929189503192902e-01, 2.695042192935944e-01, 2.59403795003891e-01, 2.55033016204834e-01, 2.531629502773285e-01, 2.523582577705383e-01, 2.520135641098022e-01, 2.51866489648819e-01, 2.518035173416138e-01, 2.517765760421753e-01, 2.517648935317993e-01, 6.077945232391357e-01, 6.865410804748536e-01, 7.215428352355958e-01, 7.375522255897522e-01, 7.446346879005432e-01, 7.478012442588806e-01, 7.492207884788513e-01, 7.498550415039062e-01, 7.501397132873535e-01, 7.502661347389221e-01, 7.50322163105011e-01, 7.503477931022644e-01, 4.637276828289032e-01, 3.456704318523407e-01, 2.924253344535828e-01, 2.695144712924957e-01, 2.59401261806488e-01, 2.550278306007385e-01, 2.531499266624451e-01, 2.523593604564667e-01, 2.52015084028244e-01, 2.518671751022339e-01, 2.51804381608963e-01, 2.517772912979126e-01, 2.517655789852142e-01, 6.077757477760315e-01, 6.865296959877014e-01, 7.217661738395691e-01, 7.374874949455262e-01, 7.443312406539917e-01, 7.481269836425781e-01, 7.492213845252991e-01, 7.498540878295898e-01, 7.501342296600342e-01, 7.502617239952087e-01, 7.503198981285095e-01, 7.50346302986145e-01, 4.637268483638763e-01, 3.456700444221497e-01, 2.92424350976944e-01, 2.695143520832062e-01, 2.594008445739746e-01, 2.550278306007385e-01, 2.531493008136749e-01, 2.523593306541443e-01, 2.52015084028244e-01, 2.518672347068787e-01, 2.51804381608963e-01, 2.517772912979126e-01, 2.517655789852142e-01, 6.077291369438171e-01, 6.865248084068298e-01, 7.217749953269958e-01, 7.375646829605103e-01, 7.446343898773193e-01, 7.477967739105225e-01, 7.492163181304932e-01, 7.498535513877869e-01, 7.501377463340759e-01, 7.502564191818237e-01, 7.503315210342407e-01, 7.503344416618347e-01, 4.637269973754883e-01, 3.456986546516418e-01, 2.928726673126221e-01, 2.695099413394928e-01, 2.593912780284882e-01, 2.550356686115265e-01, 2.531710863113403e-01, 2.523663938045502e-01, 2.520173192024231e-01, 2.518679201602936e-01, 2.518045604228973e-01, 2.51777321100235e-01, 2.517655491828918e-01]
>>>>>>> master
