<<<<<<< HEAD
last-generated=2022-10-03
=======
last-generated=2022-10-05
>>>>>>> master
statistics-initialization=
{
  "nonlinear": "1, 1, 1, 1, 1, 1, 1, 1, 1, 1, 1, 1, 1, 1, 1, 1, 1, 1, 1, 1, 1, 1, 1, 1, 1, 1, 2,   1, 1",
  "numerical Jacobians": "0"
}
statistics-simulation=
{
  "linear": "0, 0, 0, 0, 0, 0",
  "nonlinear": "1, 1, 1, 1, 1, 1, 1, 1, 1, 1, 1, 1, 1, 1, 1, 1, 1, 1, 1, 1, 1, 1, 1, 1, 1, 1, 1,   1",
  "number of continuous time states": "61",
  "numerical Jacobians": "0"
}
time=[0e+00, 3.1536e+07]
weaDat.weaBus.TDryBul=[2.803500061035156e+02, 2.835484008789062e+02, 2.770389404296875e+02, 2.831499938964844e+02, 2.855327758789062e+02, 2.859500122070312e+02, 2.863263549804688e+02, 2.820830078125e+02, 2.786632690429688e+02, 2.815326538085938e+02, 2.859500122070312e+02, 2.817511901855469e+02, 2.885028076171875e+02, 2.879779968261719e+02, 2.866836853027344e+02, 2.846499938964844e+02, 2.832253112792969e+02, 2.852710876464844e+02, 2.905267944335938e+02, 2.85869384765625e+02, 2.8375e+02, 2.885899963378906e+02, 2.800525817871094e+02, 2.8375e+02, 2.9037841796875e+02, 2.864500122070312e+02, 2.831499938964844e+02, 2.8875e+02, 2.875617980957031e+02, 2.864657287597656e+02, 2.920499877929688e+02, 2.8204345703125e+02, 2.851651916503906e+02, 2.994768371582031e+02, 2.831355895996094e+02, 2.859500122070312e+02, 2.925713195800781e+02, 2.891605834960938e+02, 2.900167846679688e+02, 2.889595947265625e+02, 2.8425e+02, 2.885757751464844e+02, 2.889704284667969e+02, 2.870499877929688e+02, 2.915001220703125e+02, 2.848500061035156e+02, 2.852939147949219e+02, 2.8925e+02, 2.859500122070312e+02, 2.883904724121094e+02, 2.9275e+02, 2.859880065917969e+02, 2.891083984375e+02, 2.930523986816406e+02, 2.881499938964844e+02, 2.896499938964844e+02, 2.903481750488281e+02, 2.864500122070312e+02, 2.922699890136719e+02, 2.905599975585938e+02, 2.875499877929688e+02, 2.968235778808594e+02, 2.86503662109375e+02, 2.893653564453125e+02, 2.93510009765625e+02, 2.864500122070312e+02, 2.875499877929688e+02, 2.920499877929688e+02, 2.849372863769531e+02, 2.896205444335938e+02, 2.925499877929688e+02, 2.853434448242188e+02, 2.880203857421875e+02, 2.939845275878906e+02, 2.8875e+02, 2.875499877929688e+02, 2.918733215332031e+02, 2.863281860351562e+02, 2.911700134277344e+02, 2.900556030273438e+02, 2.875499877929688e+02, 2.897840576171875e+02, 2.850614318847656e+02, 2.842689208984375e+02, 2.870499877929688e+02, 2.848500061035156e+02, 2.872200012207031e+02, 2.894700012207031e+02, 2.847069702148438e+02, 2.871203002929688e+02, 2.875499877929688e+02, 2.824481201171875e+02, 2.853500061035156e+02, 2.864500122070312e+02, 2.812572937011719e+02, 2.825499877929688e+02, 2.839954528808594e+02, 2.825499877929688e+02, 2.854684143066406e+02, 2.796802978515625e+02, 2.845499877929688e+02]
<<<<<<< HEAD
pla.sta_a.T=[2.931499938964844e+02, 2.838339538574219e+02, 2.834425964355469e+02, 2.827501525878906e+02, 2.850327758789062e+02, 2.851499938964844e+02, 2.8380712890625e+02, 2.837615661621094e+02, 2.839895324707031e+02, 2.842195129394531e+02, 2.851499938964844e+02, 2.844335632324219e+02, 2.891499938964844e+02, 2.872170715332031e+02, 2.873179931640625e+02, 2.851499938964844e+02, 2.851499938964844e+02, 2.890558166503906e+02, 2.891499938964844e+02, 2.851499938964844e+02, 2.891358337402344e+02, 2.89069091796875e+02, 2.851499938964844e+02, 2.831263122558594e+02, 2.891499938964844e+02, 2.891498718261719e+02, 2.877226867675781e+02, 2.851576843261719e+02, 2.891496276855469e+02, 2.886797485351562e+02, 2.891499938964844e+02, 2.891485900878906e+02, 2.890596618652344e+02, 2.891499938964844e+02, 2.890945129394531e+02, 2.891494750976562e+02, 2.891499938964844e+02, 2.891499938964844e+02, 2.891499938964844e+02, 2.891499938964844e+02, 2.883999633789062e+02, 2.891466064453125e+02, 2.891499938964844e+02, 2.891499633789062e+02, 2.891499938964844e+02, 2.881772766113281e+02, 2.891500549316406e+02, 2.891499938964844e+02, 2.891461486816406e+02, 2.891499938964844e+02, 2.891499938964844e+02, 2.891498413085938e+02, 2.891499938964844e+02, 2.891499938964844e+02, 2.891499938964844e+02, 2.891499938964844e+02, 2.891499938964844e+02, 2.891499938964844e+02, 2.891499938964844e+02, 2.891499938964844e+02, 2.891515197753906e+02, 2.891499938964844e+02, 2.890593566894531e+02, 2.891499938964844e+02, 2.891499938964844e+02, 2.8908349609375e+02, 2.891494750976562e+02, 2.891499938964844e+02, 2.891420288085938e+02, 2.891499938964844e+02, 2.891499938964844e+02, 2.891499938964844e+02, 2.891499938964844e+02, 2.891499938964844e+02, 2.891499938964844e+02, 2.891474609375e+02, 2.891499938964844e+02, 2.891499938964844e+02, 2.891499938964844e+02, 2.891499938964844e+02, 2.891499938964844e+02, 2.891499938964844e+02, 2.882265625e+02, 2.884629211425781e+02, 2.891499938964844e+02, 2.851499938964844e+02, 2.891500244140625e+02, 2.891499938964844e+02, 2.886896362304688e+02, 2.891206970214844e+02, 2.852353515625e+02, 2.845319213867188e+02, 2.837702331542969e+02, 2.851499938964844e+02, 2.851122741699219e+02, 2.851499938964844e+02, 2.851482543945312e+02, 2.84706787109375e+02, 2.849684143066406e+02, 2.845175170898438e+02, 2.843166809082031e+02]
pla.sta_b.T=[2.931499938964844e+02, 2.851499938964844e+02, 2.851499938964844e+02, 2.851499938964844e+02, 2.851499938964844e+02, 2.851499938964844e+02, 2.851499938964844e+02, 2.851499938964844e+02, 2.851499938964844e+02, 2.851499938964844e+02, 2.851499938964844e+02, 2.851499938964844e+02, 2.891499938964844e+02, 2.872170715332031e+02, 2.873179931640625e+02, 2.851499938964844e+02, 2.851499938964844e+02, 2.890558166503906e+02, 2.891499938964844e+02, 2.851499938964844e+02, 2.891358337402344e+02, 2.89069091796875e+02, 2.851499938964844e+02, 2.851499938964844e+02, 2.891499938964844e+02, 2.891498718261719e+02, 2.877226867675781e+02, 2.851576843261719e+02, 2.891496276855469e+02, 2.886797485351562e+02, 2.891499938964844e+02, 2.891485900878906e+02, 2.890596618652344e+02, 2.898870544433594e+02, 2.890945129394531e+02, 2.891494750976562e+02, 2.90476318359375e+02, 2.891499938964844e+02, 2.905167846679688e+02, 2.894595947265625e+02, 2.883999633789062e+02, 2.891466064453125e+02, 2.894704284667969e+02, 2.891499633789062e+02, 2.915208435058594e+02, 2.881772766113281e+02, 2.891500549316406e+02, 2.8975e+02, 2.891461486816406e+02, 2.891499938964844e+02, 2.891499938964844e+02, 2.891498413085938e+02, 2.896083984375e+02, 2.925388793945312e+02, 2.891499938964844e+02, 2.901499938964844e+02, 2.908481750488281e+02, 2.891499938964844e+02, 2.925388793945312e+02, 2.910599975585938e+02, 2.891515197753906e+02, 2.925388793945312e+02, 2.890593566894531e+02, 2.891499938964844e+02, 2.925388793945312e+02, 2.8908349609375e+02, 2.891494750976562e+02, 2.925435180664062e+02, 2.891420288085938e+02, 2.891499938964844e+02, 2.924323120117188e+02, 2.891499938964844e+02, 2.891499938964844e+02, 2.919669494628906e+02, 2.891499938964844e+02, 2.891474609375e+02, 2.915472717285156e+02, 2.891499938964844e+02, 2.910428771972656e+02, 2.9056298828125e+02, 2.891499938964844e+02, 2.897890319824219e+02, 2.882265625e+02, 2.884629211425781e+02, 2.891499938964844e+02, 2.851499938964844e+02, 2.891500244140625e+02, 2.891499938964844e+02, 2.886896362304688e+02, 2.891206970214844e+02, 2.852353515625e+02, 2.851499938964844e+02, 2.851499938964844e+02, 2.851499938964844e+02, 2.851499938964844e+02, 2.851499938964844e+02, 2.851499938964844e+02, 2.851499938964844e+02, 2.851499938964844e+02, 2.851499938964844e+02, 2.851499938964844e+02]
watTem.y[1]=[2.848166809082031e+02, 2.843339538574219e+02, 2.839425964355469e+02, 2.837068786621094e+02, 2.83691162109375e+02, 2.838516845703125e+02, 2.840456237792969e+02, 2.842615661621094e+02, 2.844895324707031e+02, 2.847195129394531e+02, 2.849415893554688e+02, 2.85145751953125e+02, 2.853220520019531e+02, 2.854700622558594e+02, 2.856149291992188e+02, 2.85758544921875e+02, 2.859005737304688e+02, 2.86040771484375e+02, 2.861788330078125e+02, 2.86314453125e+02, 2.864474182128906e+02, 2.865636596679688e+02, 2.866377563476562e+02, 2.866899719238281e+02, 2.867427368164062e+02, 2.868185119628906e+02, 2.869397583007812e+02, 2.871381225585938e+02, 2.8747802734375e+02, 2.879055786132812e+02, 2.883445129394531e+02, 2.887188415527344e+02, 2.890557556152344e+02, 2.893870544433594e+02, 2.896651611328125e+02, 2.898452453613281e+02, 2.89976318359375e+02, 2.900993347167969e+02, 2.902210693359375e+02, 2.903484191894531e+02, 2.904834594726562e+02, 2.906195068359375e+02, 2.907552185058594e+02, 2.908895568847656e+02, 2.910208435058594e+02, 2.911480407714844e+02, 2.912731628417969e+02, 2.913982849121094e+02, 2.915299682617188e+02, 2.917096557617188e+02, 2.918949279785156e+02, 2.92019775390625e+02, 2.920388793945312e+02, 2.920388793945312e+02, 2.920388793945312e+02, 2.920388793945312e+02, 2.920388793945312e+02, 2.920388793945312e+02, 2.920388793945312e+02, 2.920388793945312e+02, 2.920388793945312e+02, 2.920388793945312e+02, 2.920388793945312e+02, 2.920388793945312e+02, 2.920388793945312e+02, 2.920388793945312e+02, 2.920388793945312e+02, 2.920388793945312e+02, 2.920388793945312e+02, 2.920252075195312e+02, 2.919323120117188e+02, 2.917832946777344e+02, 2.916157836914062e+02, 2.914669494628906e+02, 2.913346557617188e+02, 2.911974792480469e+02, 2.910472717285156e+02, 2.908677978515625e+02, 2.905428771972656e+02, 2.901087951660156e+02, 2.896595153808594e+02, 2.892890319824219e+02, 2.890063171386719e+02, 2.887277526855469e+02, 2.884545593261719e+02, 2.881888122558594e+02, 2.879325866699219e+02, 2.876879577636719e+02, 2.87454345703125e+02, 2.87222412109375e+02, 2.86991455078125e+02, 2.867618103027344e+02, 2.865338745117188e+02, 2.863080139160156e+02, 2.860846252441406e+02, 2.858640747070312e+02, 2.856466979980469e+02, 2.854328918457031e+02, 2.852230529785156e+02, 2.850175170898438e+02, 2.848166809082031e+02]
pla.m_flow=[2.145250082015991e+00, 1.709420585632324e+01, 1.395989036560059e+01, 8.47398579120636e-01, 3.196170330047607e+00, 7.456494903564453e+01, 7.387608885765076e-01, 1.551855373382568e+01, 3.174145460128784e+00, 5.157915878295898e+01, -7.504592895507812e+00, 1.087489247322083e+00, -1.421632099151611e+01, -6.053729629516602e+01, 6.621809601783752e-01, 3.168782424926758e+01, 1.807377624511719e+01, 2.297403961420059e-01, -6.554685974121094e+01, 7.543069839477539e+00, 2.471396774053574e-01, -3.763974380493164e+01, 4.459074401855469e+01, 3.748331665992737e-01, -8.286191558837891e+01, 5.341334342956543e+00, 5.297995805740356e-01, -1.453443622589111e+01, 1.567556476593018e+01, 6.968494653701782e-01, -7.693580627441406e+01, 9.162217378616333e-01, 3.977430725097656e+01, -9.156953430175781e+01, 2.636120021343231e-01, 1.822130012512207e+01, -8.709348297119141e+01, 1.977986991405487e-01, -6.847740173339844e+01, -6.365224075317383e+01, 2.486644238233566e-01, -5.84240837097168e+01, -6.445822143554688e+01, 2.002184689044952e-01, -7.241464996337891e+01, 2.684179306030273e+01, 4.453907608985901e-01, -7.233050537109375e+01, 7.376256465911865e+00, -2.295376205444336e+01, 2.723398506641388e-01, 4.982706010341644e-01, -7.058480739593506e+00, -8.443305206298828e+01, 1.711408942937851e-01, -6.682632446289062e+01, -7.841392517089844e+01, 1.829684972763062e-01, -8.304146575927734e+01, -8.879561614990234e+01, 1.849255561828613e-01, -9.359754180908203e+01, -3.212647914886475e+00, 1.027363017201424e-01, -8.874695587158203e+01, 2.882677268981934e+01, 4.139886796474457e-01, -8.291361999511719e+01, 5.472169494628906e+01, 4.339666664600372e-01, -8.902953338623047e+01, 3.40943843126297e-01, -5.522288131713867e+01, -7.583880615234375e+01, 1.627453565597534e-01, 6.905909180641174e-01, -8.088552093505859e+01, 2.092619985342026e-01, -7.752358245849609e+01, -5.994325637817383e+01, 1.748517900705338e-01, -7.166165161132812e+01, 8.773651123046875e+00, 3.05946558713913e-01, -2.163391304016113e+01, 7.511972045898438e+01, 4.797065734863281e+00, -8.048798370361328e+01, 9.068016409873962e-01, 2.376863288879395e+01, -2.497246170043945e+01, 9.190536141395569e-01, 7.303382754325867e-01, 2.364826440811157e+00, 1.309397459030151e+00, 4.199614334106445e+01, 4.391867160797119e+00, 1.097185015678406e+00, 4.403820037841797e+00, 3.479304122924805e+01, 2.07730507850647e+00]
EEleHea.y=[0e+00, 3.2122646528e+10, 8.6338445312e+10, 1.40310708224e+11, 1.82820503552e+11, 2.10624299008e+11, 2.44522713088e+11, 3.04914464768e+11, 3.4027372544e+11, 3.92653930496e+11, 4.22851313664e+11, 4.5738377216e+11, 4.8372023296e+11, 5.00938604544e+11, 5.09001465856e+11, 5.40397502464e+11, 5.63399163904e+11, 5.83569178624e+11, 5.95761758208e+11, 6.17897459712e+11, 6.28773158912e+11, 6.47448756224e+11, 6.6640379904e+11, 7.03723995136e+11, 7.18991065088e+11, 7.31066007552e+11, 7.43787790336e+11, 7.63545387008e+11, 7.78371989504e+11, 7.87878641664e+11, 8.01802420224e+11, 8.13047545856e+11, 8.28603236352e+11, 8.39922221056e+11, 8.50224218112e+11, 8.6186786816e+11, 8.74713448448e+11, 8.8201756672e+11, 8.93418471424e+11, 9.02466502656e+11, 9.11687614464e+11, 9.19910875136e+11, 9.3016621056e+11, 9.36627208192e+11, 9.46535333888e+11, 9.55695890432e+11, 9.74496858112e+11, 9.86768736256e+11, 9.97199904768e+11, 1.00735811584e+12, 1.01350998016e+12, 1.02063276032e+12, 1.028485087232e+12, 1.03691812864e+12, 1.042650300416e+12, 1.053343350784e+12, 1.060636000256e+12, 1.069096042496e+12, 1.076116258816e+12, 1.083969765376e+12, 1.09011304448e+12, 1.098136551424e+12, 1.10460338176e+12, 1.114173997056e+12, 1.121304313856e+12, 1.130557865984e+12, 1.139240992768e+12, 1.147742584832e+12, 1.152740491264e+12, 1.16234911744e+12, 1.169826381824e+12, 1.177044516864e+12, 1.185317781504e+12, 1.192498561024e+12, 1.200849944576e+12, 1.207951556608e+12, 1.218518450176e+12, 1.224788803584e+12, 1.235165773824e+12, 1.243695546368e+12, 1.255161331712e+12, 1.2642123776e+12, 1.277414473728e+12, 1.28989986816e+12, 1.305929711616e+12, 1.328000925696e+12, 1.353252601856e+12, 1.36207597568e+12, 1.37652731904e+12, 1.389352189952e+12, 1.406117216256e+12, 1.426525126656e+12, 1.46239127552e+12, 1.483418107904e+12, 1.52334303232e+12, 1.554995216384e+12, 1.591093362688e+12, 1.622410919936e+12, 1.656027742208e+12, 1.695112364032e+12, 1.722688602112e+12]
EEleCoo.y=[0e+00, 3.66768576e+08, 3.688984e+08, 3.83090528e+08, 3.89099232e+08, 7.1917248e+08, 1.265260032e+09, 1.266996608e+09, 1.283123968e+09, 1.392835584e+09, 1.543394688e+09, 2.071314048e+09, 4.014199808e+09, 1.4181528576e+10, 1.9896649728e+10, 2.0033251328e+10, 2.0710324224e+10, 2.9036539904e+10, 3.6561399808e+10, 3.930933248e+10, 5.017843712e+10, 5.4537531392e+10, 5.5684866048e+10, 5.5856951296e+10, 6.1030076416e+10, 7.1363657728e+10, 8.187138048e+10, 8.3567353856e+10, 9.1750957056e+10, 9.985601536e+10, 1.0736459776e+11, 1.11858204672e+11, 1.24285730816e+11, 1.31552206848e+11, 1.53025069056e+11, 1.61880244224e+11, 1.81730394112e+11, 2.06347255808e+11, 2.40240541696e+11, 2.50775732224e+11, 2.8381872128e+11, 2.91533684736e+11, 3.28278704128e+11, 3.70724110336e+11, 4.00947904512e+11, 4.16709214208e+11, 4.26244702208e+11, 4.423630848e+11, 4.67628032e+11, 4.95226191872e+11, 5.50638190592e+11, 5.67234265088e+11, 6.0256813056e+11, 6.49554558976e+11, 6.89293295616e+11, 7.18395736064e+11, 7.45494544384e+11, 7.9761768448e+11, 8.33322876928e+11, 8.959492096e+11, 9.42256816128e+11, 1.009272356864e+12, 1.044914044928e+12, 1.088235372544e+12, 1.121190674432e+12, 1.159903051776e+12, 1.185540210688e+12, 1.236256161792e+12, 1.278513905664e+12, 1.326237483008e+12, 1.362310856704e+12, 1.42029094912e+12, 1.460838334464e+12, 1.50330802176e+12, 1.542828720128e+12, 1.580977225728e+12, 1.602784854016e+12, 1.639714783232e+12, 1.660432285696e+12, 1.677630636032e+12, 1.702801440768e+12, 1.718706634752e+12, 1.734567657472e+12, 1.742507606016e+12, 1.750779559936e+12, 1.751383801856e+12, 1.756899049472e+12, 1.762267103232e+12, 1.772743032832e+12, 1.77926897664e+12, 1.781470199808e+12, 1.781944287232e+12, 1.782312992768e+12, 1.783860822016e+12, 1.784378687488e+12, 1.784578310144e+12, 1.78471108608e+12, 1.785115967488e+12, 1.785189892096e+12, 1.785195003904e+12, 1.785423593472e+12]
ETheHea.y=[0e+00, 1.23577286656e+11, 3.02084849664e+11, 4.65937432576e+11, 6.02145030144e+11, 7.1255687168e+11, 8.51562921984e+11, 1.04944730112e+12, 1.164660178944e+12, 1.34612975616e+12, 1.451195891712e+12, 1.58091706368e+12, 1.677075677184e+12, 1.752133402624e+12, 1.782950395904e+12, 1.903248801792e+12, 1.990346539008e+12, 2.06666072064e+12, 2.118754369536e+12, 2.216779055104e+12, 2.255435333632e+12, 2.337720500224e+12, 2.412386975744e+12, 2.555619835904e+12, 2.612323680256e+12, 2.662642221056e+12, 2.714902462464e+12, 2.796894552064e+12, 2.853290115072e+12, 2.891037802496e+12, 2.94734790656e+12, 2.996526645248e+12, 3.064187584512e+12, 3.110960627712e+12, 3.14621558784e+12, 3.194326351872e+12, 3.247420997632e+12, 3.27431225344e+12, 3.325918183424e+12, 3.366473170944e+12, 3.397419532288e+12, 3.428938678272e+12, 3.46951909376e+12, 3.486168645632e+12, 3.52706494464e+12, 3.56563943424e+12, 3.648375750656e+12, 3.702421716992e+12, 3.749319278592e+12, 3.793982849024e+12, 3.809794064384e+12, 3.837466509312e+12, 3.869411377152e+12, 3.90050349056e+12, 3.916347736064e+12, 3.961847283712e+12, 3.993830948864e+12, 4.022682779648e+12, 4.048216129536e+12, 4.074965303296e+12, 4.092472590336e+12, 4.115671023616e+12, 4.14126440448e+12, 4.1790799872e+12, 4.206519386112e+12, 4.245880569856e+12, 4.28311445504e+12, 4.315620835328e+12, 4.329578692608e+12, 4.368221863936e+12, 4.395462033408e+12, 4.418325970944e+12, 4.448118112256e+12, 4.474738835456e+12, 4.50759491584e+12, 4.5317881856e+12, 4.57849438208e+12, 4.596446527488e+12, 4.63828942848e+12, 4.680247148544e+12, 4.724266369024e+12, 4.75899363328e+12, 4.827134296064e+12, 4.891379499008e+12, 4.964003872768e+12, 5.059965353984e+12, 5.178955137024e+12, 5.214388092928e+12, 5.284609130496e+12, 5.345571766272e+12, 5.420696993792e+12, 5.502175543296e+12, 5.639384858624e+12, 5.729550860288e+12, 5.897332457472e+12, 6.013920477184e+12, 6.158272167936e+12, 6.277701828608e+12, 6.402029912064e+12, 6.533857411072e+12, 6.632954134528e+12]
ETheCoo.y=[0e+00, -2.2810038272e+10, -2.2994735104e+10, -2.4224006144e+10, -2.474510336e+10, -5.044355072e+10, -9.135878144e+10, -9.1509383168e+10, -9.2906266624e+10, -1.02320431104e+11, -1.14980077568e+11, -1.55249819648e+11, -2.20300673024e+11, -3.63747606528e+11, -4.43573272576e+11, -4.54539313152e+11, -4.83962945536e+11, -6.12277354496e+11, -7.21281286144e+11, -7.86276483072e+11, -9.4801395712e+11, -1.037659471872e+12, -1.081888866304e+12, -1.09669285888e+12, -1.197445480448e+12, -1.340175548416e+12, -1.486852980736e+12, -1.534210080768e+12, -1.668277993472e+12, -1.782162915328e+12, -1.898505568256e+12, -1.978203373568e+12, -2.141454073856e+12, -2.234697908224e+12, -2.421397127168e+12, -2.525528064e+12, -2.684839788544e+12, -2.86810832896e+12, -3.137206222848e+12, -3.233445052416e+12, -3.443992559616e+12, -3.523078258688e+12, -3.725650296832e+12, -3.944042201088e+12, -4.14100094976e+12, -4.265653567488e+12, -4.378199064576e+12, -4.50028109824e+12, -4.659526762496e+12, -4.82797420544e+12, -5.041088364544e+12, -5.178491666432e+12, -5.380370333696e+12, -5.61152786432e+12, -5.793347796992e+12, -6.003350306816e+12, -6.164031995904e+12, -6.408700952576e+12, -6.60752826368e+12, -6.86796046336e+12, -7.082594533376e+12, -7.344516235264e+12, -7.521150959616e+12, -7.770189856768e+12, -7.956868890624e+12, -8.17051205632e+12, -8.33752137728e+12, -8.576332464128e+12, -8.74864443392e+12, -8.992691585024e+12, -9.193019932672e+12, -9.413857378304e+12, -9.645133398016e+12, -9.885945167872e+12, -1.0129353211904e+13, -1.0338763276288e+13, -1.05152249856e+13, -1.070427275264e+13, -1.0865525915648e+13, -1.1022187364352e+13, -1.122062303232e+13, -1.135654469632e+13, -1.1535239872512e+13, -1.165029277696e+13, -1.1782824394752e+13, -1.1819001315328e+13, -1.1953529421824e+13, -1.2032664403968e+13, -1.2178209898496e+13, -1.228442435584e+13, -1.2336362422272e+13, -1.23740880896e+13, -1.2394423123968e+13, -1.2463160426496e+13, -1.2505278578688e+13, -1.2521515778048e+13, -1.2532504854528e+13, -1.2565740519424e+13, -1.2572131590144e+13, -1.2572579332096e+13, -1.2592040902656e+13]
ETheHotWat.y=[0e+00, 1.2160082944e+10, 2.3935352832e+10, 3.690600448e+10, 4.8301379584e+10, 5.8966941696e+10, 7.0720167936e+10, 8.4628127744e+10, 9.4828273664e+10, 1.09891346432e+11, 1.20265629696e+11, 1.34115835904e+11, 1.45741955072e+11, 1.59241682944e+11, 1.68119779328e+11, 1.82845407232e+11, 1.92897253376e+11, 2.07293448192e+11, 2.1846745088e+11, 2.31547518976e+11, 2.42973704192e+11, 2.56227934208e+11, 2.67128029184e+11, 2.80352096256e+11, 2.92360880128e+11, 3.03983394816e+11, 3.16694429696e+11, 3.27787839488e+11, 3.40017086464e+11, 3.5136929792e+11, 3.64622938112e+11, 3.74398713856e+11, 3.8867402752e+11, 3.98429356032e+11, 4.11481735168e+11, 4.22357434368e+11, 4.34899419136e+11, 4.450115584e+11, 4.58600448e+11, 4.67839909888e+11, 4.81096368128e+11, 4.89508732928e+11, 5.01439135744e+11, 5.11901564928e+11, 5.2386676736e+11, 5.33637398528e+11, 5.45842495488e+11, 5.56565856256e+11, 5.67207395328e+11, 5.78751299584e+11, 5.88824969216e+11, 5.98197075968e+11, 6.08508772352e+11, 6.20336775168e+11, 6.29567389696e+11, 6.42479751168e+11, 6.51311972352e+11, 6.63591714816e+11, 6.73472118784e+11, 6.85013336064e+11, 6.94681206784e+11, 7.07200221184e+11, 7.1583399936e+11, 7.28573476864e+11, 7.38044018688e+11, 7.49548732416e+11, 7.59690100736e+11, 7.71199401984e+11, 7.78946674688e+11, 7.90940942336e+11, 8.01344847872e+11, 8.1205428224e+11, 8.23533568e+11, 8.3366576128e+11, 8.4495761408e+11, 8.55345987584e+11, 8.672690176e+11, 8.7702929408e+11, 8.88490688512e+11, 8.97586233344e+11, 9.10709358592e+11, 9.20941821952e+11, 9.33092589568e+11, 9.43643295744e+11, 9.56811771904e+11, 9.65976653824e+11, 9.80026195968e+11, 9.89340499968e+11, 1.00204118016e+12, 1.01316657152e+12, 1.02379126784e+12, 1.034311237632e+12, 1.047391698944e+12, 1.058417934336e+12, 1.07081007104e+12, 1.083183398912e+12, 1.09449740288e+12, 1.10708588544e+12, 1.118384816128e+12, 1.129212936192e+12, 1.140454588416e+12]
=======
pla.sta_a.T=[2.931499938964844e+02, 2.838339538574219e+02, 2.834425964355469e+02, 2.827530212402344e+02, 2.850327758789062e+02, 2.851499938964844e+02, 2.838070983886719e+02, 2.837615661621094e+02, 2.839895324707031e+02, 2.842195129394531e+02, 2.851499938964844e+02, 2.844335632324219e+02, 2.891499938964844e+02, 2.872172241210938e+02, 2.873179931640625e+02, 2.851499938964844e+02, 2.851499938964844e+02, 2.890558166503906e+02, 2.891499938964844e+02, 2.851499938964844e+02, 2.891358337402344e+02, 2.890689697265625e+02, 2.851499938964844e+02, 2.831259460449219e+02, 2.891499938964844e+02, 2.8914990234375e+02, 2.877224731445312e+02, 2.851576843261719e+02, 2.891496276855469e+02, 2.886797180175781e+02, 2.891499938964844e+02, 2.891488647460938e+02, 2.890595092773438e+02, 2.891499938964844e+02, 2.890945739746094e+02, 2.891495666503906e+02, 2.891499938964844e+02, 2.891499938964844e+02, 2.891499938964844e+02, 2.891499938964844e+02, 2.883998413085938e+02, 2.891466064453125e+02, 2.891499938964844e+02, 2.891498413085938e+02, 2.891499938964844e+02, 2.881772766113281e+02, 2.891498718261719e+02, 2.891499938964844e+02, 2.891461791992188e+02, 2.891499938964844e+02, 2.891918640136719e+02, 2.891502075195312e+02, 2.891499938964844e+02, 2.891499938964844e+02, 2.891499938964844e+02, 2.891499938964844e+02, 2.891499938964844e+02, 2.891499938964844e+02, 2.891499938964844e+02, 2.891499938964844e+02, 2.891493225097656e+02, 2.891499938964844e+02, 2.890517272949219e+02, 2.891499938964844e+02, 2.891499938964844e+02, 2.890835571289062e+02, 2.891499633789062e+02, 2.891499938964844e+02, 2.891420288085938e+02, 2.891499938964844e+02, 2.891499938964844e+02, 2.891499938964844e+02, 2.891499938964844e+02, 2.891499938964844e+02, 2.891499938964844e+02, 2.891474609375e+02, 2.891499938964844e+02, 2.891499938964844e+02, 2.891499938964844e+02, 2.891499938964844e+02, 2.891499938964844e+02, 2.891499938964844e+02, 2.882265319824219e+02, 2.884629516601562e+02, 2.891499938964844e+02, 2.851499938964844e+02, 2.891490783691406e+02, 2.891499938964844e+02, 2.886895751953125e+02, 2.891206665039062e+02, 2.852353820800781e+02, 2.845318908691406e+02, 2.837843017578125e+02, 2.851499938964844e+02, 2.851122741699219e+02, 2.851499938964844e+02, 2.851482543945312e+02, 2.84706787109375e+02, 2.849684143066406e+02, 2.845175170898438e+02, 2.843166809082031e+02]
pla.sta_b.T=[2.931499938964844e+02, 2.851499938964844e+02, 2.851499938964844e+02, 2.851499938964844e+02, 2.851499938964844e+02, 2.851499938964844e+02, 2.851499938964844e+02, 2.851499938964844e+02, 2.851499938964844e+02, 2.851499938964844e+02, 2.851499938964844e+02, 2.851499938964844e+02, 2.891499938964844e+02, 2.872172241210938e+02, 2.873179931640625e+02, 2.851499938964844e+02, 2.851499938964844e+02, 2.890558166503906e+02, 2.891499938964844e+02, 2.851499938964844e+02, 2.891358337402344e+02, 2.890689697265625e+02, 2.851499938964844e+02, 2.851499938964844e+02, 2.891499938964844e+02, 2.8914990234375e+02, 2.877224731445312e+02, 2.851576843261719e+02, 2.891496276855469e+02, 2.886797180175781e+02, 2.891499938964844e+02, 2.891488647460938e+02, 2.890595092773438e+02, 2.898870544433594e+02, 2.890945739746094e+02, 2.891495666503906e+02, 2.90476318359375e+02, 2.891499938964844e+02, 2.905167846679688e+02, 2.894595947265625e+02, 2.883998413085938e+02, 2.891466064453125e+02, 2.894704284667969e+02, 2.891498413085938e+02, 2.915208435058594e+02, 2.881772766113281e+02, 2.891498718261719e+02, 2.8975e+02, 2.891461791992188e+02, 2.891499938964844e+02, 2.891918640136719e+02, 2.891502075195312e+02, 2.896083984375e+02, 2.925388793945312e+02, 2.891499938964844e+02, 2.901499938964844e+02, 2.908481750488281e+02, 2.891499938964844e+02, 2.925388793945312e+02, 2.910599975585938e+02, 2.891493225097656e+02, 2.925388793945312e+02, 2.890517272949219e+02, 2.891499938964844e+02, 2.925388793945312e+02, 2.890835571289062e+02, 2.891499633789062e+02, 2.925435180664062e+02, 2.891420288085938e+02, 2.891499938964844e+02, 2.924323120117188e+02, 2.891499938964844e+02, 2.891499938964844e+02, 2.919669494628906e+02, 2.891499938964844e+02, 2.891474609375e+02, 2.915472717285156e+02, 2.891499938964844e+02, 2.910428771972656e+02, 2.9056298828125e+02, 2.891499938964844e+02, 2.897890319824219e+02, 2.882265319824219e+02, 2.884629516601562e+02, 2.891499938964844e+02, 2.851499938964844e+02, 2.891490783691406e+02, 2.891499938964844e+02, 2.886895751953125e+02, 2.891206665039062e+02, 2.852353820800781e+02, 2.851499938964844e+02, 2.851499938964844e+02, 2.851499938964844e+02, 2.851499938964844e+02, 2.851499938964844e+02, 2.851499938964844e+02, 2.851499938964844e+02, 2.851499938964844e+02, 2.851499938964844e+02, 2.851499938964844e+02]
watTem.y[1]=[2.848166809082031e+02, 2.843339538574219e+02, 2.839425964355469e+02, 2.837068786621094e+02, 2.83691162109375e+02, 2.838516845703125e+02, 2.840456237792969e+02, 2.842615661621094e+02, 2.844895324707031e+02, 2.847195129394531e+02, 2.849415893554688e+02, 2.85145751953125e+02, 2.853220520019531e+02, 2.854700622558594e+02, 2.856149291992188e+02, 2.85758544921875e+02, 2.859005737304688e+02, 2.86040771484375e+02, 2.861788330078125e+02, 2.86314453125e+02, 2.864474182128906e+02, 2.865636596679688e+02, 2.866377563476562e+02, 2.866899719238281e+02, 2.867427368164062e+02, 2.868185119628906e+02, 2.869397583007812e+02, 2.871381225585938e+02, 2.8747802734375e+02, 2.879055786132812e+02, 2.883445129394531e+02, 2.887188415527344e+02, 2.890557556152344e+02, 2.893870544433594e+02, 2.896651611328125e+02, 2.898452453613281e+02, 2.89976318359375e+02, 2.900993347167969e+02, 2.902210693359375e+02, 2.903484191894531e+02, 2.904834594726562e+02, 2.906195068359375e+02, 2.907552185058594e+02, 2.908895568847656e+02, 2.910208435058594e+02, 2.911480407714844e+02, 2.912731628417969e+02, 2.913982849121094e+02, 2.915299682617188e+02, 2.917096557617188e+02, 2.918949279785156e+02, 2.92019775390625e+02, 2.920388793945312e+02, 2.920388793945312e+02, 2.920388793945312e+02, 2.920388793945312e+02, 2.920388793945312e+02, 2.920388793945312e+02, 2.920388793945312e+02, 2.920388793945312e+02, 2.920388793945312e+02, 2.920388793945312e+02, 2.920388793945312e+02, 2.920388793945312e+02, 2.920388793945312e+02, 2.920388793945312e+02, 2.920388793945312e+02, 2.920388793945312e+02, 2.920388793945312e+02, 2.920252075195312e+02, 2.919323120117188e+02, 2.917832946777344e+02, 2.916157836914062e+02, 2.914669494628906e+02, 2.913346557617188e+02, 2.911974792480469e+02, 2.910472717285156e+02, 2.908677978515625e+02, 2.905428771972656e+02, 2.901087951660156e+02, 2.896595153808594e+02, 2.892890319824219e+02, 2.890063171386719e+02, 2.887277526855469e+02, 2.884545593261719e+02, 2.881888122558594e+02, 2.879325866699219e+02, 2.876879577636719e+02, 2.87454345703125e+02, 2.87222412109375e+02, 2.86991455078125e+02, 2.867618103027344e+02, 2.865338745117188e+02, 2.863080139160156e+02, 2.860846252441406e+02, 2.858640747070312e+02, 2.856466979980469e+02, 2.854328918457031e+02, 2.852230529785156e+02, 2.850175170898438e+02, 2.848166809082031e+02]
pla.m_flow=[2.145250082015991e+00, 1.709420585632324e+01, 1.395989036560059e+01, 8.47398579120636e-01, 3.196170330047607e+00, 7.456494903564453e+01, 7.38760769367218e-01, 1.551855373382568e+01, 3.174145460128784e+00, 5.157915878295898e+01, -7.504591941833496e+00, 1.087489128112793e+00, -1.421632289886475e+01, -6.05373420715332e+01, 6.621795296669006e-01, 3.168782424926758e+01, 1.807376480102539e+01, 2.297404557466507e-01, -6.554685211181641e+01, 7.543075084686279e+00, 2.471396774053574e-01, -3.763967132568359e+01, 4.459073638916016e+01, 3.748334050178528e-01, -8.286190795898438e+01, 5.341333389282227e+00, 5.297994017601013e-01, -1.453443717956543e+01, 1.567556571960449e+01, 6.968493461608887e-01, -7.693582153320312e+01, 9.162216782569885e-01, 3.97742805480957e+01, -9.156953430175781e+01, 2.636119723320007e-01, 1.822130393981934e+01, -8.709346008300781e+01, 1.977987736463547e-01, -6.847740173339844e+01, -6.365216827392578e+01, 2.486635446548462e-01, -5.84240837097168e+01, -6.44581298828125e+01, 2.002183794975281e-01, -7.241464996337891e+01, 2.68417797088623e+01, 4.453907012939453e-01, -7.233045196533203e+01, 7.376250267028809e+00, -2.295376205444336e+01, 2.72339403629303e-01, 4.982703328132629e-01, -7.058480739593506e+00, -8.443305206298828e+01, 1.711408942937851e-01, -6.682632446289062e+01, -7.841397094726562e+01, 1.829685121774673e-01, -8.304146575927734e+01, -8.879552459716797e+01, 1.849255412817001e-01, -9.359754180908203e+01, -3.212665557861328e+00, 1.027362793684006e-01, -8.874695587158203e+01, 2.882676696777344e+01, 4.139886200428009e-01, -8.291361999511719e+01, 5.47216911315918e+01, 4.339666962623596e-01, -8.902953338623047e+01, 3.409439325332642e-01, -5.522288131713867e+01, -7.583880615234375e+01, 1.627453714609146e-01, 6.90591037273407e-01, -8.088558197021484e+01, 2.092619836330414e-01, -7.752358245849609e+01, -5.994324111938477e+01, 1.748517751693726e-01, -7.166167449951172e+01, 8.773655891418457e+00, 3.05946558713913e-01, -2.16339225769043e+01, 7.511977386474609e+01, 4.797066211700439e+00, -8.048793792724609e+01, 9.068006873130798e-01, 2.376862907409668e+01, -2.497246170043945e+01, 9.190536141395569e-01, 7.303382158279419e-01, 2.364866733551025e+00, 1.309397578239441e+00, 4.199614334106445e+01, 4.391867637634277e+00, 1.097184896469116e+00, 4.403821468353271e+00, 3.479304122924805e+01, 2.077305555343628e+00]
EEleHea.y=[0e+00, 3.2129390592e+10, 8.6347169792e+10, 1.4033027072e+11, 1.82845423616e+11, 2.1065056256e+11, 2.44552024064e+11, 3.04946413568e+11, 3.40311998464e+11, 3.9270760448e+11, 4.22907019264e+11, 4.57446621184e+11, 4.83788587008e+11, 5.01009547264e+11, 5.09073588224e+11, 5.404770304e+11, 5.6348540928e+11, 5.8365968384e+11, 5.95854491648e+11, 6.17995042816e+11, 6.2887264256e+11, 6.47552761856e+11, 6.66510753792e+11, 7.03839141888e+11, 7.19108702208e+11, 7.31185938432e+11, 7.43910670336e+11, 7.63672133632e+11, 7.7850247168e+11, 7.88011286528e+11, 8.01938538496e+11, 8.13186154496e+11, 8.28744728576e+11, 8.40065941504e+11, 8.50369773568e+11, 8.6201597952e+11, 8.74864377856e+11, 8.82169479168e+11, 8.93573005312e+11, 9.02623330304e+11, 9.1184627712e+11, 9.20070586368e+11, 9.30328281088e+11, 9.36790982656e+11, 9.4670061568e+11, 9.55863269376e+11, 9.74669217792e+11, 9.86943586304e+11, 9.97377376256e+11, 1.00753702912e+12, 1.013689745408e+12, 1.020813901824e+12, 1.028667277312e+12, 1.03710195712e+12, 1.042833932288e+12, 1.0535288832e+12, 1.060819042304e+12, 1.069280919552e+12, 1.076301594624e+12, 1.08415614976e+12, 1.090300084224e+12, 1.098324967424e+12, 1.104792649728e+12, 1.114369818624e+12, 1.121501970432e+12, 1.130754998272e+12, 1.13943773184e+12, 1.147942600704e+12, 1.152941031424e+12, 1.162551099392e+12, 1.17002928128e+12, 1.1772493824e+12, 1.185523695616e+12, 1.192707227648e+12, 1.2010553344e+12, 1.208156553216e+12, 1.218726068224e+12, 1.224997208064e+12, 1.235375751168e+12, 1.243906310144e+12, 1.255373406208e+12, 1.264425631744e+12, 1.27762956288e+12, 1.290117709824e+12, 1.306150043648e+12, 1.328224796672e+12, 1.353481715712e+12, 1.362306531328e+12, 1.376761020416e+12, 1.389588774912e+12, 1.406357733376e+12, 1.426770624512e+12, 1.462667706368e+12, 1.48369702912e+12, 1.523623657472e+12, 1.55528200192e+12, 1.591380017152e+12, 1.622706225152e+12, 1.656330387456e+12, 1.695423135744e+12, 1.723006058496e+12]
EEleCoo.y=[0e+00, 3.67530496e+08, 3.69657792e+08, 3.84107264e+08, 3.9010224e+08, 7.20400064e+08, 1.26718144e+09, 1.268915584e+09, 1.28528128e+09, 1.395555712e+09, 1.54654208e+09, 2.075317888e+09, 4.018929664e+09, 1.4186935296e+10, 1.990286336e+10, 2.0041023488e+10, 2.0719054848e+10, 2.9045989376e+10, 3.657119744e+10, 3.9319875584e+10, 5.0190336e+10, 5.4550319104e+10, 5.5698386944e+10, 5.587161088e+10, 6.1045686272e+10, 7.1380017152e+10, 8.188854272e+10, 8.3585220608e+10, 9.1770888192e+10, 9.987678208e+10, 1.07386175488e+11, 1.118810112e+11, 1.24309495808e+11, 1.31576799232e+11, 1.5305023488e+11, 1.6190636032e+11, 1.81756821504e+11, 2.06374240256e+11, 2.40270573568e+11, 2.50806337536e+11, 2.83848572928e+11, 2.91564650496e+11, 3.28310423552e+11, 3.707559936e+11, 4.00980115456e+11, 4.16742146048e+11, 4.2627760128e+11, 4.42397065216e+11, 4.67663683584e+11, 4.95262138368e+11, 5.50675021824e+11, 5.67272865792e+11, 6.02605355008e+11, 6.49593946112e+11, 6.89335959552e+11, 7.18437220352e+11, 7.45536749568e+11, 7.97661069312e+11, 8.33367375872e+11, 8.95992856576e+11, 9.42301708288e+11, 1.009317511168e+12, 1.04496103424e+12, 1.088289046528e+12, 1.121243758592e+12, 1.159956660224e+12, 1.18559408128e+12, 1.236312260608e+12, 1.278567514112e+12, 1.32629266432e+12, 1.362367086592e+12, 1.420348489728e+12, 1.460897579008e+12, 1.503370149888e+12, 1.542884818944e+12, 1.581031227392e+12, 1.60283820032e+12, 1.639768129536e+12, 1.660486680576e+12, 1.677685293056e+12, 1.702856491008e+12, 1.718762078208e+12, 1.734623494144e+12, 1.742564360192e+12, 1.750837100544e+12, 1.751442128896e+12, 1.756958687232e+12, 1.76232726528e+12, 1.772804112384e+12, 1.779330711552e+12, 1.78153259008e+12, 1.78200772608e+12, 1.782376562688e+12, 1.783925178368e+12, 1.784443305984e+12, 1.784643715072e+12, 1.784776884224e+12, 1.785182683136e+12, 1.78525765632e+12, 1.785262768128e+12, 1.785492406272e+12]
ETheHea.y=[0e+00, 1.235765248e+11, 3.0206918656e+11, 4.65932582912e+11, 6.0213362688e+11, 7.1254147072e+11, 8.51542474752e+11, 1.04941551616e+12, 1.164624920576e+12, 1.34611337216e+12, 1.451158536192e+12, 1.580886523904e+12, 1.677050249216e+12, 1.752107712512e+12, 1.782924836864e+12, 1.903220097024e+12, 1.990329892864e+12, 2.066643943424e+12, 2.118738378752e+12, 2.216762540032e+12, 2.255419342848e+12, 2.337704247296e+12, 2.412371247104e+12, 2.555582611456e+12, 2.612286717952e+12, 2.662604996608e+12, 2.71486550016e+12, 2.796856803328e+12, 2.853264949248e+12, 2.891013685248e+12, 2.947324051456e+12, 2.996502265856e+12, 3.064165564416e+12, 3.110938345472e+12, 3.146194092032e+12, 3.194304856064e+12, 3.24739923968e+12, 3.274295476224e+12, 3.325916086272e+12, 3.366471860224e+12, 3.397415337984e+12, 3.428934746112e+12, 3.469514375168e+12, 3.48617048064e+12, 3.527062585344e+12, 3.565637074944e+12, 3.64837339136e+12, 3.70241961984e+12, 3.749317705728e+12, 3.793980227584e+12, 3.809791705088e+12, 3.8374670336e+12, 3.869402464256e+12, 3.90049431552e+12, 3.916328599552e+12, 3.961828671488e+12, 3.993794510848e+12, 4.022648438784e+12, 4.048184410112e+12, 4.074936467456e+12, 4.092445589504e+12, 4.115644809216e+12, 4.141237141504e+12, 4.179104628736e+12, 4.206551891968e+12, 4.245890793472e+12, 4.283105804288e+12, 4.315637874688e+12, 4.32959520768e+12, 4.368237068288e+12, 4.395479334912e+12, 4.418343796736e+12, 4.448134889472e+12, 4.474783924224e+12, 4.507601731584e+12, 4.531790282752e+12, 4.578500149248e+12, 4.596452294656e+12, 4.63829204992e+12, 4.680248721408e+12, 4.724266893312e+12, 4.758994681856e+12, 4.827129577472e+12, 4.891374256128e+12, 4.963997057024e+12, 5.059958013952e+12, 5.178947796992e+12, 5.214381277184e+12, 5.284601790464e+12, 5.34556442624e+12, 5.42068965376e+12, 5.502170300416e+12, 5.639487094784e+12, 5.729652047872e+12, 5.897402187776e+12, 6.013970284544e+12, 6.158305722368e+12, 6.277761073152e+12, 6.40209911808e+12, 6.533930287104e+12, 6.63303487488e+12]
ETheCoo.y=[0e+00, -2.2810171392e+10, -2.2994870272e+10, -2.4224288768e+10, -2.4745459712e+10, -5.0442825728e+10, -9.1355889664e+10, -9.1506458624e+10, -9.290326016e+10, -1.02318104576e+11, -1.14978930688e+11, -1.55247312896e+11, -2.2030024704e+11, -3.63746951168e+11, -4.43573239808e+11, -4.54540558336e+11, -4.83966517248e+11, -6.12280762368e+11, -7.21284038656e+11, -7.86278907904e+11, -9.48024705024e+11, -1.037669629952e+12, -1.081898893312e+12, -1.096703082496e+12, -1.197455966208e+12, -1.340189310976e+12, -1.486864252928e+12, -1.534221484032e+12, -1.668303290368e+12, -1.782189129728e+12, -1.898531651584e+12, -1.978229194752e+12, -2.14148186112e+12, -2.234725695488e+12, -2.421426225152e+12, -2.525556113408e+12, -2.684866527232e+12, -2.868136116224e+12, -3.137253670912e+12, -3.233493024768e+12, -3.444031094784e+12, -3.52311574528e+12, -3.725688569856e+12, -3.944079163392e+12, -4.14103240704e+12, -4.265684238336e+12, -4.37822947328e+12, -4.500310982656e+12, -4.659557695488e+12, -4.82800566272e+12, -5.041125588992e+12, -5.178535182336e+12, -5.380394450944e+12, -5.611551981568e+12, -5.793375584256e+12, -6.003369705472e+12, -6.164048248832e+12, -6.408711438336e+12, -6.607539273728e+12, -6.86795784192e+12, -7.082592436224e+12, -7.344515710976e+12, -7.52114466816e+12, -7.7702496256e+12, -7.956937572352e+12, -8.170570776576e+12, -8.337566466048e+12, -8.576405864448e+12, -8.7487152128e+12, -8.992754499584e+12, -9.19308075008e+12, -9.413919244288e+12, -9.645199458304e+12, -9.88603219968e+12, -1.0129395154944e+13, -1.0338806267904e+13, -1.0515260637184e+13, -1.070430420992e+13, -1.08655542272e+13, -1.102221672448e+13, -1.1220648198144e+13, -1.1356569862144e+13, -1.1535257698304e+13, -1.1650311651328e+13, -1.1782841171968e+13, -1.181901914112e+13, -1.1953548296192e+13, -1.2032683278336e+13, -1.2178228772864e+13, -1.2284442181632e+13, -1.233638129664e+13, -1.2374105915392e+13, -1.2394437804032e+13, -1.246317510656e+13, -1.2505276481536e+13, -1.2521518923776e+13, -1.2532528971776e+13, -1.2565780365312e+13, -1.257218506752e+13, -1.2572633858048e+13, -1.2592109060096e+13]
ETheHotWat.y=[0e+00, 1.2160214016e+10, 2.3935219712e+10, 3.6905897984e+10, 4.83037184e+10, 5.8968121344e+10, 7.0721273856e+10, 8.462872576e+10, 9.483030528e+10, 1.0989400064e+11, 1.2027142144e+11, 1.34120275968e+11, 1.4574731264e+11, 1.59246647296e+11, 1.6812457984e+11, 1.82849421312e+11, 1.92898711552e+11, 2.07293169664e+11, 2.18467909632e+11, 2.31547928576e+11, 2.42974244864e+11, 2.56228458496e+11, 2.67128832e+11, 2.80357404672e+11, 2.92365795328e+11, 3.03988015104e+11, 3.16698918912e+11, 3.2779239424e+11, 3.40021182464e+11, 3.5137355776e+11, 3.64626968576e+11, 3.74403268608e+11, 3.88678647808e+11, 3.98434271232e+11, 4.11485863936e+11, 4.22361759744e+11, 4.34903875584e+11, 4.45015687168e+11, 4.58605101056e+11, 4.67844890624e+11, 4.81101348864e+11, 4.89513353216e+11, 5.01444018176e+11, 5.11906971648e+11, 5.23871584256e+11, 5.33642805248e+11, 5.45848000512e+11, 5.56571426816e+11, 5.67212965888e+11, 5.78756345856e+11, 5.88829884416e+11, 5.98201729024e+11, 6.08515719168e+11, 6.2034477056e+11, 6.29575254016e+11, 6.42487615488e+11, 6.51315183616e+11, 6.63594663936e+11, 6.73473298432e+11, 6.8501438464e+11, 6.94682058752e+11, 7.07201400832e+11, 7.15834851328e+11, 7.285735424e+11, 7.38044739584e+11, 7.49549518848e+11, 7.59691083776e+11, 7.711997952e+11, 7.78947067904e+11, 7.9094185984e+11, 8.01346158592e+11, 8.12056313856e+11, 8.23535665152e+11, 8.33667334144e+11, 8.44959055872e+11, 8.5534703616e+11, 8.67271180288e+11, 8.77031194624e+11, 8.88492654592e+11, 8.97587871744e+11, 9.1071021056e+11, 9.20942280704e+11, 9.33093113856e+11, 9.43644475392e+11, 9.56812558336e+11, 9.65977505792e+11, 9.80027113472e+11, 9.89341483008e+11, 1.0020421632e+12, 1.013167161344e+12, 1.023792381952e+12, 1.034312220672e+12, 1.047387701248e+12, 1.05841262592e+12, 1.070808236032e+12, 1.083186937856e+12, 1.094496550912e+12, 1.10708195328e+12, 1.118380097536e+12, 1.129208479744e+12, 1.140450000896e+12]
>>>>>>> master
