<<<<<<< HEAD
last-generated=2021-12-14
=======
last-generated=2023-05-17
>>>>>>> master
statistics-simulation=
{
  "linear": " ",
  "nonlinear": " ",
  "number of continuous time states": "6",
  "numerical Jacobians": "0"
}
time=[0e+00, 6e+02]
TSet.y=[3.131499938964844e+02, 3.131499938964844e+02, 3.131499938964844e+02, 3.131499938964844e+02, 3.131499938964844e+02, 3.131499938964844e+02, 3.131499938964844e+02, 3.131499938964844e+02, 3.131499938964844e+02, 3.131499938964844e+02, 3.131499938964844e+02, 3.131499938964844e+02, 3.131499938964844e+02, 3.131499938964844e+02, 3.131499938964844e+02, 3.131499938964844e+02, 2.931499938964844e+02, 2.931499938964844e+02, 2.931499938964844e+02, 2.931499938964844e+02, 2.931499938964844e+02, 2.931499938964844e+02, 2.931499938964844e+02, 2.931499938964844e+02, 2.931499938964844e+02, 2.931499938964844e+02, 2.931499938964844e+02, 2.931499938964844e+02, 2.931499938964844e+02, 2.931499938964844e+02, 2.931499938964844e+02, 3.131499938964844e+02, 3.131499938964844e+02, 3.131499938964844e+02, 3.131499938964844e+02, 3.131499938964844e+02, 3.131499938964844e+02, 3.131499938964844e+02, 3.131499938964844e+02, 3.131499938964844e+02, 3.131499938964844e+02, 3.131499938964844e+02, 3.131499938964844e+02, 3.131499938964844e+02, 3.131499938964844e+02, 3.131499938964844e+02, 2.931499938964844e+02, 2.931499938964844e+02, 2.931499938964844e+02, 2.931499938964844e+02, 2.931499938964844e+02, 2.931499938964844e+02, 2.931499938964844e+02, 2.931499938964844e+02, 2.931499938964844e+02, 2.931499938964844e+02, 2.931499938964844e+02, 2.931499938964844e+02, 2.931499938964844e+02, 2.931499938964844e+02, 2.931499938964844e+02, 3.131499938964844e+02, 3.131499938964844e+02, 3.131499938964844e+02, 3.131499938964844e+02, 3.131499938964844e+02, 3.131499938964844e+02, 3.131499938964844e+02, 3.131499938964844e+02, 3.131499938964844e+02, 3.131499938964844e+02, 3.131499938964844e+02, 3.131499938964844e+02, 3.131499938964844e+02, 3.131499938964844e+02, 3.131499938964844e+02, 2.931499938964844e+02, 2.931499938964844e+02, 2.931499938964844e+02, 2.931499938964844e+02, 2.931499938964844e+02, 2.931499938964844e+02, 2.931499938964844e+02, 2.931499938964844e+02, 2.931499938964844e+02, 2.931499938964844e+02, 2.931499938964844e+02, 2.931499938964844e+02, 2.931499938964844e+02, 2.931499938964844e+02, 2.931499938964844e+02, 3.131499938964844e+02, 3.131499938964844e+02, 3.131499938964844e+02, 3.131499938964844e+02, 3.131499938964844e+02, 3.131499938964844e+02, 3.131499938964844e+02, 3.131499938964844e+02, 3.131499938964844e+02, 3.131499938964844e+02]
<<<<<<< HEAD
plaWitRes.temSen.T=[2.931499938964844e+02, 3.484136657714844e+02, 3.289960021972656e+02, 3.152762756347656e+02, 3.132458801269531e+02, 3.131649475097656e+02, 3.131452026367188e+02, 3.131528625488281e+02, 3.131474914550781e+02, 3.131518859863281e+02, 3.131550598144531e+02, 3.13146240234375e+02, 3.131559448242188e+02, 3.131495361328125e+02, 3.131517639160156e+02, 3.131489868164062e+02, 3.07351806640625e+02, 3.019446105957031e+02, 2.985689086914062e+02, 2.964882507324219e+02, 2.952064514160156e+02, 2.944168395996094e+02, 2.939303894042969e+02, 2.936307373046875e+02, 2.934461669921875e+02, 2.933324890136719e+02, 2.932624206542969e+02, 2.9321923828125e+02, 2.931926574707031e+02, 2.931763000488281e+02, 2.931661987304688e+02, 3.308012084960938e+02, 3.174614868164062e+02, 3.132922973632812e+02, 3.131520690917969e+02, 3.131451110839844e+02, 3.13155029296875e+02, 3.131477966308594e+02, 3.1314599609375e+02, 3.131476745605469e+02, 3.131477966308594e+02, 3.131484375e+02, 3.131460266113281e+02, 3.13146728515625e+02, 3.131484375e+02, 3.131458740234375e+02, 3.072628479003906e+02, 3.018876953125e+02, 2.985337829589844e+02, 2.964666442871094e+02, 2.951931762695312e+02, 2.944086608886719e+02, 2.939253845214844e+02, 2.93627685546875e+02, 2.934442749023438e+02, 2.933312683105469e+02, 2.932616882324219e+02, 2.932188110351562e+02, 2.931923828125e+02, 2.931761169433594e+02, 2.931661071777344e+02, 3.308012390136719e+02, 3.174614868164062e+02, 3.132899475097656e+02, 3.131539611816406e+02, 3.131526489257812e+02, 3.131471862792969e+02, 3.131554260253906e+02, 3.131466369628906e+02, 3.131518859863281e+02, 3.131532897949219e+02, 3.131457214355469e+02, 3.131551513671875e+02, 3.131510620117188e+02, 3.131472778320312e+02, 3.131562805175781e+02, 3.072424621582031e+02, 3.018744812011719e+02, 2.98525634765625e+02, 2.964616394042969e+02, 2.951900939941406e+02, 2.944067687988281e+02, 2.939242248535156e+02, 2.93626953125e+02, 2.934438171386719e+02, 2.933310241699219e+02, 2.932615051269531e+02, 2.932186889648438e+02, 2.931923217773438e+02, 2.931760864257812e+02, 2.931660766601562e+02, 3.308016052246094e+02, 3.174617614746094e+02, 3.132915954589844e+02, 3.131536254882812e+02, 3.131503601074219e+02, 3.131463623046875e+02, 3.131554260253906e+02, 3.131517333984375e+02, 3.131539611816406e+02, 3.131557922363281e+02]
plaNoRes.temSen.T=[2.931499938964844e+02, 3.484136657714844e+02, 3.289960021972656e+02, 3.152762756347656e+02, 3.132458801269531e+02, 3.131649475097656e+02, 3.131452026367188e+02, 3.131528625488281e+02, 3.131474914550781e+02, 3.131518859863281e+02, 3.131550598144531e+02, 3.13146240234375e+02, 3.131559448242188e+02, 3.131495361328125e+02, 3.131517639160156e+02, 3.131489868164062e+02, 3.07351806640625e+02, 3.019446105957031e+02, 2.985689086914062e+02, 2.964882507324219e+02, 2.952064514160156e+02, 2.944168395996094e+02, 2.939303894042969e+02, 2.936307373046875e+02, 2.934461669921875e+02, 2.933324890136719e+02, 2.932624206542969e+02, 2.9321923828125e+02, 2.931926574707031e+02, 2.931763000488281e+02, 2.931661987304688e+02, 3.483987426757812e+02, 3.289823303222656e+02, 3.152677612304688e+02, 3.132462768554688e+02, 3.131644897460938e+02, 3.131475219726562e+02, 3.131456604003906e+02, 3.131526184082031e+02, 3.131548461914062e+02, 3.131548767089844e+02, 3.131549377441406e+02, 3.131520385742188e+02, 3.131479187011719e+02, 3.131487121582031e+02, 3.131508178710938e+02, 3.071436157226562e+02, 3.018112487792969e+02, 2.984866333007812e+02, 2.964375915527344e+02, 2.951752624511719e+02, 2.943976440429688e+02, 2.939186096191406e+02, 2.936235046386719e+02, 2.934416809082031e+02, 2.933296813964844e+02, 2.932607116699219e+02, 2.932182006835938e+02, 2.931920166015625e+02, 2.931759033203125e+02, 2.931659545898438e+02, 3.484024963378906e+02, 3.289886169433594e+02, 3.15271728515625e+02, 3.132477111816406e+02, 3.131626586914062e+02, 3.1314501953125e+02, 3.131463317871094e+02, 3.131557006835938e+02, 3.131512756347656e+02, 3.131467590332031e+02, 3.131561279296875e+02, 3.131469421386719e+02, 3.131529235839844e+02, 3.131548461914062e+02, 3.13145751953125e+02, 3.072317504882812e+02, 3.018677673339844e+02, 2.985215148925781e+02, 2.964590759277344e+02, 2.951885070800781e+02, 2.944057922363281e+02, 2.939236145019531e+02, 2.936265869140625e+02, 2.93443603515625e+02, 2.933308715820312e+02, 2.932614135742188e+02, 2.932186584472656e+02, 2.931922912597656e+02, 2.931760559082031e+02, 2.931660461425781e+02, 3.48401123046875e+02, 3.289873046875e+02, 3.152709045410156e+02, 3.132484130859375e+02, 3.131635437011719e+02, 3.131487731933594e+02, 3.131527404785156e+02, 3.131553039550781e+02, 3.131524353027344e+02, 3.1314599609375e+02]
conWitRes.conPID.trigger=[1e+00, 1e+00, 1e+00, 1e+00, 1e+00, 1e+00, 1e+00, 1e+00, 1e+00, 1e+00, 1e+00, 1e+00, 1e+00, 1e+00, 1e+00, 1e+00, 0e+00, 0e+00, 0e+00, 0e+00, 0e+00, 0e+00, 0e+00, 0e+00, 0e+00, 0e+00, 0e+00, 0e+00, 0e+00, 0e+00, 0e+00, 1e+00, 1e+00, 1e+00, 1e+00, 1e+00, 1e+00, 1e+00, 1e+00, 1e+00, 1e+00, 1e+00, 1e+00, 1e+00, 1e+00, 1e+00, 0e+00, 0e+00, 0e+00, 0e+00, 0e+00, 0e+00, 0e+00, 0e+00, 0e+00, 0e+00, 0e+00, 0e+00, 0e+00, 0e+00, 0e+00, 1e+00, 1e+00, 1e+00, 1e+00, 1e+00, 1e+00, 1e+00, 1e+00, 1e+00, 1e+00, 1e+00, 1e+00, 1e+00, 1e+00, 1e+00, 0e+00, 0e+00, 0e+00, 0e+00, 0e+00, 0e+00, 0e+00, 0e+00, 0e+00, 0e+00, 0e+00, 0e+00, 0e+00, 0e+00, 0e+00, 1e+00, 1e+00, 1e+00, 1e+00, 1e+00, 1e+00, 1e+00, 1e+00, 1e+00, 1e+00]
conWitRes.conPID.controlError=[2e+01, -3.526367950439453e+01, -1.584600448608398e+01, -2.126278638839722e+00, -9.588254988193512e-02, -1.493830699473619e-02, 4.784306976944208e-03, -2.856082050129367e-03, 2.514090156182647e-03, -1.87428982462734e-03, -5.044896621257067e-03, 3.74736892990768e-03, -5.939975380897522e-03, 4.554247716441751e-04, -1.761548337526028e-03, 1.013222150504589e-03, -1.420181369781494e+01, -8.794622421264638e+00, -5.418909549713135e+00, -3.338265657424927e+00, -2.056445598602295e+00, -1.266828775405884e+00, -7.803852558135986e-01, -4.807494580745697e-01, -2.961642742156982e-01, -1.824950277805328e-01, -1.124162226915359e-01, -6.924698501825333e-02, -4.267242178320875e-02, -2.629061043262482e-02, -1.619949005544186e-02, -1.765121459960938e+01, -4.311477184295654e+00, -1.422849893569946e-01, -2.074103569616172e-03, 4.901431500911713e-03, -5.022319033741951e-03, 2.188573591411114e-03, 3.999693319201469e-03, 2.311155200004578e-03, 2.193543594330549e-03, 1.56191072892226e-03, 3.974814899265766e-03, 3.269338514655828e-03, 1.553139765746891e-03, 4.121821839362383e-03, -1.411283683776855e+01, -8.737689018249512e+00, -5.383792400360107e+00, -3.316645622253418e+00, -2.043172121047974e+00, -1.258667945861816e+00, -7.753915786743164e-01, -4.77675199508667e-01, -2.942686975002289e-01, -1.812818050384521e-01, -1.116773411631579e-01, -6.88038617372516e-02, -4.239471629261971e-02, -2.611908502876759e-02, -1.609278470277786e-02, -1.765122413635254e+01, -4.311500549316406e+00, -1.39936774969101e-01, -3.960349131375551e-03, -2.66399746760726e-03, 2.805172931402922e-03, -5.438727326691151e-03, 3.354912390928159e-03, -1.88414717558967e-03, -3.291679779067636e-03, 4.292307887226343e-03, -5.144716706126928e-03, -1.056755194440484e-03, 2.715321956202388e-03, -6.284552160650492e-03, -1.40924711227417e+01, -8.724491119384766e+00, -5.375645637512207e+00, -3.311630249023438e+00, -2.040081262588501e+00, -1.256763815879816e+00, -7.742184996604955e-01, -4.769577085971832e-01, -2.93827623128891e-01, -1.810111850500107e-01, -1.115113943815231e-01, -6.869667023420334e-02, -4.232887551188469e-02, -2.608673647046089e-02, -1.607290469110012e-02, -1.765159797668457e+01, -4.311754703521729e+00, -1.416103839874268e-01, -3.614383982494473e-03, -3.612696891650558e-04, 3.652842715382576e-03, -5.420021712779999e-03, -1.741159474477172e-03, -3.950722049921751e-03, -5.777257028967142e-03]
conNoRes.conPID.controlError=[2e+01, -3.526367950439453e+01, -1.584600448608398e+01, -2.126278638839722e+00, -9.588254988193512e-02, -1.493830699473619e-02, 4.784306976944208e-03, -2.856082050129367e-03, 2.514090156182647e-03, -1.87428982462734e-03, -5.044896621257067e-03, 3.74736892990768e-03, -5.939975380897522e-03, 4.554247716441751e-04, -1.761548337526028e-03, 1.013222150504589e-03, -1.420181369781494e+01, -8.794622421264638e+00, -5.418909549713135e+00, -3.338265657424927e+00, -2.056445598602295e+00, -1.266828775405884e+00, -7.803852558135986e-01, -4.807494580745697e-01, -2.961642742156982e-01, -1.824950277805328e-01, -1.124162226915359e-01, -6.924698501825333e-02, -4.267242178320875e-02, -2.629061043262482e-02, -1.619949005544186e-02, -3.524874877929688e+01, -1.58323392868042e+01, -2.117758512496948e+00, -9.628438949583959e-02, -1.44870150834322e-02, 2.475681947544217e-03, 4.335475619882345e-03, -2.60323379188776e-03, -4.848062060773373e-03, -4.891023971140385e-03, -4.952770657836711e-03, -2.030024537816644e-03, 2.07181042060256e-03, 1.284659490920603e-03, -8.286743541248143e-04, -1.399360179901123e+01, -8.661259651184082e+00, -5.336636543273926e+00, -3.287593841552734e+00, -2.025275230407715e+00, -1.247642874717712e+00, -7.685996890068054e-01, -4.734910726547241e-01, -2.916910648345947e-01, -1.796938925981522e-01, -1.106991171836848e-01, -6.820118427276643e-02, -4.202336445450783e-02, -2.58902981877327e-02, -1.595182158052921e-02, -3.525250244140625e+01, -1.583862113952637e+01, -2.121719837188721e+00, -9.771493077278137e-02, -1.266252435743809e-02, 4.976996686309576e-03, 3.655839245766401e-03, -5.702202208338274e-03, -1.272634835911885e-03, 3.226797096431255e-03, -6.132734008133411e-03, 3.045594785362482e-03, -2.927979920059443e-03, -4.843480419367552e-03, 4.258165135979652e-03, -1.408173847198486e+01, -8.717776298522949e+00, -5.371507167816162e+00, -3.309080600738525e+00, -2.03851056098938e+00, -1.255796194076532e+00, -7.736223936080968e-01, -4.76590484380722e-01, -2.93601393699646e-01, -1.808718144893646e-01, -1.114255338907242e-01, -6.864377111196518e-02, -4.229628294706345e-02, -2.606665156781673e-02, -1.606052927672863e-02, -3.525112152099609e+01, -1.583731937408447e+01, -2.120903015136719e+00, -9.842383116483688e-02, -1.355759613215923e-02, 1.23866624198854e-03, -2.736834343522787e-03, -5.313294008374214e-03, -2.425173064693809e-03, 4.018271341919899e-03]
=======
plaWitRes.temSen.T=[2.931499938964844e+02, 3.484136657714844e+02, 3.289960021972656e+02, 3.152762756347656e+02, 3.132458801269531e+02, 3.131649475097656e+02, 3.131452026367188e+02, 3.131528625488281e+02, 3.131474914550781e+02, 3.131518859863281e+02, 3.131550598144531e+02, 3.13146240234375e+02, 3.131559448242188e+02, 3.131495361328125e+02, 3.131517639160156e+02, 3.131489868164062e+02, 3.07351806640625e+02, 3.019446105957031e+02, 2.985689086914062e+02, 2.9648828125e+02, 2.952065124511719e+02, 2.944169006347656e+02, 2.939304809570312e+02, 2.936307983398438e+02, 2.934461975097656e+02, 2.933324890136719e+02, 2.932624206542969e+02, 2.9321923828125e+02, 2.931926574707031e+02, 2.931763000488281e+02, 2.931661987304688e+02, 3.308025207519531e+02, 3.174623413085938e+02, 3.132942504882812e+02, 3.131471862792969e+02, 3.131447448730469e+02, 3.13156494140625e+02, 3.131466369628906e+02, 3.131461181640625e+02, 3.131473388671875e+02, 3.13156005859375e+02, 3.131509704589844e+02, 3.131547546386719e+02, 3.131459045410156e+02, 3.131560363769531e+02, 3.131478271484375e+02, 3.073392944335938e+02, 3.019366455078125e+02, 2.985639953613281e+02, 2.964852600097656e+02, 2.952046203613281e+02, 2.944157409667969e+02, 2.939297485351562e+02, 2.9363037109375e+02, 2.934459228515625e+02, 2.933323059082031e+02, 2.932622985839844e+02, 2.932191772460938e+02, 2.93192626953125e+02, 2.9317626953125e+02, 2.931661987304688e+02, 3.308023376464844e+02, 3.174622192382812e+02, 3.132931823730469e+02, 3.131501159667969e+02, 3.131453857421875e+02, 3.131553344726562e+02, 3.131462097167969e+02, 3.131505126953125e+02, 3.131501159667969e+02, 3.131463623046875e+02, 3.131466674804688e+02, 3.131492309570312e+02, 3.131493225097656e+02, 3.131468200683594e+02, 3.131560974121094e+02, 3.072574462890625e+02, 3.018840942382812e+02, 2.985315551757812e+02, 2.964652709960938e+02, 2.951923217773438e+02, 2.944081420898438e+02, 2.939250793457031e+02, 2.936274719238281e+02, 2.934441528320312e+02, 2.933312072753906e+02, 2.932616271972656e+02, 2.932187805175781e+02, 2.931923828125e+02, 2.931761169433594e+02, 2.931661071777344e+02, 3.308011779785156e+02, 3.174614562988281e+02, 3.1329150390625e+02, 3.131496276855469e+02, 3.131460876464844e+02, 3.131498413085938e+02, 3.131557922363281e+02, 3.131457214355469e+02, 3.131556701660156e+02, 3.13146240234375e+02]
plaNoRes.temSen.T=[2.931499938964844e+02, 3.484136657714844e+02, 3.289960021972656e+02, 3.152762756347656e+02, 3.132458801269531e+02, 3.131649475097656e+02, 3.131452026367188e+02, 3.131528625488281e+02, 3.131474914550781e+02, 3.131518859863281e+02, 3.131550598144531e+02, 3.13146240234375e+02, 3.131559448242188e+02, 3.131495361328125e+02, 3.131517639160156e+02, 3.131489868164062e+02, 3.07351806640625e+02, 3.019446105957031e+02, 2.985689086914062e+02, 2.9648828125e+02, 2.952065124511719e+02, 2.944169006347656e+02, 2.939304809570312e+02, 2.936307983398438e+02, 2.934461975097656e+02, 2.933324890136719e+02, 2.932624206542969e+02, 2.9321923828125e+02, 2.931926574707031e+02, 2.931763000488281e+02, 2.931661987304688e+02, 3.484002990722656e+02, 3.289867858886719e+02, 3.152705688476562e+02, 3.132486572265625e+02, 3.131622924804688e+02, 3.131465454101562e+02, 3.131456298828125e+02, 3.131535339355469e+02, 3.131534729003906e+02, 3.131461181640625e+02, 3.131546325683594e+02, 3.13148681640625e+02, 3.131565246582031e+02, 3.131462097167969e+02, 3.131553649902344e+02, 3.072051391601562e+02, 3.018505859375e+02, 2.985108947753906e+02, 2.964525451660156e+02, 2.951844787597656e+02, 2.944033203125e+02, 2.939220886230469e+02, 2.936256408691406e+02, 2.934430236816406e+02, 2.933305053710938e+02, 2.932611999511719e+02, 2.93218505859375e+02, 2.931921997070312e+02, 2.93176025390625e+02, 2.93166015625e+02, 3.484005126953125e+02, 3.289869384765625e+02, 3.152706604003906e+02, 3.132490234375e+02, 3.131620178222656e+02, 3.131451416015625e+02, 3.131455993652344e+02, 3.131537475585938e+02, 3.131526184082031e+02, 3.131486511230469e+02, 3.131459655761719e+02, 3.131470336914062e+02, 3.131475830078125e+02, 3.131468200683594e+02, 3.131560974121094e+02, 3.07243896484375e+02, 3.018753967285156e+02, 2.985262145996094e+02, 2.964619750976562e+02, 2.951903076171875e+02, 2.944068908691406e+02, 2.939242858886719e+02, 2.936270141601562e+02, 2.9344384765625e+02, 2.933310241699219e+02, 2.932615356445312e+02, 2.932187194824219e+02, 2.931923217773438e+02, 2.931760864257812e+02, 2.931660766601562e+02, 3.484022521972656e+02, 3.289880676269531e+02, 3.152713623046875e+02, 3.1325048828125e+02, 3.131622924804688e+02, 3.131450500488281e+02, 3.131458435058594e+02, 3.131548461914062e+02, 3.13145751953125e+02, 3.131524047851562e+02]
conWitRes.conPID.trigger=[1e+00, 1e+00, 1e+00, 1e+00, 1e+00, 1e+00, 1e+00, 1e+00, 1e+00, 1e+00, 1e+00, 1e+00, 1e+00, 1e+00, 1e+00, 1e+00, 0e+00, 0e+00, 0e+00, 0e+00, 0e+00, 0e+00, 0e+00, 0e+00, 0e+00, 0e+00, 0e+00, 0e+00, 0e+00, 0e+00, 0e+00, 1e+00, 1e+00, 1e+00, 1e+00, 1e+00, 1e+00, 1e+00, 1e+00, 1e+00, 1e+00, 1e+00, 1e+00, 1e+00, 1e+00, 1e+00, 0e+00, 0e+00, 0e+00, 0e+00, 0e+00, 0e+00, 0e+00, 0e+00, 0e+00, 0e+00, 0e+00, 0e+00, 0e+00, 0e+00, 0e+00, 1e+00, 1e+00, 1e+00, 1e+00, 1e+00, 1e+00, 1e+00, 1e+00, 1e+00, 1e+00, 1e+00, 1e+00, 1e+00, 1e+00, 1e+00, 0e+00, 0e+00, 0e+00, 0e+00, 0e+00, 0e+00, 0e+00, 0e+00, 0e+00, 0e+00, 0e+00, 0e+00, 0e+00, 0e+00, 0e+00, 1e+00, 1e+00, 1e+00, 1e+00, 1e+00, 1e+00, 1e+00, 1e+00, 1e+00, 1e+00]
conWitRes.conPID.controlError=[2e+01, -3.526367950439453e+01, -1.584600448608398e+01, -2.126278638839722e+00, -9.588254988193512e-02, -1.493830699473619e-02, 4.784306976944208e-03, -2.856082050129367e-03, 2.514090156182647e-03, -1.87428982462734e-03, -5.044896621257067e-03, 3.74736892990768e-03, -5.939975380897522e-03, 4.554247716441751e-04, -1.761548337526028e-03, 1.013222150504589e-03, -1.420181369781494e+01, -8.794620513916005e+00, -5.41891622543335e+00, -3.338283061981201e+00, -2.056508541107178e+00, -1.266887068748474e+00, -7.804769277572632e-01, -4.808072149753571e-01, -2.962024211883545e-01, -1.82474359869957e-01, -1.124132424592972e-01, -6.925217062234879e-02, -4.266984388232221e-02, -2.629554271697998e-02, -1.620126888155937e-02, -1.765251922607422e+01, -4.312354564666748e+00, -1.442578881978989e-01, 2.801052993158563e-03, 5.244950763881207e-03, -6.49655656889081e-03, 3.352393629029393e-03, 3.881771815940738e-03, 2.660372294485569e-03, -6.018836982548237e-03, -9.793096687636333e-04, -4.748242441564798e-03, 4.098574630916119e-03, -6.024557631462812e-03, 2.177244983613491e-03, -1.418930912017822e+01, -8.786630630493164e+00, -5.413986206054688e+00, -3.335251331329346e+00, -2.054632663726807e+00, -1.265727877616882e+00, -7.797406315803528e-01, -4.803591966629028e-01, -2.959230542182922e-01, -1.823018491268158e-01, -1.123064607381816e-01, -6.918667256832155e-02, -4.263140261173248e-02, -2.627244777977467e-02, -1.618730835616589e-02, -1.765232467651367e+01, -4.312228679656982e+00, -1.431783586740494e-01, -1.061754010152072e-04, 4.606248345226049e-03, -5.331407301127911e-03, 3.803445724770427e-03, -5.144410533817873e-04, -1.201326449543202e-04, 3.651726758107543e-03, 3.332491964101791e-03, 7.841917686164379e-04, 6.689436850138009e-04, 3.165432950481772e-03, -6.085616536438465e-03, -1.410745811462402e+01, -8.734090805053711e+00, -5.381568908691406e+00, -3.315280437469482e+00, -2.042329549789429e+00, -1.258148789405817e+00, -7.750716805458104e-01, -4.774868190288544e-01, -2.941544055938721e-01, -1.812131553888321e-01, -1.116360649466515e-01, -6.877301633358002e-02, -4.23753522336483e-02, -2.611682750284672e-02, -1.609279960393906e-02, -1.765116310119629e+01, -4.311460494995117e+00, -1.414994150400162e-01, 3.651002480182797e-04, 3.918654751032591e-03, 1.652324863243848e-04, -5.794406402856112e-03, 4.271579440683126e-03, -5.683113820850849e-03, 3.756426507607102e-03]
conNoRes.conPID.controlError=[2e+01, -3.526367950439453e+01, -1.584600448608398e+01, -2.126278638839722e+00, -9.588254988193512e-02, -1.493830699473619e-02, 4.784306976944208e-03, -2.856082050129367e-03, 2.514090156182647e-03, -1.87428982462734e-03, -5.044896621257067e-03, 3.74736892990768e-03, -5.939975380897522e-03, 4.554247716441751e-04, -1.761548337526028e-03, 1.013222150504589e-03, -1.420181369781494e+01, -8.794620513916005e+00, -5.41891622543335e+00, -3.338283061981201e+00, -2.056508541107178e+00, -1.266887068748474e+00, -7.804769277572632e-01, -4.808072149753571e-01, -2.962024211883545e-01, -1.82474359869957e-01, -1.124132424592972e-01, -6.925217062234879e-02, -4.266984388232221e-02, -2.629554271697998e-02, -1.620126888155937e-02, -3.525031280517578e+01, -1.583678531646729e+01, -2.120571374893188e+00, -9.865867346524204e-02, -1.230280287563801e-02, 3.459201660007238e-03, 4.37359232455492e-03, -3.533564740791917e-03, -3.462257562205195e-03, 3.880711970850825e-03, -4.639863967895294e-03, 1.313009764999151e-03, -6.52051717042923e-03, 3.776020370423794e-03, -5.355062894523144e-03, -1.405512523651123e+01, -8.700590133666992e+00, -5.360899925231934e+00, -3.302545309066772e+00, -2.034484624862671e+00, -1.253316044807434e+00, -7.720946669578552e-01, -4.756487607955933e-01, -2.930212020874023e-01, -1.805141866207123e-01, -1.11205175518989e-01, -6.850823014974626e-02, -4.221335425972939e-02, -2.601481974124908e-02, -1.602857373654842e-02, -3.525051879882812e+01, -1.583692932128906e+01, -2.120661735534668e+00, -9.902701526880264e-02, -1.2022047303617e-02, 4.860337357968092e-03, 4.391132388263941e-03, -3.736520186062898e-03, -2.622604370118121e-03, 1.35380809661001e-03, 4.046134650707245e-03, 2.970574656501412e-03, 2.401944017037749e-03, 3.191204741597176e-03, -6.097749806940556e-03, -1.409388542175293e+01, -8.725399017333984e+00, -5.376206398010254e+00, -3.311976671218872e+00, -2.040294408798218e+00, -1.256895065307611e+00, -7.742993831634557e-01, -4.770109951496124e-01, -2.938612699508667e-01, -1.81032583117485e-01, -1.115248128771782e-01, -6.870448589324951e-02, -4.233312234282494e-02, -2.609080262482166e-02, -1.607676222920418e-02, -3.525226593017578e+01, -1.58380708694458e+01, -2.121372699737549e+00, -1.004841923713684e-01, -1.230155397206545e-02, 4.946249071508646e-03, 4.150939173996449e-03, -4.841361660510302e-03, 4.233275540173054e-03, -2.411419758573174e-03]
>>>>>>> master
