<<<<<<< HEAD
last-generated=2022-08-05
=======
last-generated=2024-09-13
>>>>>>> master
statistics-initialization=
{
  "nonlinear": "5, 10, 0, 0",
  "numerical Jacobians": "0"
}
statistics-simulation=
{
  "linear": "0, 0, 0, 0, 0, 0, 0",
  "nonlinear": "1, 10, 0",
  "number of continuous time states": "27",
  "numerical Jacobians": "0"
}
time=[0e+00, 1.728e+05]
vol.T_start=[2.931499938964844e+02, 2.931499938964844e+02]
<<<<<<< HEAD
vol.T=[2.931499938964844e+02, 2.821307983398438e+02, 2.862277526855469e+02, 2.885539245605469e+02, 2.899063415527344e+02, 2.907526245117188e+02, 2.913431701660156e+02, 2.917395324707031e+02, 2.919086608886719e+02, 2.920487365722656e+02, 2.92231689453125e+02, 2.922307434082031e+02, 2.922312622070312e+02, 2.922311706542969e+02, 2.922311096191406e+02, 2.922338256835938e+02, 2.922509155273438e+02, 2.922435607910156e+02, 2.925619201660156e+02, 2.926636657714844e+02, 2.927445678710938e+02, 2.927463073730469e+02, 2.927713317871094e+02, 2.928270874023438e+02, 2.928911437988281e+02, 2.929562072753906e+02, 2.930060424804688e+02, 2.930462951660156e+02, 2.930960388183594e+02, 2.931288146972656e+02, 2.9312939453125e+02, 2.931244812011719e+02, 2.9311474609375e+02, 2.931007690429688e+02, 2.930837097167969e+02, 2.930652770996094e+02, 2.930418701171875e+02, 2.930071411132812e+02, 2.926381225585938e+02, 2.927013244628906e+02, 2.926538391113281e+02, 2.927128601074219e+02, 2.927631225585938e+02, 2.927298278808594e+02, 2.926727600097656e+02, 2.927286376953125e+02, 2.927694702148438e+02, 2.927234802246094e+02, 2.9267138671875e+02, 2.927144470214844e+02, 2.927335815429688e+02, 2.926108703613281e+02, 2.926089477539062e+02, 2.925982666015625e+02, 2.926748962402344e+02, 2.926018676757812e+02, 2.926332092285156e+02, 2.925931091308594e+02, 2.926481628417969e+02, 2.926762390136719e+02, 2.92695068359375e+02, 2.927412414550781e+02, 2.927701721191406e+02, 2.9275e+02, 2.927206115722656e+02, 2.927428283691406e+02, 2.927772827148438e+02, 2.930668029785156e+02, 2.931269226074219e+02, 2.931710815429688e+02, 2.932085571289062e+02, 2.932357482910156e+02, 2.932675170898438e+02, 2.932549133300781e+02, 2.932141418457031e+02, 2.931827697753906e+02, 2.931749267578125e+02, 2.931920776367188e+02, 2.931867980957031e+02, 2.931556701660156e+02, 2.931467590332031e+02, 2.931498107910156e+02, 2.931828918457031e+02, 2.93222900390625e+02, 2.932185363769531e+02, 2.931900634765625e+02, 2.931381530761719e+02, 2.9307373046875e+02, 2.927122192382812e+02, 2.928198852539062e+02, 2.9287451171875e+02, 2.928941040039062e+02, 2.928970642089844e+02, 2.928892822265625e+02, 2.928793029785156e+02, 2.928728332519531e+02, 2.92869140625e+02, 2.927961730957031e+02, 2.927818298339844e+02, 2.928172912597656e+02, 2.928375549316406e+02]
TOut.T=[2.609500122070312e+02, 2.608676452636719e+02, 2.609342651367188e+02, 2.61153564453125e+02, 2.614064331054688e+02, 2.616917419433594e+02, 2.619866027832031e+02, 2.621011047363281e+02, 2.620299682617188e+02, 2.62211181640625e+02, 2.625067138671875e+02, 2.625499877929688e+02, 2.625499877929688e+02, 2.625499877929688e+02, 2.625499877929688e+02, 2.625875549316406e+02, 2.628901062011719e+02, 2.632776489257812e+02, 2.637460632324219e+02, 2.6446923828125e+02, 2.655892028808594e+02, 2.665859985351562e+02, 2.674020080566406e+02, 2.682179870605469e+02, 2.690339965820312e+02, 2.698500061035156e+02, 2.704558715820312e+02, 2.709069213867188e+02, 2.715532531738281e+02, 2.720364685058594e+02, 2.720499877929688e+02, 2.720499877929688e+02, 2.720499877929688e+02, 2.720499877929688e+02, 2.720499877929688e+02, 2.720499877929688e+02, 2.719675598144531e+02, 2.716164855957031e+02, 2.713160400390625e+02, 2.71072998046875e+02, 2.710076599121094e+02, 2.717365112304688e+02, 2.720211181640625e+02, 2.716227111816406e+02, 2.714859924316406e+02, 2.718775329589844e+02, 2.7202783203125e+02, 2.717281494140625e+02, 2.714362182617188e+02, 2.714474182128906e+02, 2.714500122070312e+02, 2.704067077636719e+02, 2.692704162597656e+02, 2.696753845214844e+02, 2.703369750976562e+02, 2.701487121582031e+02, 2.698616027832031e+02, 2.69929931640625e+02, 2.702106018066406e+02, 2.708657531738281e+02, 2.718394165039062e+02, 2.721007690429688e+02, 2.720183410644531e+02, 2.721641845703125e+02, 2.724365844726562e+02, 2.725657043457031e+02, 2.72480224609375e+02, 2.7264599609375e+02, 2.729339904785156e+02, 2.732219848632812e+02, 2.73510009765625e+02, 2.738106079101562e+02, 2.744635620117188e+02, 2.748500061035156e+02, 2.748500061035156e+02, 2.748500061035156e+02, 2.748500061035156e+02, 2.748500061035156e+02, 2.742786560058594e+02, 2.732598266601562e+02, 2.727458801269531e+02, 2.725348205566406e+02, 2.729032287597656e+02, 2.736190795898438e+02, 2.73848876953125e+02, 2.738165588378906e+02, 2.734445495605469e+02, 2.726629028320312e+02, 2.727448425292969e+02, 2.734616394042969e+02, 2.738507690429688e+02, 2.740790100097656e+02, 2.743446655273438e+02, 2.746334838867188e+02, 2.749204406738281e+02, 2.751761474609375e+02, 2.753359069824219e+02, 2.740944213867188e+02, 2.731499938964844e+02, 2.731499938964844e+02, 2.731499938964844e+02]
boi.vol.T=[2.931499938964844e+02, 3.43219970703125e+02, 3.432068481445312e+02, 3.431996154785156e+02, 3.431953430175781e+02, 3.431929016113281e+02, 3.431914978027344e+02, 3.431903076171875e+02, 3.431891784667969e+02, 3.431891174316406e+02, 3.434480285644531e+02, 3.443510131835938e+02, 3.462228393554688e+02, 3.481034545898438e+02, 3.499875183105469e+02, 3.519489135742188e+02, 3.552258605957031e+02, 3.451043090820309e+02, 3.473224792480469e+02, 3.609563903808594e+02, 3.550946655273438e+02, 3.494755554199219e+02, 3.456578063964844e+02, 3.461181640625e+02, 3.502727355957031e+02, 3.530101623535156e+02, 3.550217590332031e+02, 3.567744750976562e+02, 3.582528076171872e+02, 3.598034973144531e+02, 3.617701416015625e+02, 3.618212280273438e+02, 3.59552490234375e+02, 3.573755493164062e+02, 3.553081054687503e+02, 3.533598937988278e+02, 3.515075988769531e+02, 3.498668823242188e+02, 3.605093383789062e+02, 3.571799926757812e+02, 3.477258605957031e+02, 3.515382385253906e+02, 3.614037170410156e+02, 3.529939575195312e+02, 3.458738403320312e+02, 3.549658508300781e+02, 3.595774536132812e+02, 3.516561584472656e+02, 3.44794677734375e+02, 3.605329895019531e+02, 3.551234741210938e+02, 3.460457458496094e+02, 3.566343078613281e+02, 3.457281494140625e+02, 3.574782104492188e+02, 3.465581054687503e+02, 3.597557373046878e+02, 3.472982788085934e+02, 3.618446655273438e+02, 3.511657104492188e+02, 3.445077514648438e+02, 3.55709716796875e+02, 3.590736389160156e+02, 3.520238037109375e+02, 3.46839111328125e+02, 3.479766540527344e+02, 3.597616577148438e+02, 3.611710815429688e+02, 3.561647033691399e+02, 3.557971801757818e+02, 3.576329956054693e+02, 3.598894348144531e+02, 3.630884704589844e+02, 3.573081359863281e+02, 3.521776733398438e+02, 3.474370727539062e+02, 3.442684326171875e+02, 3.486065063476562e+02, 3.517034912109375e+02, 3.539573974609375e+02, 3.559414978027344e+02, 3.578034973144531e+02, 3.595221557617188e+02, 3.616092529296875e+02, 3.604066467285156e+02, 3.565195007324219e+02, 3.531788940429688e+02, 3.509298400878906e+02, 3.557911987304688e+02, 3.56527587890625e+02, 3.622194519042969e+02, 3.596759643554688e+02, 3.562839965820312e+02, 3.534339599609375e+02, 3.510790100097656e+02, 3.490535278320312e+02, 3.471679077148438e+02, 3.449614562988281e+02, 3.501360778808594e+02, 3.586694946289062e+02, 3.601960754394531e+02]
temSup.T=[2.931499938964844e+02, 3.082373046875e+02, 3.142868957519531e+02, 3.175230712890625e+02, 3.193439025878906e+02, 3.204298706054688e+02, 3.211434936523438e+02, 3.216389465332031e+02, 3.219068603515625e+02, 3.220514221191406e+02, 3.219542846679688e+02, 3.219922180175781e+02, 3.219853820800781e+02, 3.219854125976562e+02, 3.219860534667969e+02, 3.219500732421875e+02, 3.217112426757812e+02, 3.195337219238282e+02, 3.172544250488281e+02, 3.158197326660156e+02, 3.148653869628906e+02, 3.146360473632812e+02, 3.139025268554688e+02, 3.128344116210938e+02, 3.119826354980469e+02, 3.111172485351562e+02, 3.10505615234375e+02, 3.100787353515625e+02, 3.094818115234375e+02, 3.091758728027344e+02, 3.094176635742188e+02, 3.095433044433594e+02, 3.097041015625e+02, 3.098856811523438e+02, 3.100839538574219e+02, 3.10255126953125e+02, 3.104803771972656e+02, 3.108654479980469e+02, 3.154053955078125e+02, 3.153933715820312e+02, 3.158648376464844e+02, 3.146300964355469e+02, 3.144413757324219e+02, 3.150404052734375e+02, 3.154122009277344e+02, 3.145548706054688e+02, 3.144047546386719e+02, 3.1510302734375e+02, 3.151126708984375e+02, 3.150390014648438e+02, 3.149925231933594e+02, 3.162345886230469e+02, 3.166635437011719e+02, 3.1619482421875e+02, 3.157599792480469e+02, 3.16435546875e+02, 3.16268310546875e+02, 3.166913452148437e+02, 3.160393676757812e+02, 3.157670593261719e+02, 3.147205200195312e+02, 3.143787536621094e+02, 3.144118041992188e+02, 3.14740478515625e+02, 3.14720947265625e+02, 3.141043090820312e+02, 3.140643615722656e+02, 3.06071533203125e+02, 3.08306121826172e+02, 3.081257629394531e+02, 3.078581848144532e+02, 3.077184448242188e+02, 3.0756689453125e+02, 3.076829223632812e+02, 3.08051025390625e+02, 3.081596984863281e+02, 3.077999572753906e+02, 3.074803161621094e+02, 3.076186218261719e+02, 3.082384033203125e+02, 3.085420532226562e+02, 3.086928405761719e+02, 3.084053039550781e+02, 3.081454162597656e+02, 3.082474975585938e+02, 3.085943298339844e+02, 3.091806335449219e+02, 3.099886779785156e+02, 3.139195556640625e+02, 3.132504577636719e+02, 3.128813781738281e+02, 3.1272412109375e+02, 3.127357788085938e+02, 3.12799560546875e+02, 3.128205871582031e+02, 3.127699279785156e+02, 3.125850219726562e+02, 3.132850036621094e+02, 3.136025390625e+02, 3.133634948730469e+02, 3.134682006835938e+02]
TSetSup.y=[3.086499938964844e+02, 3.231499938964844e+02, 3.231499938964844e+02, 3.231499938964844e+02, 3.231499938964844e+02, 3.231499938964844e+02, 3.231499938964844e+02, 3.231499938964844e+02, 3.231499938964844e+02, 3.231499938964844e+02, 3.219656677246094e+02, 3.21979248046875e+02, 3.219718017578125e+02, 3.21972900390625e+02, 3.219737243652344e+02, 3.219345703125e+02, 3.216866149902344e+02, 3.217934265136719e+02, 3.171771240234375e+02, 3.157020568847656e+02, 3.145287170410156e+02, 3.145034790039062e+02, 3.141407775878906e+02, 3.133322143554688e+02, 3.124034423828125e+02, 3.114598388671875e+02, 3.107373046875e+02, 3.101537780761719e+02, 3.094324951171876e+02, 3.089572143554688e+02, 3.089488220214844e+02, 3.090198974609375e+02, 3.091611328125e+02, 3.093639831542969e+02, 3.096111755371093e+02, 3.098785400390625e+02, 3.102177124023438e+02, 3.107216491699219e+02, 3.160722045898438e+02, 3.151559143066406e+02, 3.158444213867188e+02, 3.149884338378906e+02, 3.142595520019531e+02, 3.147423095703125e+02, 3.155700073242188e+02, 3.147598266601562e+02, 3.141675109863281e+02, 3.148343505859375e+02, 3.155899353027344e+02, 3.149656066894531e+02, 3.146880187988281e+02, 3.164671936035156e+02, 3.164954223632812e+02, 3.16650146484375e+02, 3.155390625e+02, 3.165978393554687e+02, 3.161433410644531e+02, 3.167250061035156e+02, 3.159266662597656e+02, 3.155194396972656e+02, 3.152464904785156e+02, 3.145771179199219e+02, 3.141575317382812e+02, 3.144499816894531e+02, 3.148761291503906e+02, 3.145537719726562e+02, 3.140545959472656e+02, 3.098562316894531e+02, 3.089847412109376e+02, 3.083445129394531e+02, 3.07801025390625e+02, 3.074066772460938e+02, 3.069461364746094e+02, 3.07128662109375e+02, 3.077198181152344e+02, 3.081746826171875e+02, 3.082887573242188e+02, 3.080397033691406e+02, 3.08116455078125e+02, 3.085678405761719e+02, 3.086970825195312e+02, 3.08652587890625e+02, 3.081731262207031e+02, 3.075928955078125e+02, 3.076560974121094e+02, 3.080689086914062e+02, 3.088219604492188e+02, 3.097559814453125e+02, 3.14998046875e+02, 3.134368286132812e+02, 3.126443786621094e+02, 3.123605651855469e+02, 3.123175354003906e+02, 3.124304504394531e+02, 3.125751953125e+02, 3.126690979003906e+02, 3.127225952148438e+02, 3.137803649902344e+02, 3.139883422851562e+02, 3.134744567871094e+02, 3.131805419921875e+02]
temRet.T=[2.931499938964844e+02, 3.331795654296875e+02, 3.331678161621094e+02, 3.331608581542969e+02, 3.33157958984375e+02, 3.331546325683594e+02, 3.331530456542969e+02, 3.331513061523438e+02, 3.331494445800781e+02, 3.331489868164062e+02, 3.3343408203125e+02, 3.343816223144531e+02, 3.362599792480469e+02, 3.381405944824219e+02, 3.400242004394531e+02, 3.42005126953125e+02, 3.453603820800781e+02, 3.374311523437495e+02, 3.381698608398438e+02, 3.553277893066406e+02, 3.472121276855469e+02, 3.412731323242188e+02, 3.375317993164062e+02, 3.420925903320312e+02, 3.465683288574219e+02, 3.49648681640625e+02, 3.519023132324219e+02, 3.538219604492188e+02, 3.55531341552734e+02, 3.572055969238281e+02, 3.577179870605469e+02, 3.553764343261719e+02, 3.529788513183594e+02, 3.506437377929688e+02, 3.483916931152348e+02, 3.462694091796873e+02, 3.44229248046875e+02, 3.423828125e+02, 3.548499145507812e+02, 3.490067749023438e+02, 3.391784057617188e+02, 3.471860656738281e+02, 3.535812072753906e+02, 3.448830871582031e+02, 3.374061889648438e+02, 3.505997924804688e+02, 3.518045654296875e+02, 3.434370727539062e+02, 3.369111328125e+02, 3.555047607421875e+02, 3.471448974609375e+02, 3.373711242675781e+02, 3.481908874511719e+02, 3.410350036621094e+02, 3.493515014648438e+02, 3.378859252929691e+02, 3.513690490722659e+02, 3.385323791503906e+02, 3.535018920898438e+02, 3.428226623535156e+02, 3.373535766601562e+02, 3.513665161132812e+02, 3.513083801269531e+02, 3.439364318847656e+02, 3.3857275390625e+02, 3.436446533203125e+02, 3.555426025390625e+02, 3.594692687988281e+02, 3.534903869628898e+02, 3.533028564453128e+02, 3.552950439453127e+02, 3.576484985351562e+02, 3.571558532714844e+02, 3.510394897460938e+02, 3.45526611328125e+02, 3.40547119140625e+02, 3.411647338867188e+02, 3.45729248046875e+02, 3.4897265625e+02, 3.512750549316406e+02, 3.533332214355469e+02, 3.552284545898438e+02, 3.571325988769531e+02, 3.583169860839844e+02, 3.541834106445312e+02, 3.49991943359375e+02, 3.462755737304688e+02, 3.436897583007812e+02, 3.512504272460938e+02, 3.52517333984375e+02, 3.562024230957031e+02, 3.524176025390625e+02, 3.4891015625e+02, 3.458546142578125e+02, 3.433100280761719e+02, 3.411593627929688e+02, 3.393013305664062e+02, 3.372277526855469e+02, 3.459446105957031e+02, 3.547957458496094e+02, 3.527120361328125e+02]
=======
vol.T=[2.931499938964844e+02, 2.821237182617188e+02, 2.862236938476562e+02, 2.885517578125e+02, 2.899052124023438e+02, 2.907520446777344e+02, 2.913428344726562e+02, 2.917393798828125e+02, 2.919085693359375e+02, 2.920486755371094e+02, 2.92232177734375e+02, 2.922309875488281e+02, 2.922312622070312e+02, 2.922311706542969e+02, 2.922311096191406e+02, 2.922338562011719e+02, 2.922509155273438e+02, 2.922970886230469e+02, 2.925752868652344e+02, 2.926602172851562e+02, 2.927437133789062e+02, 2.927468566894531e+02, 2.927755126953125e+02, 2.928382873535156e+02, 2.929081420898438e+02, 2.929751586914062e+02, 2.930223999023438e+02, 2.930555419921875e+02, 2.930938110351562e+02, 2.931121215820312e+02, 2.930990600585938e+02, 2.930816955566406e+02, 2.930627136230469e+02, 2.930448913574219e+02, 2.930311584472656e+02, 2.930238342285156e+02, 2.930182189941406e+02, 2.930043640136719e+02, 2.927793884277344e+02, 2.9265625e+02, 2.927070922851562e+02, 2.9272021484375e+02, 2.926990356445312e+02, 2.927165222167969e+02, 2.927371826171875e+02, 2.92705078125e+02, 2.927107543945312e+02, 2.927358093261719e+02, 2.927228698730469e+02, 2.926705322265625e+02, 2.927068786621094e+02, 2.926672973632812e+02, 2.925834045410156e+02, 2.926170959472656e+02, 2.926356811523438e+02, 2.926595153808594e+02, 2.926007080078125e+02, 2.926501770019531e+02, 2.926111450195312e+02, 2.926956481933594e+02, 2.927427978515625e+02, 2.9270458984375e+02, 2.927237243652344e+02, 2.927721252441406e+02, 2.927819213867188e+02, 2.927389221191406e+02, 2.927303161621094e+02, 2.930995178222656e+02, 2.931566772460938e+02, 2.931868896484375e+02, 2.932061767578125e+02, 2.932114868164062e+02, 2.932230529785156e+02, 2.932057800292969e+02, 2.931863708496094e+02, 2.931921997070312e+02, 2.932192993164062e+02, 2.932555236816406e+02, 2.932410278320312e+02, 2.931875610351562e+02, 2.931536560058594e+02, 2.931307373046875e+02, 2.931360473632812e+02, 2.931504821777344e+02, 2.931377868652344e+02, 2.931242980957031e+02, 2.931036376953125e+02, 2.930709228515625e+02, 2.928621826171875e+02, 2.928284606933594e+02, 2.928218078613281e+02, 2.928095092773438e+02, 2.928255004882812e+02, 2.928600158691406e+02, 2.929004821777344e+02, 2.929368591308594e+02, 2.929588623046875e+02, 2.928829650878906e+02, 2.928130187988281e+02, 2.9276953125e+02, 2.9276025390625e+02]
TOut.T=[2.609500122070312e+02, 2.608676452636719e+02, 2.609342651367188e+02, 2.61153564453125e+02, 2.614064331054688e+02, 2.616917419433594e+02, 2.619866027832031e+02, 2.621011047363281e+02, 2.620299682617188e+02, 2.62211181640625e+02, 2.625067138671875e+02, 2.625499877929688e+02, 2.625499877929688e+02, 2.625499877929688e+02, 2.625499877929688e+02, 2.625875549316406e+02, 2.628901062011719e+02, 2.632776489257812e+02, 2.637460632324219e+02, 2.6446923828125e+02, 2.655892028808594e+02, 2.665859985351562e+02, 2.674020080566406e+02, 2.682179870605469e+02, 2.690339965820312e+02, 2.698500061035156e+02, 2.704558715820312e+02, 2.709069213867188e+02, 2.715532531738281e+02, 2.720364685058594e+02, 2.720499877929688e+02, 2.720499877929688e+02, 2.720499877929688e+02, 2.720499877929688e+02, 2.720499877929688e+02, 2.720499877929688e+02, 2.719675598144531e+02, 2.716164855957031e+02, 2.713160400390625e+02, 2.71072998046875e+02, 2.710076599121094e+02, 2.717365112304688e+02, 2.720211181640625e+02, 2.716227111816406e+02, 2.714859924316406e+02, 2.718775329589844e+02, 2.7202783203125e+02, 2.717281494140625e+02, 2.714362182617188e+02, 2.714474182128906e+02, 2.714500122070312e+02, 2.704067077636719e+02, 2.692704162597656e+02, 2.696753845214844e+02, 2.703369750976562e+02, 2.701487121582031e+02, 2.698616027832031e+02, 2.69929931640625e+02, 2.702106018066406e+02, 2.708657531738281e+02, 2.718394165039062e+02, 2.721007690429688e+02, 2.720183410644531e+02, 2.721641845703125e+02, 2.724365844726562e+02, 2.725657043457031e+02, 2.72480224609375e+02, 2.7264599609375e+02, 2.729339904785156e+02, 2.732219848632812e+02, 2.73510009765625e+02, 2.738106079101562e+02, 2.744635620117188e+02, 2.748500061035156e+02, 2.748500061035156e+02, 2.748500061035156e+02, 2.748500061035156e+02, 2.748500061035156e+02, 2.742786560058594e+02, 2.732598266601562e+02, 2.727458801269531e+02, 2.725348205566406e+02, 2.729032287597656e+02, 2.736190795898438e+02, 2.73848876953125e+02, 2.738165588378906e+02, 2.734445495605469e+02, 2.726629028320312e+02, 2.727448425292969e+02, 2.734616394042969e+02, 2.738507690429688e+02, 2.740790100097656e+02, 2.743446655273438e+02, 2.746334838867188e+02, 2.749204406738281e+02, 2.751761474609375e+02, 2.753359069824219e+02, 2.740944213867188e+02, 2.731499938964844e+02, 2.731499938964844e+02, 2.731499938964844e+02]
boi.vol.T=[2.931499938964844e+02, 3.432203979492188e+02, 3.432072143554688e+02, 3.431998901367188e+02, 3.431954040527344e+02, 3.4319287109375e+02, 3.431914978027344e+02, 3.431904602050781e+02, 3.431892700195312e+02, 3.431890563964844e+02, 3.434256591796875e+02, 3.443501281738281e+02, 3.462222900390625e+02, 3.481026611328125e+02, 3.49986572265625e+02, 3.519480895996094e+02, 3.552250366210938e+02, 3.436007995605465e+02, 3.487236938476562e+02, 3.575439758300781e+02, 3.564344787597656e+02, 3.504813842773438e+02, 3.461775512695312e+02, 3.460978088378906e+02, 3.509111633300781e+02, 3.541351013183594e+02, 3.565932922363281e+02, 3.587733459472656e+02, 3.605938415527341e+02, 3.627912292480469e+02, 3.600262145996094e+02, 3.574723815917969e+02, 3.550581359863281e+02, 3.527729187011719e+02, 3.505793762207035e+02, 3.484158020019528e+02, 3.463034973144531e+02, 3.438482360839844e+02, 3.548873596191406e+02, 3.44462890625e+02, 3.604805297851562e+02, 3.5216796875e+02, 3.46180419921875e+02, 3.555112915039062e+02, 3.571338500976562e+02, 3.497895812988281e+02, 3.438818664550781e+02, 3.612124938964844e+02, 3.545321960449219e+02, 3.470044555664062e+02, 3.549179382324219e+02, 3.547499694824219e+02, 3.519754638671875e+02, 3.520805358886719e+02, 3.489703674316406e+02, 3.557868041992191e+02, 3.43813659667969e+02, 3.569146118164059e+02, 3.459315490722656e+02, 3.623245849609375e+02, 3.542139587402344e+02, 3.480269775390625e+02, 3.487623291015625e+02, 3.625979919433594e+02, 3.556253967285156e+02, 3.498869934082031e+02, 3.443192443847656e+02, 3.606800842285156e+02, 3.562781982421868e+02, 3.571162719726569e+02, 3.595105285644538e+02, 3.63014404296875e+02, 3.586049499511719e+02, 3.528733215332031e+02, 3.475613708496094e+02, 3.446845397949219e+02, 3.490950622558594e+02, 3.530169372558594e+02, 3.561895751953125e+02, 3.590077514648438e+02, 3.617316284179688e+02, 3.610977783203125e+02, 3.584161071777344e+02, 3.550292663574219e+02, 3.512069396972656e+02, 3.475852661132812e+02, 3.442515869140625e+02, 3.449906311035156e+02, 3.577598571777344e+02, 3.564805297851562e+02, 3.519822387695312e+02, 3.485970764160156e+02, 3.453337707519531e+02, 3.463962097167969e+02, 3.511486511230469e+02, 3.551617736816406e+02, 3.587087097167969e+02, 3.606393127441406e+02, 3.547376708984375e+02, 3.500272521972656e+02, 3.456385498046875e+02]
temSup.T=[2.931499938964844e+02, 3.082262878417969e+02, 3.142807006835938e+02, 3.175196533203125e+02, 3.193420715332031e+02, 3.204291687011719e+02, 3.211431274414062e+02, 3.216384887695312e+02, 3.219068298339844e+02, 3.220518798828125e+02, 3.219586181640625e+02, 3.219890441894531e+02, 3.219854736328125e+02, 3.219853515625e+02, 3.219853210449219e+02, 3.219493103027344e+02, 3.217115478515625e+02, 3.190565185546876e+02, 3.170338745117188e+02, 3.157203063964844e+02, 3.148607788085938e+02, 3.1460205078125e+02, 3.137609252929688e+02, 3.127352294921875e+02, 3.118695983886719e+02, 3.110661926269531e+02, 3.1055126953125e+02, 3.102492065429688e+02, 3.098703308105469e+02, 3.096771240234375e+02, 3.098453979492188e+02, 3.100330200195312e+02, 3.102073364257812e+02, 3.103340759277344e+02, 3.103769226074219e+02, 3.103045043945312e+02, 3.101829528808594e+02, 3.102402648925781e+02, 3.141771545410156e+02, 3.153047790527344e+02, 3.152860412597656e+02, 3.151002197265625e+02, 3.148900451660156e+02, 3.147971496582031e+02, 3.149313354492188e+02, 3.151677551269531e+02, 3.145384216308594e+02, 3.148006591796875e+02, 3.151276550292969e+02, 3.154162292480469e+02, 3.149160461425781e+02, 3.158916015625e+02, 3.166391906738281e+02, 3.165997924804688e+02, 3.157709655761719e+02, 3.160115356445312e+02, 3.161201171875e+02, 3.161346130371094e+02, 3.161715087890625e+02, 3.1541796875e+02, 3.148456726074219e+02, 3.150140380859375e+02, 3.144733581542969e+02, 3.143488464355469e+02, 3.143076782226562e+02, 3.14671875e+02, 3.142265930175781e+02, 3.064272766113281e+02, 3.083559570312501e+02, 3.082623901367188e+02, 3.082003173828126e+02, 3.082801208496094e+02, 3.080246276855469e+02, 3.079894409179688e+02, 3.078872680664062e+02, 3.075541076660156e+02, 3.072288208007812e+02, 3.06935302734375e+02, 3.074109497070312e+02, 3.084049377441406e+02, 3.090757141113281e+02, 3.094065246582031e+02, 3.092845153808594e+02, 3.089234313964844e+02, 3.088665161132812e+02, 3.087735290527344e+02, 3.088085021972656e+02, 3.093004760742188e+02, 3.129168701171875e+02, 3.136067199707031e+02, 3.135956726074219e+02, 3.135020751953125e+02, 3.129075317382812e+02, 3.124164428710938e+02, 3.119825439453125e+02, 3.116585388183594e+02, 3.115658874511719e+02, 3.128428344726562e+02, 3.138546752929688e+02, 3.142278137207031e+02, 3.139116821289062e+02]
TSetSup.y=[3.086499938964844e+02, 3.231499938964844e+02, 3.231499938964844e+02, 3.231499938964844e+02, 3.231499938964844e+02, 3.231499938964844e+02, 3.231499938964844e+02, 3.231499938964844e+02, 3.231499938964844e+02, 3.231499938964844e+02, 3.219584655761719e+02, 3.219755859375e+02, 3.21971923828125e+02, 3.219728698730469e+02, 3.219737548828125e+02, 3.219341125488281e+02, 3.216867980957031e+02, 3.210172119140626e+02, 3.169834899902344e+02, 3.157520446777344e+02, 3.145411376953125e+02, 3.144954528808594e+02, 3.140799865722656e+02, 3.131699829101562e+02, 3.121571044921875e+02, 3.111850280761719e+02, 3.105000610351562e+02, 3.100194702148438e+02, 3.094649658203125e+02, 3.091991882324219e+02, 3.093887023925781e+02, 3.096402587890625e+02, 3.099156494140625e+02, 3.101741638183594e+02, 3.103733520507812e+02, 3.104792175292969e+02, 3.105607299804688e+02, 3.107616882324219e+02, 3.140238342285156e+02, 3.158092651367188e+02, 3.15072265625e+02, 3.148818359375e+02, 3.151891479492188e+02, 3.149354553222656e+02, 3.146359558105469e+02, 3.151012268066406e+02, 3.150191040039062e+02, 3.146557312011719e+02, 3.148433532714844e+02, 3.156021728515625e+02, 3.15075439453125e+02, 3.156492614746094e+02, 3.168656616210938e+02, 3.163771362304688e+02, 3.161078186035156e+02, 3.157618713378906e+02, 3.166147766113281e+02, 3.158973083496094e+02, 3.16463623046875e+02, 3.152381591796875e+02, 3.145543518066406e+02, 3.151085510253906e+02, 3.148310546875e+02, 3.141290893554688e+02, 3.139871215820312e+02, 3.146105346679688e+02, 3.147354736328125e+02, 3.093822021484375e+02, 3.085531005859376e+02, 3.081151733398438e+02, 3.078355712890626e+02, 3.077586059570312e+02, 3.075909118652344e+02, 3.078410949707031e+02, 3.081224365234375e+02, 3.080382385253906e+02, 3.076453247070312e+02, 3.071198120117188e+02, 3.073302917480469e+02, 3.081053771972656e+02, 3.085971374511719e+02, 3.089295043945312e+02, 3.088524475097656e+02, 3.086430053710938e+02, 3.088272399902344e+02, 3.090225524902344e+02, 3.093222045898438e+02, 3.097964782714844e+02, 3.128233032226562e+02, 3.133124084472656e+02, 3.134086608886719e+02, 3.135871276855469e+02, 3.13355224609375e+02, 3.128545837402344e+02, 3.122681274414062e+02, 3.1174072265625e+02, 3.114213562011719e+02, 3.125217895507812e+02, 3.135361938476562e+02, 3.141666564941406e+02, 3.143014831542969e+02]
temRet.T=[2.931499938964844e+02, 3.331811218261719e+02, 3.331686096191406e+02, 3.331614074707031e+02, 3.331570434570312e+02, 3.33154541015625e+02, 3.331532287597656e+02, 3.331521606445312e+02, 3.331510009765625e+02, 3.331508483886719e+02, 3.334167785644531e+02, 3.343836364746094e+02, 3.362593383789062e+02, 3.381398620605469e+02, 3.400238647460938e+02, 3.420049743652344e+02, 3.453591918945312e+02, 3.363283996582027e+02, 3.397615966796875e+02, 3.529495849609375e+02, 3.485538330078125e+02, 3.422997741699219e+02, 3.381886901855469e+02, 3.421652526855469e+02, 3.473289794921875e+02, 3.508721923828125e+02, 3.5350390625e+02, 3.557861022949219e+02, 3.57595550537109e+02, 3.562341613769531e+02, 3.533102416992188e+02, 3.50580078125e+02, 3.479889526367188e+02, 3.455589599609375e+02, 3.432852783203128e+02, 3.411331787109374e+02, 3.390468139648438e+02, 3.391849975585938e+02, 3.475733947753906e+02, 3.398123168945312e+02, 3.524411926269531e+02, 3.439801025390625e+02, 3.378834228515625e+02, 3.510570983886719e+02, 3.491996459960938e+02, 3.41438720703125e+02, 3.394434204101562e+02, 3.556336669921875e+02, 3.464417419433594e+02, 3.385851440429688e+02, 3.504508666992188e+02, 3.46430419921875e+02, 3.470601806640625e+02, 3.435679321289062e+02, 3.443027648925781e+02, 3.475234375000003e+02, 3.377009887695314e+02, 3.486590881347653e+02, 3.37420166015625e+02, 3.542461853027344e+02, 3.46210693359375e+02, 3.396560974121094e+02, 3.443853149414062e+02, 3.548110046386719e+02, 3.477897644042969e+02, 3.416171569824219e+02, 3.376579284667969e+02, 3.588078308105469e+02, 3.537062072753899e+02, 3.546113281250002e+02, 3.570045776367187e+02, 3.56994140625e+02, 3.522411804199219e+02, 3.462328186035156e+02, 3.408627014160156e+02, 3.41781494140625e+02, 3.464651794433594e+02, 3.506948547363281e+02, 3.537987060546875e+02, 3.563798217773438e+02, 3.576429748535156e+02, 3.545166015625e+02, 3.517717895507812e+02, 3.482843017578125e+02, 3.443040771484375e+02, 3.406647644042969e+02, 3.392784729003906e+02, 3.417033996582031e+02, 3.508331909179688e+02, 3.487600402832031e+02, 3.440536193847656e+02, 3.405774230957031e+02, 3.376844177246094e+02, 3.425109558105469e+02, 3.475060424804688e+02, 3.51711181640625e+02, 3.553312377929688e+02, 3.531931762695312e+02, 3.469429931640625e+02, 3.418590698242188e+02, 3.37580322265625e+02]
>>>>>>> master
TSetBoiRet.y=[3.331499938964844e+02, 3.331499938964844e+02]
