<<<<<<< HEAD
last-generated=2022-10-04
=======
last-generated=2025-07-01
>>>>>>> master
statistics-initialization=
{
  "linear": "0, 0, 0, 0, 0, 0, 0, 0",
  "nonlinear": "42, 42, 1, 0, 0, 0, 0, 1, 0, 0, 0, 0",
  "numerical Jacobians": "0"
}
statistics-simulation=
{
<<<<<<< HEAD
  "linear": "0, 0, 0, 0, 30, 0, 0, 0, 0, 0, 0, 0, 0, 0, 0, 0, 0, 0, 0, 0, 0, 30, 0, 0, 0, 0,   0, 0, 0, 0, 0, 0, 0, 0",
  "nonlinear": "1, 0, 0, 0, 0, 1, 0, 0, 0, 0",
=======
  "linear": "30, 0, 0, 0, 0, 0, 0, 0, 0, 0, 0, 0, 0, 0, 0, 0, 0, 30, 0, 0, 0, 0, 0, 0, 0, 0,   0, 0, 0, 0, 0, 0, 0, 0",
  "nonlinear": "2, 0, 0, 0, 0, 2, 0, 0, 0, 0",
>>>>>>> master
  "number of continuous time states": "122",
  "numerical Jacobians": "0"
}
time=[0e+00, 6.048e+05]
zonAHUG36Con.con.TZonHeaSet=[2.881499938964844e+02, 2.881499938964844e+02, 2.881499938964844e+02, 2.881499938964844e+02, 2.881499938964844e+02, 2.931499938964844e+02, 2.931499938964844e+02, 2.931499938964844e+02, 2.931499938964844e+02, 2.931499938964844e+02, 2.931499938964844e+02, 2.881499938964844e+02, 2.881499938964844e+02, 2.881499938964844e+02, 2.881499938964844e+02, 2.881499938964844e+02, 2.881499938964844e+02, 2.881499938964844e+02, 2.881499938964844e+02, 2.881499938964844e+02, 2.931499938964844e+02, 2.931499938964844e+02, 2.931499938964844e+02, 2.931499938964844e+02, 2.931499938964844e+02, 2.931499938964844e+02, 2.881499938964844e+02, 2.881499938964844e+02, 2.881499938964844e+02, 2.881499938964844e+02, 2.881499938964844e+02, 2.881499938964844e+02, 2.881499938964844e+02, 2.881499938964844e+02, 2.931499938964844e+02, 2.931499938964844e+02, 2.931499938964844e+02, 2.931499938964844e+02, 2.931499938964844e+02, 2.931499938964844e+02, 2.881499938964844e+02, 2.881499938964844e+02, 2.881499938964844e+02, 2.881499938964844e+02, 2.881499938964844e+02, 2.881499938964844e+02, 2.881499938964844e+02, 2.881499938964844e+02, 2.931499938964844e+02, 2.931499938964844e+02, 2.931499938964844e+02, 2.931499938964844e+02, 2.931499938964844e+02, 2.931499938964844e+02, 2.881499938964844e+02, 2.881499938964844e+02, 2.881499938964844e+02, 2.881499938964844e+02, 2.881499938964844e+02, 2.881499938964844e+02, 2.881499938964844e+02, 2.881499938964844e+02, 2.931499938964844e+02, 2.931499938964844e+02, 2.931499938964844e+02, 2.931499938964844e+02, 2.931499938964844e+02, 2.931499938964844e+02, 2.881499938964844e+02, 2.881499938964844e+02, 2.881499938964844e+02, 2.881499938964844e+02, 2.881499938964844e+02, 2.881499938964844e+02, 2.881499938964844e+02, 2.881499938964844e+02, 2.881499938964844e+02, 2.931499938964844e+02, 2.931499938964844e+02, 2.931499938964844e+02, 2.931499938964844e+02, 2.931499938964844e+02, 2.931499938964844e+02, 2.881499938964844e+02, 2.881499938964844e+02, 2.881499938964844e+02, 2.881499938964844e+02, 2.881499938964844e+02, 2.881499938964844e+02, 2.881499938964844e+02, 2.881499938964844e+02, 2.931499938964844e+02, 2.931499938964844e+02, 2.931499938964844e+02, 2.931499938964844e+02, 2.931499938964844e+02, 2.931499938964844e+02, 2.881499938964844e+02, 2.881499938964844e+02, 2.881499938964844e+02, 2.881499938964844e+02]
zonAHUG36Con.con.TZonCooSet=[3.031499938964844e+02, 3.031499938964844e+02, 3.031499938964844e+02, 3.031499938964844e+02, 3.031499938964844e+02, 2.971499938964844e+02, 2.971499938964844e+02, 2.971499938964844e+02, 2.971499938964844e+02, 2.971499938964844e+02, 2.971499938964844e+02, 3.031499938964844e+02, 3.031499938964844e+02, 3.031499938964844e+02, 3.031499938964844e+02, 3.031499938964844e+02, 3.031499938964844e+02, 3.031499938964844e+02, 3.031499938964844e+02, 3.031499938964844e+02, 2.971499938964844e+02, 2.971499938964844e+02, 2.971499938964844e+02, 2.971499938964844e+02, 2.971499938964844e+02, 2.971499938964844e+02, 3.031499938964844e+02, 3.031499938964844e+02, 3.031499938964844e+02, 3.031499938964844e+02, 3.031499938964844e+02, 3.031499938964844e+02, 3.031499938964844e+02, 3.031499938964844e+02, 2.971499938964844e+02, 2.971499938964844e+02, 2.971499938964844e+02, 2.971499938964844e+02, 2.971499938964844e+02, 2.971499938964844e+02, 3.031499938964844e+02, 3.031499938964844e+02, 3.031499938964844e+02, 3.031499938964844e+02, 3.031499938964844e+02, 3.031499938964844e+02, 3.031499938964844e+02, 3.031499938964844e+02, 2.971499938964844e+02, 2.971499938964844e+02, 2.971499938964844e+02, 2.971499938964844e+02, 2.971499938964844e+02, 2.971499938964844e+02, 3.031499938964844e+02, 3.031499938964844e+02, 3.031499938964844e+02, 3.031499938964844e+02, 3.031499938964844e+02, 3.031499938964844e+02, 3.031499938964844e+02, 3.031499938964844e+02, 2.971499938964844e+02, 2.971499938964844e+02, 2.971499938964844e+02, 2.971499938964844e+02, 2.971499938964844e+02, 2.971499938964844e+02, 3.031499938964844e+02, 3.031499938964844e+02, 3.031499938964844e+02, 3.031499938964844e+02, 3.031499938964844e+02, 3.031499938964844e+02, 3.031499938964844e+02, 3.031499938964844e+02, 3.031499938964844e+02, 2.971499938964844e+02, 2.971499938964844e+02, 2.971499938964844e+02, 2.971499938964844e+02, 2.971499938964844e+02, 2.971499938964844e+02, 3.031499938964844e+02, 3.031499938964844e+02, 3.031499938964844e+02, 3.031499938964844e+02, 3.031499938964844e+02, 3.031499938964844e+02, 3.031499938964844e+02, 3.031499938964844e+02, 2.971499938964844e+02, 2.971499938964844e+02, 2.971499938964844e+02, 2.971499938964844e+02, 2.971499938964844e+02, 2.971499938964844e+02, 3.031499938964844e+02, 3.031499938964844e+02, 3.031499938964844e+02, 3.031499938964844e+02]
<<<<<<< HEAD
zonAHUG36Opt.TZon=[2.931499938964844e+02, 2.924904479980469e+02, 2.923275756835938e+02, 2.921426086425781e+02, 2.919536437988281e+02, 2.931253051757812e+02, 2.932703552246094e+02, 2.932485046386719e+02, 2.934613952636719e+02, 2.936517639160156e+02, 2.937223205566406e+02, 2.932383422851562e+02, 2.927919616699219e+02, 2.927062683105469e+02, 2.925401000976562e+02, 2.924097290039062e+02, 2.922671203613281e+02, 2.921734619140625e+02, 2.920687255859375e+02, 2.92892333984375e+02, 2.932727966308594e+02, 2.932241516113281e+02, 2.932293701171875e+02, 2.933397216796875e+02, 2.933410034179688e+02, 2.930650329589844e+02, 2.924617309570312e+02, 2.923817138671875e+02, 2.923693237304688e+02, 2.921994934082031e+02, 2.919831848144531e+02, 2.918740234375e+02, 2.916974182128906e+02, 2.92684326171875e+02, 2.932779846191406e+02, 2.932702026367188e+02, 2.932088623046875e+02, 2.932239379882812e+02, 2.932381591796875e+02, 2.930987548828125e+02, 2.923670349121094e+02, 2.922354125976562e+02, 2.920271911621094e+02, 2.919012451171875e+02, 2.917572937011719e+02, 2.916094360351562e+02, 2.91509765625e+02, 2.924155578613281e+02, 2.931979064941406e+02, 2.932808837890625e+02, 2.93250732421875e+02, 2.932654113769531e+02, 2.931619262695312e+02, 2.930749816894531e+02, 2.9211376953125e+02, 2.918446960449219e+02, 2.916278076171875e+02, 2.915416870117188e+02, 2.913447570800781e+02, 2.913357238769531e+02, 2.91092041015625e+02, 2.920889587402344e+02, 2.93068603515625e+02, 2.933995666503906e+02, 2.933349914550781e+02, 2.933250122070312e+02, 2.931913757324219e+02, 2.931372985839844e+02, 2.927808227539062e+02, 2.923218383789062e+02, 2.921332397460938e+02, 2.919679870605469e+02, 2.917604370117188e+02, 2.916111755371094e+02, 2.914151611328125e+02, 2.911799011230469e+02, 2.928730773925781e+02, 2.933856201171875e+02, 2.933141784667969e+02, 2.932222900390625e+02, 2.931920166015625e+02, 2.931595153808594e+02, 2.930336303710938e+02, 2.918197937011719e+02, 2.917116394042969e+02, 2.913784484863281e+02, 2.911295776367188e+02, 2.909364929199219e+02, 2.906842651367188e+02, 2.907257385253906e+02, 2.92844482421875e+02, 2.933768920898438e+02, 2.934077758789062e+02, 2.933132934570312e+02, 2.93295166015625e+02, 2.931976013183594e+02, 2.930621948242188e+02, 2.921786499023438e+02, 2.920064697265625e+02, 2.917522583007812e+02, 2.915824279785156e+02]
zonAHUG36Con.TZon=[2.931499938964844e+02, 2.924904479980469e+02, 2.923275756835938e+02, 2.921426086425781e+02, 2.919536437988281e+02, 2.925398864746094e+02, 2.932145385742188e+02, 2.932153015136719e+02, 2.934028625488281e+02, 2.935928344726562e+02, 2.936636657714844e+02, 2.931786804199219e+02, 2.92731689453125e+02, 2.92646240234375e+02, 2.924804382324219e+02, 2.92350341796875e+02, 2.922080993652344e+02, 2.9211474609375e+02, 2.920104064941406e+02, 2.919456787109375e+02, 2.931666870117188e+02, 2.932195739746094e+02, 2.93224853515625e+02, 2.932562561035156e+02, 2.932575378417969e+02, 2.931066284179688e+02, 2.923777770996094e+02, 2.922977600097656e+02, 2.922853393554688e+02, 2.921161499023438e+02, 2.919006958007812e+02, 2.917920532226562e+02, 2.916160278320312e+02, 2.914950256347656e+02, 2.929467163085938e+02, 2.932322082519531e+02, 2.932198791503906e+02, 2.932368469238281e+02, 2.931981811523438e+02, 2.930894775390625e+02, 2.922636108398438e+02, 2.921297607421875e+02, 2.919219970703125e+02, 2.917965698242188e+02, 2.916533203125e+02, 2.915061340332031e+02, 2.914069519042969e+02, 2.913120727539062e+02, 2.924859924316406e+02, 2.931723937988281e+02, 2.9325634765625e+02, 2.932825317382812e+02, 2.9317822265625e+02, 2.930868225097656e+02, 2.919933471679688e+02, 2.917187194824219e+02, 2.915020141601562e+02, 2.914160461425781e+02, 2.91219970703125e+02, 2.91211181640625e+02, 2.909683227539062e+02, 2.907263488769531e+02, 2.909386901855469e+02, 2.930853576660156e+02, 2.933244934082031e+02, 2.933573303222656e+02, 2.932580261230469e+02, 2.931590576171875e+02, 2.926173400878906e+02, 2.921029968261719e+02, 2.919134521484375e+02, 2.917489318847656e+02, 2.915425720214844e+02, 2.913943481445312e+02, 2.911994323730469e+02, 2.909656066894531e+02, 2.907791748046875e+02, 2.9293603515625e+02, 2.932774658203125e+02, 2.932489624023438e+02, 2.932190551757812e+02, 2.931829528808594e+02, 2.930486755371094e+02, 2.9161328125e+02, 2.915016174316406e+02, 2.911694641113281e+02, 2.909217529296875e+02, 2.907297058105469e+02, 2.904787902832031e+02, 2.903207702636719e+02, 2.901777648925781e+02, 2.92280029296875e+02, 2.932395629882812e+02, 2.933507385253906e+02, 2.933554992675781e+02, 2.9325634765625e+02, 2.930826416015625e+02, 2.918722839355469e+02, 2.916917724609375e+02, 2.914378662109375e+02, 2.912691650390625e+02]
optStaHea.tOpt=[0e+00, 0e+00, 0e+00, 3.610024658203125e+03, 3.610024658203125e+03, 3.610024658203125e+03, 3.610024658203125e+03, 3.610024658203125e+03, 3.610024658203125e+03, 3.610024658203125e+03, 3.610024658203125e+03, 3.610024658203125e+03, 3.610024658203125e+03, 3.610024658203125e+03, 3.610024658203125e+03, 3.610024658203125e+03, 3.610024658203125e+03, 3.610024658203125e+03, 3.68330029296875e+03, 3.68330029296875e+03, 3.68330029296875e+03, 3.68330029296875e+03, 3.68330029296875e+03, 3.68330029296875e+03, 3.68330029296875e+03, 3.68330029296875e+03, 3.68330029296875e+03, 3.68330029296875e+03, 3.68330029296875e+03, 3.68330029296875e+03, 3.68330029296875e+03, 3.68330029296875e+03, 4.955861328125e+03, 4.955861328125e+03, 4.955861328125e+03, 4.955861328125e+03, 4.955861328125e+03, 4.955861328125e+03, 4.955861328125e+03, 4.955861328125e+03, 4.955861328125e+03, 4.955861328125e+03, 4.955861328125e+03, 4.955861328125e+03, 4.955861328125e+03, 4.955861328125e+03, 5.85494384765625e+03, 5.85494384765625e+03, 5.85494384765625e+03, 5.85494384765625e+03, 5.85494384765625e+03, 5.85494384765625e+03, 5.85494384765625e+03, 5.85494384765625e+03, 5.85494384765625e+03, 5.85494384765625e+03, 5.85494384765625e+03, 5.85494384765625e+03, 5.85494384765625e+03, 5.85494384765625e+03, 5.85494384765625e+03, 7.546275390625e+03, 7.546275390625e+03, 7.546275390625e+03, 7.546275390625e+03, 7.546275390625e+03, 7.546275390625e+03, 7.546275390625e+03, 7.546275390625e+03, 7.546275390625e+03, 7.546275390625e+03, 7.546275390625e+03, 7.546275390625e+03, 7.546275390625e+03, 7.546275390625e+03, 6.65602294921875e+03, 6.65602294921875e+03, 6.65602294921875e+03, 6.65602294921875e+03, 6.65602294921875e+03, 6.65602294921875e+03, 6.65602294921875e+03, 6.65602294921875e+03, 6.65602294921875e+03, 6.65602294921875e+03, 6.65602294921875e+03, 6.65602294921875e+03, 6.65602294921875e+03, 6.65602294921875e+03, 9.2012060546875e+03, 9.2012060546875e+03, 9.2012060546875e+03, 9.2012060546875e+03, 9.2012060546875e+03, 9.2012060546875e+03, 9.2012060546875e+03, 9.2012060546875e+03, 9.2012060546875e+03, 9.2012060546875e+03, 9.2012060546875e+03, 9.2012060546875e+03]
=======
zonAHUG36Opt.TZon=[2.931499938964844e+02, 2.924904479980469e+02, 2.923275756835938e+02, 2.92142578125e+02, 2.9195361328125e+02, 2.931250915527344e+02, 2.932703247070312e+02, 2.93252197265625e+02, 2.934617309570312e+02, 2.936521301269531e+02, 2.9372265625e+02, 2.932386474609375e+02, 2.927922058105469e+02, 2.927066040039062e+02, 2.925404357910156e+02, 2.924100646972656e+02, 2.922674560546875e+02, 2.921739501953125e+02, 2.92069091796875e+02, 2.928911743164062e+02, 2.932726135253906e+02, 2.9322412109375e+02, 2.932316589355469e+02, 2.933405151367188e+02, 2.933416748046875e+02, 2.931160583496094e+02, 2.924639892578125e+02, 2.923836059570312e+02, 2.923712463378906e+02, 2.922013854980469e+02, 2.919850769042969e+02, 2.918758850097656e+02, 2.916993103027344e+02, 2.926824645996094e+02, 2.932776184082031e+02, 2.932700500488281e+02, 2.932087707519531e+02, 2.932238464355469e+02, 2.932396545410156e+02, 2.931141052246094e+02, 2.923714294433594e+02, 2.922390441894531e+02, 2.920307312011719e+02, 2.919046936035156e+02, 2.917607727050781e+02, 2.916128540039062e+02, 2.915131530761719e+02, 2.924096069335938e+02, 2.931968994140625e+02, 2.932804870605469e+02, 2.932505187988281e+02, 2.932652587890625e+02, 2.931618041992188e+02, 2.930748901367188e+02, 2.921147155761719e+02, 2.918457336425781e+02, 2.916287841796875e+02, 2.915427856445312e+02, 2.913457641601562e+02, 2.913367309570312e+02, 2.910930786132812e+02, 2.920882873535156e+02, 2.930685424804688e+02, 2.933994750976562e+02, 2.933349304199219e+02, 2.93324951171875e+02, 2.932128601074219e+02, 2.93144287109375e+02, 2.927675170898438e+02, 2.923238830566406e+02, 2.921351623535156e+02, 2.919700317382812e+02, 2.917624206542969e+02, 2.916131896972656e+02, 2.914171142578125e+02, 2.911818542480469e+02, 2.928740844726562e+02, 2.933857727050781e+02, 2.933140563964844e+02, 2.932221984863281e+02, 2.931919555664062e+02, 2.93159423828125e+02, 2.930335998535156e+02, 2.918204345703125e+02, 2.917122802734375e+02, 2.913790893554688e+02, 2.911302490234375e+02, 2.909371337890625e+02, 2.906849060058594e+02, 2.907249755859375e+02, 2.928443603515625e+02, 2.933768310546875e+02, 2.9340771484375e+02, 2.93313232421875e+02, 2.932951354980469e+02, 2.931975708007812e+02, 2.930621948242188e+02, 2.921788330078125e+02, 2.92006591796875e+02, 2.9175244140625e+02, 2.915826110839844e+02]
zonAHUG36Con.TZon=[2.931499938964844e+02, 2.924904479980469e+02, 2.923275756835938e+02, 2.92142578125e+02, 2.9195361328125e+02, 2.925367126464844e+02, 2.932139282226562e+02, 2.932388305664062e+02, 2.934032592773438e+02, 2.9359326171875e+02, 2.936640625e+02, 2.931790466308594e+02, 2.927319946289062e+02, 2.926466064453125e+02, 2.924808044433594e+02, 2.923507080078125e+02, 2.9220849609375e+02, 2.921152954101562e+02, 2.920108032226562e+02, 2.91946044921875e+02, 2.931655578613281e+02, 2.932193603515625e+02, 2.932247924804688e+02, 2.932567138671875e+02, 2.932579345703125e+02, 2.930996398925781e+02, 2.923810424804688e+02, 2.923005676269531e+02, 2.922882080078125e+02, 2.921189575195312e+02, 2.919035034179688e+02, 2.917948303222656e+02, 2.916187744140625e+02, 2.914977416992188e+02, 2.929491882324219e+02, 2.932325134277344e+02, 2.932197570800781e+02, 2.932366943359375e+02, 2.931980590820312e+02, 2.930893859863281e+02, 2.922648620605469e+02, 2.921309814453125e+02, 2.919232482910156e+02, 2.917977600097656e+02, 2.91654541015625e+02, 2.9150732421875e+02, 2.914081420898438e+02, 2.913132629394531e+02, 2.924869384765625e+02, 2.931725463867188e+02, 2.932562866210938e+02, 2.93282470703125e+02, 2.931781616210938e+02, 2.930867614746094e+02, 2.919937438964844e+02, 2.917192077636719e+02, 2.915024719238281e+02, 2.914166259765625e+02, 2.91220458984375e+02, 2.912116394042969e+02, 2.909688110351562e+02, 2.90726806640625e+02, 2.909373779296875e+02, 2.930855102539062e+02, 2.933244934082031e+02, 2.933573303222656e+02, 2.932579650878906e+02, 2.931590576171875e+02, 2.926173400878906e+02, 2.921032104492188e+02, 2.919135437011719e+02, 2.917491455078125e+02, 2.915427551269531e+02, 2.913945617675781e+02, 2.911996154785156e+02, 2.909657897949219e+02, 2.907793579101562e+02, 2.929362182617188e+02, 2.932774963378906e+02, 2.932489624023438e+02, 2.932190551757812e+02, 2.931829223632812e+02, 2.930486755371094e+02, 2.916133728027344e+02, 2.915016784667969e+02, 2.911695556640625e+02, 2.909218444824219e+02, 2.907298278808594e+02, 2.904788513183594e+02, 2.903208618164062e+02, 2.901778564453125e+02, 2.922802429199219e+02, 2.932395935058594e+02, 2.933507080078125e+02, 2.9335546875e+02, 2.9325634765625e+02, 2.930826416015625e+02, 2.91872314453125e+02, 2.916917114257812e+02, 2.914378967285156e+02, 2.912691955566406e+02]
optStaHea.tOpt=[0e+00, 0e+00, 0e+00, 3.610212890625e+03, 3.610212890625e+03, 3.610212890625e+03, 3.610212890625e+03, 3.610212890625e+03, 3.610212890625e+03, 3.610212890625e+03, 3.610212890625e+03, 3.610212890625e+03, 3.610212890625e+03, 3.610212890625e+03, 3.610212890625e+03, 3.610212890625e+03, 3.610212890625e+03, 3.610212890625e+03, 3.68209033203125e+03, 3.68209033203125e+03, 3.68209033203125e+03, 3.68209033203125e+03, 3.68209033203125e+03, 3.68209033203125e+03, 3.68209033203125e+03, 3.68209033203125e+03, 3.68209033203125e+03, 3.68209033203125e+03, 3.68209033203125e+03, 3.68209033203125e+03, 3.68209033203125e+03, 3.68209033203125e+03, 4.9491044921875e+03, 4.9491044921875e+03, 4.9491044921875e+03, 4.9491044921875e+03, 4.9491044921875e+03, 4.9491044921875e+03, 4.9491044921875e+03, 4.9491044921875e+03, 4.9491044921875e+03, 4.9491044921875e+03, 4.9491044921875e+03, 4.9491044921875e+03, 4.9491044921875e+03, 4.9491044921875e+03, 5.8426845703125e+03, 5.8426845703125e+03, 5.8426845703125e+03, 5.8426845703125e+03, 5.8426845703125e+03, 5.8426845703125e+03, 5.8426845703125e+03, 5.8426845703125e+03, 5.8426845703125e+03, 5.8426845703125e+03, 5.8426845703125e+03, 5.8426845703125e+03, 5.8426845703125e+03, 5.8426845703125e+03, 5.8426845703125e+03, 7.54267724609375e+03, 7.54267724609375e+03, 7.54267724609375e+03, 7.54267724609375e+03, 7.54267724609375e+03, 7.54267724609375e+03, 7.54267724609375e+03, 7.54267724609375e+03, 7.54267724609375e+03, 7.54267724609375e+03, 7.54267724609375e+03, 7.54267724609375e+03, 7.54267724609375e+03, 7.54267724609375e+03, 6.64899560546875e+03, 6.64899560546875e+03, 6.64899560546875e+03, 6.64899560546875e+03, 6.64899560546875e+03, 6.64899560546875e+03, 6.64899560546875e+03, 6.64899560546875e+03, 6.64899560546875e+03, 6.64899560546875e+03, 6.64899560546875e+03, 6.64899560546875e+03, 6.64899560546875e+03, 6.64899560546875e+03, 9.1988857421875e+03, 9.1988857421875e+03, 9.1988857421875e+03, 9.1988857421875e+03, 9.1988857421875e+03, 9.1988857421875e+03, 9.1988857421875e+03, 9.1988857421875e+03, 9.1988857421875e+03, 9.1988857421875e+03, 9.1988857421875e+03, 9.1988857421875e+03]
>>>>>>> master
optStaCoo.tOpt=[0e+00, 0e+00, 0e+00, 0e+00, 0e+00, 0e+00, 0e+00, 0e+00, 0e+00, 0e+00, 0e+00, 0e+00, 0e+00, 0e+00, 0e+00, 0e+00, 0e+00, 0e+00, 0e+00, 0e+00, 0e+00, 0e+00, 0e+00, 0e+00, 0e+00, 0e+00, 0e+00, 0e+00, 0e+00, 0e+00, 0e+00, 0e+00, 0e+00, 0e+00, 0e+00, 0e+00, 0e+00, 0e+00, 0e+00, 0e+00, 0e+00, 0e+00, 0e+00, 0e+00, 0e+00, 0e+00, 0e+00, 0e+00, 0e+00, 0e+00, 0e+00, 0e+00, 0e+00, 0e+00, 0e+00, 0e+00, 0e+00, 0e+00, 0e+00, 0e+00, 0e+00, 0e+00, 0e+00, 0e+00, 0e+00, 0e+00, 0e+00, 0e+00, 0e+00, 0e+00, 0e+00, 0e+00, 0e+00, 0e+00, 0e+00, 0e+00, 0e+00, 0e+00, 0e+00, 0e+00, 0e+00, 0e+00, 0e+00, 0e+00, 0e+00, 0e+00, 0e+00, 0e+00, 0e+00, 0e+00, 0e+00, 0e+00, 0e+00, 0e+00, 0e+00, 0e+00, 0e+00, 0e+00, 0e+00, 0e+00, 0e+00]
