<<<<<<< HEAD
last-generated=2022-05-26
=======
last-generated=2024-09-16
>>>>>>> master
statistics-initialization=
{
  "nonlinear": "1",
  "numerical Jacobians": "0"
}
statistics-simulation=
{
  "linear": "0",
  "nonlinear": "0, 1",
  "number of continuous time states": "20",
  "numerical Jacobians": "0"
}
time=[0e+00, 3.6e+03]
<<<<<<< HEAD
hex.Q1_flow=[0e+00, 1.306895141601562e+03, 2.000639892578125e+03, 1.95448876953125e+03, 2.040701416015625e+03, 2.113844970703125e+03, 2.112892333984375e+03, 2.146843505859375e+03, 2.14957666015625e+03, 2.137695556640625e+03, 2.1348896484375e+03, 2.131804931640625e+03, 2.125882568359375e+03, 2.121426513671875e+03, 2.11532275390625e+03, 2.108106201171875e+03, 2.099072509765625e+03, 1.695076416015625e+03, 6.947108764648438e+02, 7.982188110351562e+02, 7.80021240234375e+02, 7.389813842773438e+02, 7.255026245117188e+02, 7.156182250976562e+02, 7.0790478515625e+02, 7.027736206054688e+02, 6.990114135742188e+02, 6.959945678710938e+02, 6.934221801757812e+02, 6.910616455078125e+02, 6.887460327148438e+02, 6.863550415039062e+02, 6.8378759765625e+02, 6.809523315429688e+02, 6.960103759765625e+02, 7.893582153320312e+02, 8.830062255859375e+02, 9.442872314453125e+02, 9.291386108398438e+02, 8.765903930664062e+02, 8.203674926757812e+02, 7.636946411132812e+02, 7.071011352539062e+02, 6.504591064453125e+02, 5.9389013671875e+02, 5.3743603515625e+02, 4.812728576660156e+02, 4.252980651855469e+02, 3.693287963867188e+02, 3.133594665527344e+02, 2.573901062011719e+02, 2.014207305908203e+02, 1.454513702392578e+02, 8.948200988769531e+01, 3.351264572143519e+01, -2.245671463012731e+01, -7.842607879638707e+01, -1.343954467773438e+02, -1.903648071289062e+02, -2.463341674804688e+02, -3.023035278320312e+02, -3.582728881835938e+02, -4.142422485351562e+02, -4.702116088867188e+02, -5.222802124023438e+02, -5.182739868164062e+02, -5.18235595703125e+02, -5.182348022460938e+02, -5.182348022460938e+02, -5.1823486328125e+02, -5.1823486328125e+02, -5.1823486328125e+02, -5.1823486328125e+02, -5.1823486328125e+02, -5.1823486328125e+02, -5.1823486328125e+02, -5.1823486328125e+02, -5.1823486328125e+02, -5.1823486328125e+02, -5.1823486328125e+02, -5.1823486328125e+02, -5.1823486328125e+02, -5.1823486328125e+02, -5.1823486328125e+02, -5.1823486328125e+02, -5.1823486328125e+02, -5.1823486328125e+02, -5.1823486328125e+02, -5.1823486328125e+02, -5.1823486328125e+02, -5.1823486328125e+02, -5.1823486328125e+02, -5.1823486328125e+02, -5.1823486328125e+02, -5.1823486328125e+02, -5.1823486328125e+02, -5.1823486328125e+02, -5.1823486328125e+02, -5.1823486328125e+02, -5.1823486328125e+02, -5.1823486328125e+02]
hex.Q2_flow=[0e+00, -3.482737548828125e+03, -5.1511787109375e+03, -5.31753173828125e+03, -5.435732421875e+03, -5.68054443359375e+03, -5.6759658203125e+03, -5.76326123046875e+03, -5.7772529296875e+03, -5.75599267578125e+03, -5.74362646484375e+03, -5.74161083984375e+03, -5.7294677734375e+03, -5.72135302734375e+03, -5.70952001953125e+03, -5.69470654296875e+03, -5.67541796875e+03, -4.96271142578125e+03, -1.490406860351562e+03, -1.584311889648438e+03, -1.600091918945312e+03, -1.444508056640625e+03, -1.38698388671875e+03, -1.34978271484375e+03, -1.319125122070312e+03, -1.297584106445312e+03, -1.281165283203125e+03, -1.267371337890625e+03, -1.255051025390625e+03, -1.243339233398438e+03, -1.231593872070312e+03, -1.219346557617188e+03, -1.206198364257812e+03, -1.19178515625e+03, -1.215064208984375e+03, -1.483481323242188e+03, -1.833415771484375e+03, -2.0838232421875e+03, -2.076588134765625e+03, -1.893623657226562e+03, -1.6801357421875e+03, -1.4651357421875e+03, -1.24986865234375e+03, -1.029237426757812e+03, -8.213167114257812e+02, -6.218423461914062e+02, -4.891444091796875e+02, -4.331760559082031e+02, -3.772066955566406e+02, -3.212373352050781e+02, -2.652679748535156e+02, -2.092985992431641e+02, -1.533292388916016e+02, -9.735987091064453e+01, -4.139051055908168e+01, 1.457884979248082e+01, 7.054821014404332e+01, 1.265175704956055e+02, 1.824869384765625e+02, 2.38456298828125e+02, 2.944256591796875e+02, 3.5039501953125e+02, 4.063643798828125e+02, 4.62333740234375e+02, 5.165213012695312e+02, 5.18233642578125e+02, 5.18235595703125e+02, 5.1823486328125e+02, 5.182348022460938e+02, 5.1823486328125e+02, 5.1823486328125e+02, 5.1823486328125e+02, 5.1823486328125e+02, 5.1823486328125e+02, 5.1823486328125e+02, 5.1823486328125e+02, 5.1823486328125e+02, 5.1823486328125e+02, 5.1823486328125e+02, 5.1823486328125e+02, 5.1823486328125e+02, 5.1823486328125e+02, 5.1823486328125e+02, 5.1823486328125e+02, 5.1823486328125e+02, 5.1823486328125e+02, 5.1823486328125e+02, 5.1823486328125e+02, 5.1823486328125e+02, 5.1823486328125e+02, 5.1823486328125e+02, 5.1823486328125e+02, 5.1823486328125e+02, 5.1823486328125e+02, 5.1823486328125e+02, 5.1823486328125e+02, 5.1823486328125e+02, 5.1823486328125e+02, 5.1823486328125e+02, 5.1823486328125e+02, 5.1823486328125e+02]
hex.QLat2_flow=[0e+00, -2.127015380859375e+03, -3.251123291015625e+03, -3.34065869140625e+03, -3.42007568359375e+03, -3.569375244140625e+03, -3.566484619140625e+03, -3.620143310546875e+03, -3.62830517578125e+03, -3.616036376953125e+03, -3.610234130859375e+03, -3.610267333984375e+03, -3.60421484375e+03, -3.600646728515625e+03, -3.594768310546875e+03, -3.587057861328125e+03, -3.576564453125e+03, -3.11703759765625e+03, -7.364834594726562e+02, -7.95198974609375e+02, -8.131470947265625e+02, -7.018482055664062e+02, -6.601489868164062e+02, -6.331155395507812e+02, -6.105686645507812e+02, -5.944682006835938e+02, -5.819804077148438e+02, -5.713109130859375e+02, -5.616342163085938e+02, -5.523273315429688e+02, -5.4292431640625e+02, -5.33081787109375e+02, -5.225049438476562e+02, -5.10921875e+02, -5.24619140625e+02, -7.097015380859375e+02, -9.647745971679688e+02, -1.149960571289062e+03, -1.144400268554688e+03, -1.009876037597656e+03, -8.520231323242188e+02, -6.93612060546875e+02, -5.349354248046875e+02, -3.709479370117188e+02, -2.195851287841797e+02, -7.655917358398438e+01, 0e+00, 0e+00, 0e+00, 0e+00, 0e+00, 0e+00, 0e+00, 0e+00, 0e+00, 0e+00, 0e+00, 0e+00, 0e+00, 0e+00, 0e+00, 0e+00, 0e+00, 0e+00, 0e+00, 0e+00, 0e+00, 0e+00, 0e+00, 0e+00, 0e+00, 0e+00, 0e+00, 0e+00, 0e+00, 0e+00, 0e+00, 0e+00, 0e+00, 0e+00, 0e+00, 0e+00, 0e+00, 0e+00, 0e+00, 0e+00, 0e+00, 0e+00, 0e+00, 0e+00, 0e+00, 0e+00, 0e+00, 0e+00, 0e+00, 0e+00, 0e+00, 0e+00, 0e+00, 0e+00, 0e+00]
hex.m1_flow=[1.000000014901161e-01, 1.820527762174606e-02, 4.536353424191475e-02, 4.245876520872116e-02, 4.645815491676331e-02, 5.093284323811531e-02, 5.072957277297974e-02, 5.287589132785797e-02, 5.308239907026291e-02, 5.385428294539452e-02, 5.68416491150856e-02, 6.034708023071289e-02, 6.403776258230209e-02, 6.843066215515137e-02, 7.336577773094179e-02, 7.901444286108017e-02, 8.546634018421173e-02, 5.569591000676155e-02, 7.807730697095394e-03, 1.3443891890347e-02, 1.445533987134695e-02, 1.383737567812204e-02, 1.419146917760372e-02, 1.457266043871641e-02, 1.501846686005592e-02, 1.558361109346151e-02, 1.623907685279846e-02, 1.698099076747895e-02, 1.781615242362023e-02, 1.875301823019981e-02, 1.98042206466198e-02, 2.09872554987669e-02, 2.232491970062256e-02, 2.384685911238194e-02, 2.686833217740059e-02, 3.770208731293678e-02, 5.426611751317978e-02, 7.785964757204056e-02, 9.565369784832001e-02, 9.936604648828506e-02, 9.991694986820221e-02, 9.998969733715057e-02, 9.999877959489822e-02, 9.999985247850418e-02, 9.999998658895493e-02, 1.000000014901161e-01, 1.000000014901161e-01, 1.000000014901161e-01, 1.000000014901161e-01, 1.000000014901161e-01, 1.000000014901161e-01, 1.000000014901161e-01, 1.000000014901161e-01, 1.000000014901161e-01, 1.000000014901161e-01, 1.000000014901161e-01, 1.000000014901161e-01, 1.000000014901161e-01, 1.000000014901161e-01, 1.000000014901161e-01, 1.000000014901161e-01, 1.000000014901161e-01, 1.000000014901161e-01, 1.000000014901161e-01, 1.000000014901161e-01, 1.000000014901161e-01, 1.000000014901161e-01, 1.000000014901161e-01, 1.000000014901161e-01, 1.000000014901161e-01, 1.000000014901161e-01, 1.000000014901161e-01, 1.000000014901161e-01, 1.000000014901161e-01, 1.000000014901161e-01, 1.000000014901161e-01, 1.000000014901161e-01, 1.000000014901161e-01, 1.000000014901161e-01, 1.000000014901161e-01, 1.000000014901161e-01, 1.000000014901161e-01, 1.000000014901161e-01, 1.000000014901161e-01, 1.000000014901161e-01, 1.000000014901161e-01, 1.000000014901161e-01, 1.000000014901161e-01, 1.000000014901161e-01, 1.000000014901161e-01, 1.000000014901161e-01, 1.000000014901161e-01, 1.000000014901161e-01, 1.000000014901161e-01, 1.000000014901161e-01, 1.000000014901161e-01, 1.000000014901161e-01, 1.000000014901161e-01, 1.000000014901161e-01, 1.000000014901161e-01, 1.000000014901161e-01]
hex.m2_flow=[1.71464279294014e-01, 1.400000005960464e-01, 1.400000005960464e-01, 1.400000005960464e-01, 1.400000005960464e-01, 1.400000005960464e-01, 1.400000005960464e-01, 1.400000005960464e-01, 1.400000005960464e-01, 1.400000005960464e-01, 1.400000005960464e-01, 1.400000005960464e-01, 1.400000005960464e-01, 1.400000005960464e-01, 1.400000005960464e-01, 1.400000005960464e-01, 1.400000005960464e-01, 1.400000005960464e-01, 1.400000005960464e-01, 1.400000005960464e-01, 1.400000005960464e-01, 1.400000005960464e-01, 1.400000005960464e-01, 1.400000005960464e-01, 1.400000005960464e-01, 1.400000005960464e-01, 1.400000005960464e-01, 1.400000005960464e-01, 1.400000005960464e-01, 1.400000005960464e-01, 1.400000005960464e-01, 1.400000005960464e-01, 1.400000005960464e-01, 1.400000005960464e-01, 1.400000005960464e-01, 1.400000005960464e-01, 1.400000005960464e-01, 1.400000005960464e-01, 1.400000005960464e-01, 1.400000005960464e-01, 1.400000005960464e-01, 1.400000005960464e-01, 1.400000005960464e-01, 1.400000005960464e-01, 1.400000005960464e-01, 1.400000005960464e-01, 1.400000005960464e-01, 1.400000005960464e-01, 1.400000005960464e-01, 1.400000005960464e-01, 1.400000005960464e-01, 1.400000005960464e-01, 1.400000005960464e-01, 1.400000005960464e-01, 1.400000005960464e-01, 1.400000005960464e-01, 1.400000005960464e-01, 1.400000005960464e-01, 1.400000005960464e-01, 1.400000005960464e-01, 1.400000005960464e-01, 1.400000005960464e-01, 1.400000005960464e-01, 1.400000005960464e-01, 1.400000005960464e-01, 1.400000005960464e-01, 1.400000005960464e-01, 1.400000005960464e-01, 1.400000005960464e-01, 1.400000005960464e-01, 1.400000005960464e-01, 1.400000005960464e-01, 1.400000005960464e-01, 1.400000005960464e-01, 1.400000005960464e-01, 1.400000005960464e-01, 1.400000005960464e-01, 1.400000005960464e-01, 1.400000005960464e-01, 1.400000005960464e-01, 1.400000005960464e-01, 1.400000005960464e-01, 1.400000005960464e-01, 1.400000005960464e-01, 1.400000005960464e-01, 1.400000005960464e-01, 1.400000005960464e-01, 1.400000005960464e-01, 1.400000005960464e-01, 1.400000005960464e-01, 1.400000005960464e-01, 1.400000005960464e-01, 1.400000005960464e-01, 1.400000005960464e-01, 1.400000005960464e-01, 1.400000005960464e-01, 1.400000005960464e-01, 1.400000005960464e-01, 1.400000005960464e-01, 1.400000005960464e-01, 1.400000005960464e-01]
con.u_s=[2.881499938964844e+02, 2.881499938964844e+02, 2.881499938964844e+02, 2.881499938964844e+02, 2.881499938964844e+02, 2.881499938964844e+02, 2.881499938964844e+02, 2.881499938964844e+02, 2.881499938964844e+02, 2.881499938964844e+02, 2.881499938964844e+02, 2.881499938964844e+02, 2.881499938964844e+02, 2.881499938964844e+02, 2.881499938964844e+02, 2.881499938964844e+02, 2.881499938964844e+02, 2.981499938964844e+02, 2.981499938964844e+02, 2.981499938964844e+02, 2.981499938964844e+02, 2.981499938964844e+02, 2.981499938964844e+02, 2.981499938964844e+02, 2.981499938964844e+02, 2.981499938964844e+02, 2.981499938964844e+02, 2.981499938964844e+02, 2.981499938964844e+02, 2.981499938964844e+02, 2.981499938964844e+02, 2.981499938964844e+02, 2.981499938964844e+02, 2.981499938964844e+02, 2.975499877929688e+02, 2.966499938964844e+02, 2.9575e+02, 2.948500061035156e+02, 2.939500122070312e+02, 2.930499877929688e+02, 2.921499938964844e+02, 2.9125e+02, 2.903500061035156e+02, 2.894500122070312e+02, 2.885499877929688e+02, 2.876499938964844e+02, 2.8675e+02, 2.858500061035156e+02, 2.849500122070312e+02, 2.840499877929688e+02, 2.831499938964844e+02, 2.831499938964844e+02, 2.831499938964844e+02, 2.831499938964844e+02, 2.831499938964844e+02, 2.831499938964844e+02, 2.831499938964844e+02, 2.831499938964844e+02, 2.831499938964844e+02, 2.831499938964844e+02, 2.831499938964844e+02, 2.831499938964844e+02, 2.831499938964844e+02, 2.831499938964844e+02, 2.831499938964844e+02, 2.831499938964844e+02, 2.831499938964844e+02, 2.881499938964844e+02, 2.881499938964844e+02, 2.881499938964844e+02, 2.881499938964844e+02, 2.881499938964844e+02, 2.881499938964844e+02, 2.881499938964844e+02, 2.881499938964844e+02, 2.881499938964844e+02, 2.881499938964844e+02, 2.881499938964844e+02, 2.881499938964844e+02, 2.881499938964844e+02, 2.881499938964844e+02, 2.881499938964844e+02, 2.881499938964844e+02, 2.881499938964844e+02, 2.881499938964844e+02, 2.881499938964844e+02, 2.881499938964844e+02, 2.881499938964844e+02, 2.881499938964844e+02, 2.881499938964844e+02, 2.881499938964844e+02, 2.881499938964844e+02, 2.881499938964844e+02, 2.881499938964844e+02, 2.881499938964844e+02, 2.881499938964844e+02, 2.881499938964844e+02, 2.881499938964844e+02, 2.881499938964844e+02, 2.881499938964844e+02, 2.881499938964844e+02]
con.u_m=[2.931499938964844e+02, 2.9323046875e+02, 2.909794006347656e+02, 2.892919616699219e+02, 2.89441650390625e+02, 2.885935363769531e+02, 2.885935974121094e+02, 2.883704528808594e+02, 2.882970581054688e+02, 2.883352355957031e+02, 2.884158020019531e+02, 2.884219360351562e+02, 2.884654541015625e+02, 2.884986572265625e+02, 2.885390319824219e+02, 2.885878295898438e+02, 2.886472473144531e+02, 2.892130737304688e+02, 2.972980651855469e+02, 2.9777587890625e+02, 2.976475524902344e+02, 2.979767761230469e+02, 2.981074829101562e+02, 2.981798095703125e+02, 2.982386779785156e+02, 2.982785949707031e+02, 2.983069152832031e+02, 2.983291320800781e+02, 2.983477172851562e+02, 2.983644104003906e+02, 2.983804931640625e+02, 2.983968811035156e+02, 2.98414306640625e+02, 2.984334106445312e+02, 2.984111633300781e+02, 2.97936767578125e+02, 2.972837829589844e+02, 2.96804443359375e+02, 2.966911010742188e+02, 2.96979248046875e+02, 2.973529052734375e+02, 2.977381591796875e+02, 2.981241149902344e+02, 2.985098266601562e+02, 2.988952026367188e+02, 2.992799987792969e+02, 2.996663208007812e+02, 3.00056640625e+02, 3.004470520019531e+02, 3.008374328613281e+02, 3.012278442382812e+02, 3.016182250976562e+02, 3.020086364746094e+02, 3.023990173339844e+02, 3.027894287109375e+02, 3.031798400878906e+02, 3.035702209472656e+02, 3.039606323242188e+02, 3.043510131835938e+02, 3.047414245605469e+02, 3.051318054199219e+02, 3.05522216796875e+02, 3.0591259765625e+02, 3.063030090332031e+02, 3.066911010742188e+02, 3.067642822265625e+02, 3.067648010253906e+02, 3.067648010253906e+02, 3.067648010253906e+02, 3.067648010253906e+02, 3.067648010253906e+02, 3.067648010253906e+02, 3.067648010253906e+02, 3.067648010253906e+02, 3.067648010253906e+02, 3.067648010253906e+02, 3.067648010253906e+02, 3.067648010253906e+02, 3.067648010253906e+02, 3.067648010253906e+02, 3.067648010253906e+02, 3.067648010253906e+02, 3.067648010253906e+02, 3.067648010253906e+02, 3.067648010253906e+02, 3.067648010253906e+02, 3.067648010253906e+02, 3.067648010253906e+02, 3.067648010253906e+02, 3.067648010253906e+02, 3.067648010253906e+02, 3.067648010253906e+02, 3.067648010253906e+02, 3.067648010253906e+02, 3.067648010253906e+02, 3.067648010253906e+02, 3.067648010253906e+02, 3.067648010253906e+02, 3.067648010253906e+02, 3.067648010253906e+02, 3.067648010253906e+02]
=======
hex.m1_flow=[1.000000014901161e-01, 4.178217053413391e-02, 1.344340480864048e-02, 1.493376400321722e-02, 1.834849640727043e-02, 1.971252262592316e-02, 2.042133919894695e-02, 2.08478756248951e-02, 2.111021056771278e-02, 2.131093665957451e-02, 2.152745425701141e-02, 2.172373794019222e-02, 2.190403826534748e-02, 2.207493409514427e-02, 2.22409050911665e-02, 2.240476384758949e-02, 2.256827056407928e-02, 1.543157827109098e-02, 4.799892660230398e-03, 1.750529976561666e-03, 1.813191222026944e-03, 2.05330504104495e-03, 2.302064560353756e-03, 2.46127275750041e-03, 2.555738668888807e-03, 2.61280220001936e-03, 2.649289788678288e-03, 2.674674382433295e-03, 2.69419839605689e-03, 2.710688160732388e-03, 2.725677797570825e-03, 2.739962423220277e-03, 2.753958571702242e-03, 2.767877420410514e-03, 3.71398264542222e-03, 5.312950350344181e-03, 7.199982181191444e-03, 9.031878784298897e-03, 1.100439578294754e-02, 1.314509008079767e-02, 1.538862753659487e-02, 1.781141571700573e-02, 2.043725922703743e-02, 2.332397550344467e-02, 2.655820176005363e-02, 3.026553615927696e-02, 3.464007750153542e-02, 3.998244926333427e-02, 4.678908735513687e-02, 5.591964721679688e-02, 6.888256967067719e-02, 7.304032146930695e-02, 7.824030518531799e-02, 8.320236206054688e-02, 8.802451193332675e-02, 9.278625249862674e-02, 9.754261374473575e-02, 1.000000014901161e-01, 1.000000014901161e-01, 1.000000014901161e-01, 1.000000014901161e-01, 1.000000014901161e-01, 1.000000014901161e-01, 1.000000014901161e-01, 1.000000014901161e-01, 1.000000014901161e-01, 1.000000014901161e-01, 7.92214423418045e-02, 3.261633962392807e-02, 3.714816644787788e-02, 3.650989383459091e-02, 3.604422882199287e-02, 3.574777022004128e-02, 3.555900976061821e-02, 3.543848916888237e-02, 3.536136448383331e-02, 3.531194105744362e-02, 3.528023883700371e-02, 3.525989875197411e-02, 3.52468267083168e-02, 3.523842617869377e-02, 3.52330319583416e-02, 3.522956371307373e-02, 3.522733226418495e-02, 3.522590175271034e-02, 3.522498160600662e-02, 3.522438928484917e-02, 3.522401675581932e-02, 3.522377461194992e-02, 3.522362187504768e-02, 3.522351756691933e-02, 3.522344678640366e-02, 3.522339835762978e-02, 3.522336855530739e-02, 3.52233499288559e-02, 3.5223338752985e-02, 3.52233350276947e-02, 3.52233350276947e-02, 3.52233350276947e-02, 3.52233350276947e-02, 3.52233313024044e-02]
hex.m2_flow=[3.429285809397697e-02, 2.800000086426735e-02, 2.800000086426735e-02, 2.800000086426735e-02, 2.800000086426735e-02, 2.800000086426735e-02, 2.800000086426735e-02, 2.800000086426735e-02, 2.800000086426735e-02, 2.800000086426735e-02, 2.800000086426735e-02, 2.800000086426735e-02, 2.800000086426735e-02, 2.800000086426735e-02, 2.800000086426735e-02, 2.800000086426735e-02, 2.800000086426735e-02, 2.800000086426735e-02, 2.800000086426735e-02, 2.800000086426735e-02, 2.800000086426735e-02, 2.800000086426735e-02, 2.800000086426735e-02, 2.800000086426735e-02, 2.800000086426735e-02, 2.800000086426735e-02, 2.800000086426735e-02, 2.800000086426735e-02, 2.800000086426735e-02, 2.800000086426735e-02, 2.800000086426735e-02, 2.800000086426735e-02, 2.800000086426735e-02, 2.800000086426735e-02, 2.800000086426735e-02, 2.800000086426735e-02, 2.800000086426735e-02, 2.800000086426735e-02, 2.800000086426735e-02, 2.800000086426735e-02, 2.800000086426735e-02, 2.800000086426735e-02, 2.800000086426735e-02, 2.800000086426735e-02, 2.800000086426735e-02, 2.800000086426735e-02, 2.800000086426735e-02, 2.800000086426735e-02, 2.800000086426735e-02, 2.800000086426735e-02, 2.800000086426735e-02, 2.800000086426735e-02, 2.800000086426735e-02, 2.800000086426735e-02, 2.800000086426735e-02, 2.800000086426735e-02, 2.800000086426735e-02, 2.800000086426735e-02, 2.800000086426735e-02, 2.800000086426735e-02, 2.800000086426735e-02, 2.800000086426735e-02, 2.800000086426735e-02, 2.800000086426735e-02, 2.800000086426735e-02, 2.800000086426735e-02, 2.800000086426735e-02, 2.800000086426735e-02, 2.800000086426735e-02, 2.800000086426735e-02, 2.800000086426735e-02, 2.800000086426735e-02, 2.800000086426735e-02, 2.800000086426735e-02, 2.800000086426735e-02, 2.800000086426735e-02, 2.800000086426735e-02, 2.800000086426735e-02, 2.800000086426735e-02, 2.800000086426735e-02, 2.800000086426735e-02, 2.800000086426735e-02, 2.800000086426735e-02, 2.800000086426735e-02, 2.800000086426735e-02, 2.800000086426735e-02, 2.800000086426735e-02, 2.800000086426735e-02, 2.800000086426735e-02, 2.800000086426735e-02, 2.800000086426735e-02, 2.800000086426735e-02, 2.800000086426735e-02, 2.800000086426735e-02, 2.800000086426735e-02, 2.800000086426735e-02, 2.800000086426735e-02, 2.800000086426735e-02, 2.800000086426735e-02, 2.800000086426735e-02, 2.800000086426735e-02]
con.u_s=[2.881499938964844e+02, 2.881499938964844e+02, 2.881499938964844e+02, 2.881499938964844e+02, 2.881499938964844e+02, 2.881499938964844e+02, 2.881499938964844e+02, 2.881499938964844e+02, 2.881499938964844e+02, 2.881499938964844e+02, 2.881499938964844e+02, 2.881499938964844e+02, 2.881499938964844e+02, 2.881499938964844e+02, 2.881499938964844e+02, 2.881499938964844e+02, 2.881499938964844e+02, 2.981499938964844e+02, 2.981499938964844e+02, 2.981499938964844e+02, 2.981499938964844e+02, 2.981499938964844e+02, 2.981499938964844e+02, 2.981499938964844e+02, 2.981499938964844e+02, 2.981499938964844e+02, 2.981499938964844e+02, 2.981499938964844e+02, 2.981499938964844e+02, 2.981499938964844e+02, 2.981499938964844e+02, 2.981499938964844e+02, 2.981499938964844e+02, 2.981499938964844e+02, 2.975499877929688e+02, 2.966499938964844e+02, 2.9575e+02, 2.948500061035156e+02, 2.939500122070312e+02, 2.930499877929688e+02, 2.921499938964844e+02, 2.9125e+02, 2.903500061035156e+02, 2.894500122070312e+02, 2.885499877929688e+02, 2.876499938964844e+02, 2.8675e+02, 2.858500061035156e+02, 2.849500122070312e+02, 2.840499877929688e+02, 2.831499938964844e+02, 2.831499938964844e+02, 2.831499938964844e+02, 2.831499938964844e+02, 2.831499938964844e+02, 2.831499938964844e+02, 2.831499938964844e+02, 2.831499938964844e+02, 2.831499938964844e+02, 2.831499938964844e+02, 2.831499938964844e+02, 2.831499938964844e+02, 2.831499938964844e+02, 2.831499938964844e+02, 2.831499938964844e+02, 2.831499938964844e+02, 2.831499938964844e+02, 2.881499938964844e+02, 2.881499938964844e+02, 2.881499938964844e+02, 2.881499938964844e+02, 2.881499938964844e+02, 2.881499938964844e+02, 2.881499938964844e+02, 2.881499938964844e+02, 2.881499938964844e+02, 2.881499938964844e+02, 2.881499938964844e+02, 2.881499938964844e+02, 2.881499938964844e+02, 2.881499938964844e+02, 2.881499938964844e+02, 2.881499938964844e+02, 2.881499938964844e+02, 2.881499938964844e+02, 2.881499938964844e+02, 2.881499938964844e+02, 2.881499938964844e+02, 2.881499938964844e+02, 2.881499938964844e+02, 2.881499938964844e+02, 2.881499938964844e+02, 2.881499938964844e+02, 2.881499938964844e+02, 2.881499938964844e+02, 2.881499938964844e+02, 2.881499938964844e+02, 2.881499938964844e+02, 2.881499938964844e+02, 2.881499938964844e+02, 2.881499938964844e+02]
con.u_m=[2.931499938964844e+02, 2.814798889160156e+02, 2.874115600585938e+02, 2.907183532714844e+02, 2.899389953613281e+02, 2.892658081054688e+02, 2.888294677734375e+02, 2.885623168945312e+02, 2.884001770019531e+02, 2.883060607910156e+02, 2.882554016113281e+02, 2.882255554199219e+02, 2.882076110839844e+02, 2.881968383789062e+02, 2.881903991699219e+02, 2.881865844726562e+02, 2.881843872070312e+02, 2.890567016601562e+02, 2.945609436035156e+02, 2.967721252441406e+02, 2.973965454101562e+02, 2.977434692382812e+02, 2.97935546875e+02, 2.980386352539062e+02, 2.980930786132812e+02, 2.981215209960938e+02, 2.9813623046875e+02, 2.981438293457031e+02, 2.98147705078125e+02, 2.981496887207031e+02, 2.981507263183594e+02, 2.981512756347656e+02, 2.981515808105469e+02, 2.981517639160156e+02, 2.980372009277344e+02, 2.976042785644531e+02, 2.968524475097656e+02, 2.95887451171875e+02, 2.948993835449219e+02, 2.939119262695312e+02, 2.92927734375e+02, 2.919604187011719e+02, 2.910079040527344e+02, 2.900702209472656e+02, 2.891473083496094e+02, 2.882397155761719e+02, 2.873484191894531e+02, 2.864762268066406e+02, 2.856296691894531e+02, 2.848217163085938e+02, 2.84078125e+02, 2.838185729980469e+02, 2.837014465332031e+02, 2.836276245117188e+02, 2.835830078125e+02, 2.8355908203125e+02, 2.83550537109375e+02, 2.835762023925781e+02, 2.836629028320312e+02, 2.837513732910156e+02, 2.838398132324219e+02, 2.8392822265625e+02, 2.840166320800781e+02, 2.841050109863281e+02, 2.841924438476562e+02, 2.842044677734375e+02, 2.842045593261719e+02, 2.843757934570312e+02, 2.870274353027344e+02, 2.877228698730469e+02, 2.878799133300781e+02, 2.879759521484375e+02, 2.880379028320312e+02, 2.88077880859375e+02, 2.881036071777344e+02, 2.881201782226562e+02, 2.881308288574219e+02, 2.881376647949219e+02, 2.8814208984375e+02, 2.881448974609375e+02, 2.88146728515625e+02, 2.881478881835938e+02, 2.881486511230469e+02, 2.881491394042969e+02, 2.881494445800781e+02, 2.881496276855469e+02, 2.881497802734375e+02, 2.881498413085938e+02, 2.8814990234375e+02, 2.881499328613281e+02, 2.881499633789062e+02, 2.881499633789062e+02, 2.881499938964844e+02, 2.881499938964844e+02, 2.881499938964844e+02, 2.881499938964844e+02, 2.881499938964844e+02, 2.881499938964844e+02, 2.881499938964844e+02, 2.881499938964844e+02, 2.881499938964844e+02]
hex.Q1_flow=[0e+00, 1.476947265625e+03, 9.752557373046875e+02, 9.730452880859375e+02, 1.056058715820312e+03, 1.106142333984375e+03, 1.134338134765625e+03, 1.150893432617188e+03, 1.16079052734375e+03, 1.166510375976562e+03, 1.16949267578125e+03, 1.171300537109375e+03, 1.172405639648438e+03, 1.173082397460938e+03, 1.173498413085938e+03, 1.1737568359375e+03, 1.1739189453125e+03, 9.452767333984375e+02, 5.064825439453125e+02, 3.540267944335938e+02, 2.933756103515625e+02, 2.583603210449219e+02, 2.410992889404297e+02, 2.325990905761719e+02, 2.286454467773438e+02, 2.269039154052734e+02, 2.261805572509766e+02, 2.258998107910156e+02, 2.257987365722656e+02, 2.257626342773438e+02, 2.257456207275391e+02, 2.257308502197266e+02, 2.257133483886719e+02, 2.256923370361328e+02, 2.47790771484375e+02, 3.095040893554688e+02, 4.037642517089844e+02, 5.113234558105469e+02, 6.139735107421875e+02, 7.115989990234375e+02, 8.0494482421875e+02, 8.933807983398438e+02, 9.770416259765625e+02, 1.0563173828125e+03, 1.13159765625e+03, 1.203194702148438e+03, 1.27139990234375e+03, 1.336280639648438e+03, 1.397612548828125e+03, 1.454578979492188e+03, 1.504951293945312e+03, 1.492489501953125e+03, 1.497585083007812e+03, 1.500687255859375e+03, 1.50239892578125e+03, 1.503095581054688e+03, 1.50299951171875e+03, 1.495383911132812e+03, 1.489407592773438e+03, 1.483743896484375e+03, 1.478067016601562e+03, 1.472371826171875e+03, 1.466660522460938e+03, 1.46093017578125e+03, 1.455833129882812e+03, 1.457299560546875e+03, 1.457312866210938e+03, 1.365789794921875e+03, 1.157173217773438e+03, 1.201004638671875e+03, 1.193559936523438e+03, 1.187998291015625e+03, 1.184365966796875e+03, 1.182014038085938e+03, 1.180496215820312e+03, 1.17951806640625e+03, 1.178888793945312e+03, 1.178483642578125e+03, 1.178223510742188e+03, 1.178055908203125e+03, 1.177948364257812e+03, 1.177879150390625e+03, 1.177834594726562e+03, 1.177806030273438e+03, 1.17778759765625e+03, 1.17777587890625e+03, 1.177768188476562e+03, 1.177763427734375e+03, 1.177760375976562e+03, 1.177758422851562e+03, 1.177757080078125e+03, 1.177756103515625e+03, 1.177755493164062e+03, 1.177755126953125e+03, 1.1777548828125e+03, 1.177754760742188e+03, 1.177754760742188e+03, 1.177754760742188e+03, 1.177754638671875e+03, 1.177754638671875e+03, 1.177754638671875e+03]
hex.Q2_flow=[0e+00, -1.558282958984375e+03, -1.101622802734375e+03, -9.728573608398438e+02, -1.045968383789062e+03, -1.098000610351562e+03, -1.12912744140625e+03, -1.147691040039062e+03, -1.158837158203125e+03, -1.165290893554688e+03, -1.168719482421875e+03, -1.170768798828125e+03, -1.172014892578125e+03, -1.172776245117188e+03, -1.173242919921875e+03, -1.173531372070312e+03, -1.173711059570312e+03, -1.023076354980469e+03, -5.532717895507812e+02, -3.667374572753906e+02, -3.011678466796875e+02, -2.651623840332031e+02, -2.457041168212891e+02, -2.356485900878906e+02, -2.305931701660156e+02, -2.280982055664062e+02, -2.268814544677734e+02, -2.262903137207031e+02, -2.260002746582031e+02, -2.258524475097656e+02, -2.257708129882812e+02, -2.257194366455078e+02, -2.256815032958984e+02, -2.256492462158203e+02, -2.432700042724609e+02, -2.986130065917969e+02, -3.866983032226562e+02, -4.955045471191406e+02, -5.981779174804688e+02, -6.978206176757812e+02, -7.91175048828125e+02, -8.7931396484375e+02, -9.625889282226562e+02, -1.0413935546875e+03, -1.116100708007812e+03, -1.187004638671875e+03, -1.2543544921875e+03, -1.318212036132812e+03, -1.378356201171875e+03, -1.434072875976562e+03, -1.48358837890625e+03, -1.486770385742188e+03, -1.49321044921875e+03, -1.4972265625e+03, -1.4995888671875e+03, -1.500767578125e+03, -1.501049438476562e+03, -1.496713134765625e+03, -1.490971313476562e+03, -1.485308837890625e+03, -1.479630493164062e+03, -1.4739345703125e+03, -1.468221801757812e+03, -1.462491088867188e+03, -1.457040161132812e+03, -1.457309692382812e+03, -1.457313598632812e+03, -1.409132446289062e+03, -1.20501416015625e+03, -1.205474487304688e+03, -1.195879760742188e+03, -1.189474243164062e+03, -1.185313598632812e+03, -1.182622924804688e+03, -1.180887329101562e+03, -1.17976953125e+03, -1.179050170898438e+03, -1.178587524414062e+03, -1.178290283203125e+03, -1.178098876953125e+03, -1.177975952148438e+03, -1.177896850585938e+03, -1.177846069335938e+03, -1.177813354492188e+03, -1.177792358398438e+03, -1.17777880859375e+03, -1.177770141601562e+03, -1.177764770507812e+03, -1.17776123046875e+03, -1.177758911132812e+03, -1.177757446289062e+03, -1.17775634765625e+03, -1.177755615234375e+03, -1.177755249023438e+03, -1.177755004882812e+03, -1.177754760742188e+03, -1.177754760742188e+03, -1.177754760742188e+03, -1.177754760742188e+03, -1.177754760742188e+03, -1.177754638671875e+03]
hex.QLat2_flow=[0e+00, -9.601809692382812e+02, -6.902097778320312e+02, -6.115457763671875e+02, -6.598905639648438e+02, -6.932806396484375e+02, -7.129061889648438e+02, -7.24505615234375e+02, -7.31435546875e+02, -7.354503784179688e+02, -7.37580810546875e+02, -7.388583984375e+02, -7.396395874023438e+02, -7.4012109375e+02, -7.404205322265625e+02, -7.406099243164062e+02, -7.40732177734375e+02, -6.416167602539062e+02, -3.213590087890625e+02, -1.867275085449219e+02, -1.377236480712891e+02, -1.11465217590332e+02, -9.688810729980469e+01, -8.932909393310547e+01, -8.550186157226562e+01, -8.359115600585938e+01, -8.264376068115234e+01, -8.217301940917969e+01, -8.193513488769531e+01, -8.180942535400391e+01, -8.173722076416016e+01, -8.169023132324219e+01, -8.165489196777344e+01, -8.162474822998047e+01, -9.435789489746094e+01, -1.348223724365234e+02, -1.988026275634766e+02, -2.797026062011719e+02, -3.535990600585938e+02, -4.251656799316406e+02, -4.900234985351562e+02, -5.501167602539062e+02, -6.058059692382812e+02, -6.574784545898438e+02, -7.054953002929688e+02, -7.501546630859375e+02, -7.917157592773438e+02, -8.303141479492188e+02, -8.659171142578125e+02, -8.98208984375e+02, -9.262888793945312e+02, -9.272387084960938e+02, -9.307916870117188e+02, -9.330090942382812e+02, -9.343168334960938e+02, -9.349738159179688e+02, -9.351370849609375e+02, -9.3259619140625e+02, -9.294072875976562e+02, -9.262647094726562e+02, -9.2310546875e+02, -9.19928466796875e+02, -9.167342529296875e+02, -9.135219116210938e+02, -9.1046044921875e+02, -9.106502075195312e+02, -9.106528930664062e+02, -8.811396484375e+02, -7.588268432617188e+02, -7.608628540039062e+02, -7.550257568359375e+02, -7.5108447265625e+02, -7.4851904296875e+02, -7.46858154296875e+02, -7.457860107421875e+02, -7.450950927734375e+02, -7.44650390625e+02, -7.443643188476562e+02, -7.441804809570312e+02, -7.440621337890625e+02, -7.43986083984375e+02, -7.439371948242188e+02, -7.4390576171875e+02, -7.43885498046875e+02, -7.438724975585938e+02, -7.438641967773438e+02, -7.438588256835938e+02, -7.438554077148438e+02, -7.43853271484375e+02, -7.438518676757812e+02, -7.438508911132812e+02, -7.438502807617188e+02, -7.43849853515625e+02, -7.438495483398438e+02, -7.43849365234375e+02, -7.438493041992188e+02, -7.438492431640625e+02, -7.438492431640625e+02, -7.438492431640625e+02, -7.438492431640625e+02, -7.438492431640625e+02]
hex.QSen2_flow=[0e+00, -5.981019287109375e+02, -4.114130249023438e+02, -3.613116455078125e+02, -3.860777587890625e+02, -4.047199096679688e+02, -4.162212219238281e+02, -4.231854858398438e+02, -4.274016723632812e+02, -4.298404541015625e+02, -4.311386413574219e+02, -4.31910400390625e+02, -4.323753967285156e+02, -4.326551818847656e+02, -4.328224182128906e+02, -4.329214172363281e+02, -4.329788513183594e+02, -3.814596252441406e+02, -2.319127502441406e+02, -1.800099334716797e+02, -1.634441986083984e+02, -1.536971588134766e+02, -1.488160095214844e+02, -1.463194885253906e+02, -1.4509130859375e+02, -1.445070495605469e+02, -1.442376861572266e+02, -1.441172943115234e+02, -1.440651397705078e+02, -1.440430145263672e+02, -1.440335998535156e+02, -1.440292053222656e+02, -1.44026611328125e+02, -1.440244903564453e+02, -1.48912109375e+02, -1.637906341552734e+02, -1.878956756591797e+02, -2.158019561767578e+02, -2.445788726806641e+02, -2.726549377441406e+02, -3.011515502929688e+02, -3.291972045898438e+02, -3.56782958984375e+02, -3.839151306152344e+02, -4.106054077148438e+02, -4.368499755859375e+02, -4.626387023925781e+02, -4.878978576660156e+02, -5.124391479492188e+02, -5.358639526367188e+02, -5.572994384765625e+02, -5.5953173828125e+02, -5.624187622070312e+02, -5.642174072265625e+02, -5.6527197265625e+02, -5.657937622070312e+02, -5.65912353515625e+02, -5.641170043945312e+02, -5.615640258789062e+02, -5.59044189453125e+02, -5.565249633789062e+02, -5.540060424804688e+02, -5.51487548828125e+02, -5.489691772460938e+02, -5.465797119140625e+02, -5.46659423828125e+02, -5.466607666015625e+02, -5.279928588867188e+02, -4.461873168945312e+02, -4.446116638183594e+02, -4.408539428710938e+02, -4.383897399902344e+02, -4.367945251464844e+02, -4.357648010253906e+02, -4.351013793945312e+02, -4.346744079589844e+02, -4.343997802734375e+02, -4.342232055664062e+02, -4.341097717285156e+02, -4.340367736816406e+02, -4.339898376464844e+02, -4.339596862792969e+02, -4.339403076171875e+02, -4.339278259277344e+02, -4.339198303222656e+02, -4.339146728515625e+02, -4.33911376953125e+02, -4.339093017578125e+02, -4.339079284667969e+02, -4.339070739746094e+02, -4.33906494140625e+02, -4.339060974121094e+02, -4.339058532714844e+02, -4.339056701660156e+02, -4.339055786132812e+02, -4.33905517578125e+02, -4.339054870605469e+02, -4.339054870605469e+02, -4.339054565429688e+02, -4.339054565429688e+02, -4.339054565429688e+02]
>>>>>>> master
