<<<<<<< HEAD
last-generated=2022-03-15
=======
last-generated=2024-09-16
>>>>>>> master
statistics-initialization=
{
  "nonlinear": "0, 1",
  "numerical Jacobians": "0"
}
statistics-simulation=
{
  "linear": " ",
  "nonlinear": "0",
  "number of continuous time states": "3",
  "numerical Jacobians": "0"
}
time=[0e+00, 3.6e+03]
P.u_s=[3.001499938964844e+02, 3.001499938964844e+02, 3.001499938964844e+02, 3.001499938964844e+02, 3.001499938964844e+02, 3.001499938964844e+02, 3.001499938964844e+02, 3.001499938964844e+02, 3.001499938964844e+02, 3.001499938964844e+02, 3.001499938964844e+02, 3.001499938964844e+02, 3.001499938964844e+02, 3.001499938964844e+02, 3.001499938964844e+02, 3.001499938964844e+02, 3.001499938964844e+02, 3.001499938964844e+02, 3.001499938964844e+02, 3.001499938964844e+02, 3.001499938964844e+02, 3.001499938964844e+02, 3.001499938964844e+02, 3.001499938964844e+02, 3.001499938964844e+02, 3.001499938964844e+02, 3.001499938964844e+02, 3.001499938964844e+02, 3.001499938964844e+02, 3.001499938964844e+02, 3.001499938964844e+02, 3.001499938964844e+02, 3.001499938964844e+02, 3.001499938964844e+02, 3.001499938964844e+02, 3.001499938964844e+02, 3.001499938964844e+02, 3.001499938964844e+02, 3.001499938964844e+02, 3.001499938964844e+02, 3.001499938964844e+02, 3.001499938964844e+02, 3.001499938964844e+02, 3.001499938964844e+02, 3.001499938964844e+02, 3.001499938964844e+02, 3.001499938964844e+02, 3.001499938964844e+02, 3.001499938964844e+02, 3.001499938964844e+02, 3.001499938964844e+02, 2.951499938964844e+02, 2.951499938964844e+02, 2.951499938964844e+02, 2.951499938964844e+02, 2.951499938964844e+02, 2.951499938964844e+02, 2.951499938964844e+02, 2.951499938964844e+02, 2.951499938964844e+02, 2.951499938964844e+02, 2.951499938964844e+02, 2.951499938964844e+02, 2.951499938964844e+02, 2.951499938964844e+02, 2.951499938964844e+02, 2.951499938964844e+02, 2.951499938964844e+02, 2.951499938964844e+02, 2.951499938964844e+02, 2.951499938964844e+02, 2.951499938964844e+02, 2.951499938964844e+02, 2.951499938964844e+02, 2.951499938964844e+02, 2.951499938964844e+02, 2.951499938964844e+02, 2.951499938964844e+02, 2.951499938964844e+02, 2.951499938964844e+02, 2.951499938964844e+02, 2.951499938964844e+02, 2.951499938964844e+02, 2.951499938964844e+02, 2.951499938964844e+02, 2.951499938964844e+02, 2.951499938964844e+02, 2.951499938964844e+02, 2.951499938964844e+02, 2.951499938964844e+02, 2.951499938964844e+02, 2.951499938964844e+02, 2.951499938964844e+02, 2.951499938964844e+02, 2.951499938964844e+02, 2.951499938964844e+02, 2.951499938964844e+02, 2.951499938964844e+02, 2.951499938964844e+02, 2.951499938964844e+02, 2.951499938964844e+02]
<<<<<<< HEAD
P.u_m=[2.931499938964844e+02, 2.970705871582031e+02, 2.991051940917969e+02, 2.998775939941406e+02, 3.000272827148438e+02, 3.001126098632812e+02, 3.00135498046875e+02, 3.001451416015625e+02, 3.001482238769531e+02, 3.001493835449219e+02, 3.001497802734375e+02, 3.001499328613281e+02, 3.001499633789062e+02, 3.001499938964844e+02, 3.001499938964844e+02, 3.001499938964844e+02, 3.001499938964844e+02, 3.001499938964844e+02, 3.001499938964844e+02, 3.001499938964844e+02, 3.001499938964844e+02, 3.001499938964844e+02, 3.001499938964844e+02, 3.001499938964844e+02, 3.001499938964844e+02, 3.001499938964844e+02, 3.001499938964844e+02, 3.001499938964844e+02, 3.001499938964844e+02, 3.001499938964844e+02, 3.001499938964844e+02, 3.001499938964844e+02, 3.001499938964844e+02, 3.001499938964844e+02, 3.001499938964844e+02, 3.001499938964844e+02, 3.001499938964844e+02, 3.001499938964844e+02, 3.001499938964844e+02, 3.001499938964844e+02, 3.001499938964844e+02, 3.001499938964844e+02, 3.001499938964844e+02, 3.001499938964844e+02, 3.001499938964844e+02, 3.001499938964844e+02, 3.001499938964844e+02, 3.001499938964844e+02, 3.001499938964844e+02, 3.001499938964844e+02, 3.001499938964844e+02, 2.958820495605469e+02, 2.954078063964844e+02, 2.953121948242188e+02, 2.952333679199219e+02, 2.951917419433594e+02, 2.951712646484375e+02, 2.951608581542969e+02, 2.951555480957031e+02, 2.9515283203125e+02, 2.951514587402344e+02, 2.951507568359375e+02, 2.95150390625e+02, 2.951502075195312e+02, 2.951500854492188e+02, 2.951500549316406e+02, 2.951500244140625e+02, 2.951500244140625e+02, 2.951499938964844e+02, 2.951499938964844e+02, 2.951499938964844e+02, 2.951499938964844e+02, 2.951499938964844e+02, 2.951499938964844e+02, 2.951499938964844e+02, 2.951499938964844e+02, 2.951499938964844e+02, 2.951499938964844e+02, 2.951499938964844e+02, 2.951499938964844e+02, 2.951499938964844e+02, 2.951499938964844e+02, 2.951499938964844e+02, 2.951499938964844e+02, 2.951499938964844e+02, 2.951499938964844e+02, 2.951499938964844e+02, 2.951499938964844e+02, 2.951499938964844e+02, 2.951499938964844e+02, 2.951499938964844e+02, 2.951499938964844e+02, 2.951499938964844e+02, 2.951499938964844e+02, 2.951499938964844e+02, 2.951499938964844e+02, 2.951499938964844e+02, 2.951499938964844e+02, 2.951499938964844e+02, 2.951499938964844e+02, 2.951499938964844e+02]
hex.sta_a1.T=[3.331499938964844e+02, 3.331499938964844e+02, 3.331499938964844e+02, 3.331499938964844e+02, 3.331499938964844e+02, 3.331499938964844e+02, 3.331499938964844e+02, 3.331499938964844e+02, 3.331499938964844e+02, 3.331499938964844e+02, 3.331499938964844e+02, 3.331499938964844e+02, 3.331499938964844e+02, 3.331499938964844e+02, 3.331499938964844e+02, 3.331499938964844e+02, 3.331499938964844e+02, 3.331499938964844e+02, 3.331499938964844e+02, 3.331499938964844e+02, 3.331499938964844e+02, 3.331499938964844e+02, 3.331499938964844e+02, 3.331499938964844e+02, 3.331499938964844e+02, 3.331499938964844e+02, 3.331499938964844e+02, 3.331499938964844e+02, 3.331499938964844e+02, 3.331499938964844e+02, 3.331499938964844e+02, 3.331499938964844e+02, 3.331499938964844e+02, 3.331499938964844e+02, 3.331499938964844e+02, 3.331499938964844e+02, 3.331499938964844e+02, 3.331499938964844e+02, 3.331499938964844e+02, 3.331499938964844e+02, 3.331499938964844e+02, 3.331499938964844e+02, 3.331499938964844e+02, 3.331499938964844e+02, 3.331499938964844e+02, 3.331499938964844e+02, 3.331499938964844e+02, 3.331499938964844e+02, 3.331499938964844e+02, 3.331499938964844e+02, 3.331499938964844e+02, 3.331499938964844e+02, 3.331499938964844e+02, 3.331499938964844e+02, 3.331499938964844e+02, 3.331499938964844e+02, 3.331499938964844e+02, 3.331499938964844e+02, 3.331499938964844e+02, 3.331499938964844e+02, 3.331499938964844e+02, 3.331499938964844e+02, 3.331499938964844e+02, 3.331499938964844e+02, 3.331499938964844e+02, 3.331499938964844e+02, 3.331499938964844e+02, 3.331499938964844e+02, 3.331499938964844e+02, 3.331499938964844e+02, 3.331499938964844e+02, 3.331499938964844e+02, 3.331499938964844e+02, 3.331499938964844e+02, 3.331499938964844e+02, 3.331499938964844e+02, 3.331499938964844e+02, 3.331499938964844e+02, 3.331499938964844e+02, 3.331499938964844e+02, 3.331499938964844e+02, 3.331499938964844e+02, 3.331499938964844e+02, 3.331499938964844e+02, 3.331499938964844e+02, 3.331499938964844e+02, 3.331499938964844e+02, 3.331499938964844e+02, 3.331499938964844e+02, 3.331499938964844e+02, 3.331499938964844e+02, 3.331499938964844e+02, 3.331499938964844e+02, 3.331499938964844e+02, 3.331499938964844e+02, 3.331499938964844e+02, 3.331499938964844e+02, 3.331499938964844e+02, 3.331499938964844e+02, 3.331499938964844e+02, 3.331499938964844e+02]
hex.sta_b1.T=[3.208204345703125e+02, 3.025174255371094e+02, 3.058165283203125e+02, 3.06843994140625e+02, 3.070634460449219e+02, 3.071796569824219e+02, 3.072117309570312e+02, 3.072250061035156e+02, 3.072292785644531e+02, 3.072308654785156e+02, 3.072314147949219e+02, 3.072316284179688e+02, 3.07231689453125e+02, 3.072317199707031e+02, 3.072317199707031e+02, 3.072317199707031e+02, 3.072317199707031e+02, 3.072317199707031e+02, 3.072317199707031e+02, 3.072317199707031e+02, 3.072317199707031e+02, 3.072317199707031e+02, 3.072317199707031e+02, 3.072317199707031e+02, 3.072317199707031e+02, 3.072317199707031e+02, 3.072317199707031e+02, 3.072317199707031e+02, 3.072317199707031e+02, 3.072317199707031e+02, 3.072317199707031e+02, 3.072317199707031e+02, 3.072317199707031e+02, 3.072317199707031e+02, 3.072317199707031e+02, 3.072317199707031e+02, 3.072317199707031e+02, 3.072317199707031e+02, 3.072317199707031e+02, 3.072317199707031e+02, 3.072317199707031e+02, 3.072317199707031e+02, 3.072317199707031e+02, 3.072317199707031e+02, 3.072317199707031e+02, 3.072317199707031e+02, 3.072317199707031e+02, 3.072317199707031e+02, 3.072317199707031e+02, 3.072317199707031e+02, 3.072317199707031e+02, 2.996065979003906e+02, 2.97942138671875e+02, 2.975484619140625e+02, 2.97221435546875e+02, 2.970483093261719e+02, 2.969628601074219e+02, 2.969194641113281e+02, 2.968972778320312e+02, 2.968859252929688e+02, 2.96880126953125e+02, 2.968771667480469e+02, 2.968756713867188e+02, 2.968748779296875e+02, 2.968744812011719e+02, 2.968742980957031e+02, 2.968741760253906e+02, 2.968741149902344e+02, 2.968741149902344e+02, 2.968740844726562e+02, 2.968740844726562e+02, 2.968740844726562e+02, 2.968740844726562e+02, 2.968740844726562e+02, 2.968740844726562e+02, 2.968740844726562e+02, 2.968740844726562e+02, 2.968740844726562e+02, 2.968740844726562e+02, 2.968740844726562e+02, 2.968740844726562e+02, 2.968740844726562e+02, 2.968740844726562e+02, 2.968740844726562e+02, 2.968740844726562e+02, 2.968740844726562e+02, 2.968740844726562e+02, 2.968740844726562e+02, 2.968740844726562e+02, 2.968740844726562e+02, 2.968740844726562e+02, 2.968740844726562e+02, 2.968740844726562e+02, 2.968740844726562e+02, 2.968740844726562e+02, 2.968740844726562e+02, 2.968740844726562e+02, 2.968740844726562e+02, 2.968740844726562e+02, 2.968740844726562e+02, 2.968740844726562e+02]
hex.sta_a2.T=[2.931499938964844e+02, 2.931499938964844e+02, 2.931499938964844e+02, 2.931499938964844e+02, 2.931499938964844e+02, 2.931499938964844e+02, 2.931499938964844e+02, 2.931499938964844e+02, 2.931499938964844e+02, 2.931499938964844e+02, 2.931499938964844e+02, 2.931499938964844e+02, 2.931499938964844e+02, 2.931499938964844e+02, 2.931499938964844e+02, 2.931499938964844e+02, 2.931499938964844e+02, 2.931499938964844e+02, 2.931499938964844e+02, 2.931499938964844e+02, 2.931499938964844e+02, 2.931499938964844e+02, 2.931499938964844e+02, 2.931499938964844e+02, 2.931499938964844e+02, 2.931499938964844e+02, 2.931499938964844e+02, 2.931499938964844e+02, 2.931499938964844e+02, 2.931499938964844e+02, 2.931499938964844e+02, 2.931499938964844e+02, 2.931499938964844e+02, 2.931499938964844e+02, 2.931499938964844e+02, 2.931499938964844e+02, 2.931499938964844e+02, 2.931499938964844e+02, 2.931499938964844e+02, 2.931499938964844e+02, 2.931499938964844e+02, 2.931499938964844e+02, 2.931499938964844e+02, 2.931499938964844e+02, 2.931499938964844e+02, 2.931499938964844e+02, 2.931499938964844e+02, 2.931499938964844e+02, 2.931499938964844e+02, 2.931499938964844e+02, 2.931499938964844e+02, 2.931499938964844e+02, 2.931499938964844e+02, 2.931499938964844e+02, 2.931499938964844e+02, 2.931499938964844e+02, 2.931499938964844e+02, 2.931499938964844e+02, 2.931499938964844e+02, 2.931499938964844e+02, 2.931499938964844e+02, 2.931499938964844e+02, 2.931499938964844e+02, 2.931499938964844e+02, 2.931499938964844e+02, 2.931499938964844e+02, 2.931499938964844e+02, 2.931499938964844e+02, 2.931499938964844e+02, 2.931499938964844e+02, 2.931499938964844e+02, 2.931499938964844e+02, 2.931499938964844e+02, 2.931499938964844e+02, 2.931499938964844e+02, 2.931499938964844e+02, 2.931499938964844e+02, 2.931499938964844e+02, 2.931499938964844e+02, 2.931499938964844e+02, 2.931499938964844e+02, 2.931499938964844e+02, 2.931499938964844e+02, 2.931499938964844e+02, 2.931499938964844e+02, 2.931499938964844e+02, 2.931499938964844e+02, 2.931499938964844e+02, 2.931499938964844e+02, 2.931499938964844e+02, 2.931499938964844e+02, 2.931499938964844e+02, 2.931499938964844e+02, 2.931499938964844e+02, 2.931499938964844e+02, 2.931499938964844e+02, 2.931499938964844e+02, 2.931499938964844e+02, 2.931499938964844e+02, 2.931499938964844e+02, 2.931499938964844e+02]
hex.sta_b2.T=[3.104273986816406e+02, 2.970205688476562e+02, 2.991627807617188e+02, 2.99876953125e+02, 3.0003125e+02, 3.001132202148438e+02, 3.001358642578125e+02, 3.00145263671875e+02, 3.001482543945312e+02, 3.001493835449219e+02, 3.001497802734375e+02, 3.001499328613281e+02, 3.001499633789062e+02, 3.001499938964844e+02, 3.001499938964844e+02, 3.001499938964844e+02, 3.001499938964844e+02, 3.001499938964844e+02, 3.001499938964844e+02, 3.001499938964844e+02, 3.001499938964844e+02, 3.001499938964844e+02, 3.001499938964844e+02, 3.001499938964844e+02, 3.001499938964844e+02, 3.001499938964844e+02, 3.001499938964844e+02, 3.001499938964844e+02, 3.001499938964844e+02, 3.001499938964844e+02, 3.001499938964844e+02, 3.001499938964844e+02, 3.001499938964844e+02, 3.001499938964844e+02, 3.001499938964844e+02, 3.001499938964844e+02, 3.001499938964844e+02, 3.001499938964844e+02, 3.001499938964844e+02, 3.001499938964844e+02, 3.001499938964844e+02, 3.001499938964844e+02, 3.001499938964844e+02, 3.001499938964844e+02, 3.001499938964844e+02, 3.001499938964844e+02, 3.001499938964844e+02, 3.001499938964844e+02, 3.001499938964844e+02, 3.001499938964844e+02, 3.001499938964844e+02, 2.958492736816406e+02, 2.954056701660156e+02, 2.953101196289062e+02, 2.952321166992188e+02, 2.951911315917969e+02, 2.951709289550781e+02, 2.951607055664062e+02, 2.951554565429688e+02, 2.951528015136719e+02, 2.951514282226562e+02, 2.951507263183594e+02, 2.951503601074219e+02, 2.951501770019531e+02, 2.951500854492188e+02, 2.951500549316406e+02, 2.951500244140625e+02, 2.951500244140625e+02, 2.951499938964844e+02, 2.951499938964844e+02, 2.951499938964844e+02, 2.951499938964844e+02, 2.951499938964844e+02, 2.951499938964844e+02, 2.951499938964844e+02, 2.951499938964844e+02, 2.951499938964844e+02, 2.951499938964844e+02, 2.951499938964844e+02, 2.951499938964844e+02, 2.951499938964844e+02, 2.951499938964844e+02, 2.951499938964844e+02, 2.951499938964844e+02, 2.951499938964844e+02, 2.951499938964844e+02, 2.951499938964844e+02, 2.951499938964844e+02, 2.951499938964844e+02, 2.951499938964844e+02, 2.951499938964844e+02, 2.951499938964844e+02, 2.951499938964844e+02, 2.951499938964844e+02, 2.951499938964844e+02, 2.951499938964844e+02, 2.951499938964844e+02, 2.951499938964844e+02, 2.951499938964844e+02, 2.951499938964844e+02, 2.951499938964844e+02]
hex.Q1_flow=[-4.666207580566406e+02, -1.045345458984375e+02, -1.623907928466797e+02, -1.816784973144531e+02, -1.858462371826172e+02, -1.880600128173828e+02, -1.886716461181641e+02, -1.889249725341797e+02, -1.890064392089844e+02, -1.890369873046875e+02, -1.890475006103516e+02, -1.890511932373047e+02, -1.890525054931641e+02, -1.890531158447266e+02, -1.890531768798828e+02, -1.890531768798828e+02, -1.890532073974609e+02, -1.8905322265625e+02, -1.8905322265625e+02, -1.890532379150391e+02, -1.890532379150391e+02, -1.8905322265625e+02, -1.8905322265625e+02, -1.8905322265625e+02, -1.8905322265625e+02, -1.8905322265625e+02, -1.8905322265625e+02, -1.8905322265625e+02, -1.8905322265625e+02, -1.8905322265625e+02, -1.8905322265625e+02, -1.8905322265625e+02, -1.8905322265625e+02, -1.8905322265625e+02, -1.8905322265625e+02, -1.8905322265625e+02, -1.8905322265625e+02, -1.8905322265625e+02, -1.8905322265625e+02, -1.8905322265625e+02, -1.8905322265625e+02, -1.8905322265625e+02, -1.8905322265625e+02, -1.8905322265625e+02, -1.8905322265625e+02, -1.8905322265625e+02, -1.8905322265625e+02, -1.8905322265625e+02, -1.8905322265625e+02, -1.8905322265625e+02, -1.8905322265625e+02, -7.290122985839844e+01, -6.091990661621094e+01, -5.833982086181641e+01, -5.623278808593749e+01, -5.512583923339843e+01, -5.458085250854492e+01, -5.430433654785156e+01, -5.41629638671875e+01, -5.409072113037109e+01, -5.405381393432617e+01, -5.403494644165039e+01, -5.402529907226562e+01, -5.402038192749023e+01, -5.401786422729492e+01, -5.401656723022461e+01, -5.401590728759766e+01, -5.401556777954102e+01, -5.401538848876953e+01, -5.401530838012695e+01, -5.401526641845703e+01, -5.401523971557617e+01, -5.401522445678711e+01, -5.401521301269531e+01, -5.401520919799805e+01, -5.401520538330078e+01, -5.401520538330078e+01, -5.401520538330078e+01, -5.401520538330078e+01, -5.401520538330078e+01, -5.401520538330078e+01, -5.401520538330078e+01, -5.401520538330078e+01, -5.401520538330078e+01, -5.401520538330078e+01, -5.401520538330078e+01, -5.401520538330078e+01, -5.401520538330078e+01, -5.401520538330078e+01, -5.401520538330078e+01, -5.401520919799805e+01, -5.401520919799805e+01, -5.401520919799805e+01, -5.401520919799805e+01, -5.401520919799805e+01, -5.401520919799805e+01, -5.401520919799805e+01, -5.401520919799805e+01, -5.401520919799805e+01, -5.401520919799805e+01, -5.401520919799805e+01]
hex.Q2_flow=[4.666207580566406e+02, 1.045345458984375e+02, 1.623907928466797e+02, 1.816784973144531e+02, 1.858462371826172e+02, 1.880600128173828e+02, 1.886716461181641e+02, 1.889249725341797e+02, 1.890064392089844e+02, 1.890369873046875e+02, 1.890475006103516e+02, 1.890511932373047e+02, 1.890525054931641e+02, 1.890531158447266e+02, 1.890531768798828e+02, 1.890531768798828e+02, 1.890532073974609e+02, 1.8905322265625e+02, 1.8905322265625e+02, 1.890532379150391e+02, 1.890532379150391e+02, 1.8905322265625e+02, 1.8905322265625e+02, 1.8905322265625e+02, 1.8905322265625e+02, 1.8905322265625e+02, 1.8905322265625e+02, 1.8905322265625e+02, 1.8905322265625e+02, 1.8905322265625e+02, 1.8905322265625e+02, 1.8905322265625e+02, 1.8905322265625e+02, 1.8905322265625e+02, 1.8905322265625e+02, 1.8905322265625e+02, 1.8905322265625e+02, 1.8905322265625e+02, 1.8905322265625e+02, 1.8905322265625e+02, 1.8905322265625e+02, 1.8905322265625e+02, 1.8905322265625e+02, 1.8905322265625e+02, 1.8905322265625e+02, 1.8905322265625e+02, 1.8905322265625e+02, 1.8905322265625e+02, 1.8905322265625e+02, 1.8905322265625e+02, 1.8905322265625e+02, 7.290122985839844e+01, 6.091990661621094e+01, 5.833982086181641e+01, 5.623278808593749e+01, 5.512583923339843e+01, 5.458085250854492e+01, 5.430433654785156e+01, 5.41629638671875e+01, 5.409072113037109e+01, 5.405381393432617e+01, 5.403494644165039e+01, 5.402529907226562e+01, 5.402038192749023e+01, 5.401786422729492e+01, 5.401656723022461e+01, 5.401590728759766e+01, 5.401556777954102e+01, 5.401538848876953e+01, 5.401530838012695e+01, 5.401526641845703e+01, 5.401523971557617e+01, 5.401522445678711e+01, 5.401521301269531e+01, 5.401520919799805e+01, 5.401520538330078e+01, 5.401520538330078e+01, 5.401520538330078e+01, 5.401520538330078e+01, 5.401520538330078e+01, 5.401520538330078e+01, 5.401520538330078e+01, 5.401520538330078e+01, 5.401520538330078e+01, 5.401520538330078e+01, 5.401520538330078e+01, 5.401520538330078e+01, 5.401520538330078e+01, 5.401520538330078e+01, 5.401520538330078e+01, 5.401520919799805e+01, 5.401520919799805e+01, 5.401520919799805e+01, 5.401520919799805e+01, 5.401520919799805e+01, 5.401520919799805e+01, 5.401520919799805e+01, 5.401520919799805e+01, 5.401520919799805e+01, 5.401520919799805e+01, 5.401520919799805e+01]
hex.m1_flow=[9.045340120792389e-03, 8.156138355843723e-04, 1.419955515302718e-03, 1.650658203288913e-03, 1.702727982774377e-03, 1.73072109464556e-03, 1.738496706821024e-03, 1.741722342558205e-03, 1.742760417982936e-03, 1.743149827234447e-03, 1.74328382126987e-03, 1.74333096947521e-03, 1.743347616866231e-03, 1.743355416692793e-03, 1.743356115184724e-03, 1.743355998769403e-03, 1.743356580846012e-03, 1.743356813676655e-03, 1.743356813676655e-03, 1.743356813676655e-03, 1.743356813676655e-03, 1.743356813676655e-03, 1.743356813676655e-03, 1.743356813676655e-03, 1.743356813676655e-03, 1.743356813676655e-03, 1.743356813676655e-03, 1.743356813676655e-03, 1.743356813676655e-03, 1.743356813676655e-03, 1.743356813676655e-03, 1.743356813676655e-03, 1.743356813676655e-03, 1.743356813676655e-03, 1.743356813676655e-03, 1.743356813676655e-03, 1.743356813676655e-03, 1.743356813676655e-03, 1.743356813676655e-03, 1.743356813676655e-03, 1.743356813676655e-03, 1.743356813676655e-03, 1.743356813676655e-03, 1.743356813676655e-03, 1.743356813676655e-03, 1.743356813676655e-03, 1.743356813676655e-03, 1.743356813676655e-03, 1.743356813676655e-03, 1.743356813676655e-03, 1.743356813676655e-03, 5.194406257942319e-04, 4.135499766562134e-04, 3.916559799108654e-04, 3.740744723472744e-04, 3.649521386250853e-04, 3.604909288696945e-04, 3.582350327633321e-04, 3.570837143342942e-04, 3.564959042705595e-04, 3.561957564670593e-04, 3.560423501767218e-04, 3.559639153536409e-04, 3.559239266905934e-04, 3.559034666977823e-04, 3.558929311111569e-04, 3.558875469025224e-04, 3.558847820386291e-04, 3.558833559509367e-04, 3.558826574590057e-04, 3.558823373168707e-04, 3.558821335900575e-04, 3.558819880709052e-04, 3.558819298632443e-04, 3.558818716555834e-04, 3.558818716555834e-04, 3.558818425517529e-04, 3.558818425517529e-04, 3.558818425517529e-04, 3.558818425517529e-04, 3.558818425517529e-04, 3.558818425517529e-04, 3.558818425517529e-04, 3.558818425517529e-04, 3.558818425517529e-04, 3.558818716555834e-04, 3.558818716555834e-04, 3.558818716555834e-04, 3.558818716555834e-04, 3.558818716555834e-04, 3.558818716555834e-04, 3.558818716555834e-04, 3.558818716555834e-04, 3.558818716555834e-04, 3.558818716555834e-04, 3.558818716555834e-04, 3.558818716555834e-04, 3.558818716555834e-04, 3.558818716555834e-04, 3.558818716555834e-04, 3.558818716555834e-04]
=======
P.u_m=[2.931499938964844e+02, 3.046163330078125e+02, 2.984200134277344e+02, 2.988045349121094e+02, 2.995285034179688e+02, 2.998671569824219e+02, 3.000220642089844e+02, 3.0009228515625e+02, 3.001239929199219e+02, 3.001382751464844e+02, 3.001447143554688e+02, 3.001476135253906e+02, 3.0014892578125e+02, 3.001495056152344e+02, 3.001497802734375e+02, 3.0014990234375e+02, 3.001499633789062e+02, 3.001499938964844e+02, 3.001499938964844e+02, 3.001499938964844e+02, 3.001499938964844e+02, 3.001499938964844e+02, 3.001499938964844e+02, 3.001499938964844e+02, 3.001499938964844e+02, 3.001499938964844e+02, 3.001499938964844e+02, 3.001499938964844e+02, 3.001499938964844e+02, 3.001499938964844e+02, 3.001499938964844e+02, 3.001499938964844e+02, 3.001499938964844e+02, 3.001499938964844e+02, 3.001499938964844e+02, 3.001499938964844e+02, 3.001499938964844e+02, 3.001499938964844e+02, 3.001499938964844e+02, 3.001499938964844e+02, 3.001499938964844e+02, 3.001499938964844e+02, 3.001499938964844e+02, 3.001499938964844e+02, 3.001499938964844e+02, 3.001499938964844e+02, 3.001499938964844e+02, 3.001499938964844e+02, 3.001499938964844e+02, 3.001499938964844e+02, 3.001499938964844e+02, 2.960030212402344e+02, 2.953414306640625e+02, 2.952677917480469e+02, 2.952229614257812e+02, 2.951953735351562e+02, 2.951782836914062e+02, 2.951676635742188e+02, 2.951610412597656e+02, 2.951568908691406e+02, 2.951543273925781e+02, 2.951527099609375e+02, 2.951517028808594e+02, 2.951510620117188e+02, 2.951506652832031e+02, 2.951504211425781e+02, 2.951502685546875e+02, 2.951501770019531e+02, 2.951501159667969e+02, 2.951500549316406e+02, 2.951500549316406e+02, 2.951500244140625e+02, 2.951500244140625e+02, 2.951500244140625e+02, 2.951499938964844e+02, 2.951499938964844e+02, 2.951499938964844e+02, 2.951499938964844e+02, 2.951499938964844e+02, 2.951499938964844e+02, 2.951499938964844e+02, 2.951499938964844e+02, 2.951499938964844e+02, 2.951499938964844e+02, 2.951499938964844e+02, 2.951499938964844e+02, 2.951499938964844e+02, 2.951499938964844e+02, 2.951499938964844e+02, 2.951499938964844e+02, 2.951499938964844e+02, 2.951499938964844e+02, 2.951499938964844e+02, 2.951499938964844e+02, 2.951499938964844e+02, 2.951499938964844e+02, 2.951499938964844e+02, 2.951499938964844e+02, 2.951499938964844e+02, 2.951499938964844e+02, 2.951499938964844e+02]
hex.sta_a1.T=[3.331499938964844e+02, 3.331499938964844e+02, 3.331499938964844e+02, 3.331499938964844e+02, 3.331499938964844e+02, 3.331499938964844e+02, 3.331499938964844e+02, 3.331499938964844e+02, 3.331499938964844e+02, 3.331499938964844e+02, 3.331499938964844e+02, 3.331499938964844e+02, 3.331499938964844e+02, 3.331499938964844e+02, 3.331499938964844e+02, 3.331499938964844e+02, 3.331499938964844e+02, 3.331499938964844e+02, 3.331499938964844e+02, 3.331499938964844e+02, 3.331499938964844e+02, 3.331499938964844e+02, 3.331499938964844e+02, 3.331499938964844e+02, 3.331499938964844e+02, 3.331499938964844e+02, 3.331499938964844e+02, 3.331499938964844e+02, 3.331499938964844e+02, 3.331499938964844e+02, 3.331499938964844e+02, 3.331499938964844e+02, 3.331499938964844e+02, 3.331499938964844e+02, 3.331499938964844e+02, 3.331499938964844e+02, 3.331499938964844e+02, 3.331499938964844e+02, 3.331499938964844e+02, 3.331499938964844e+02, 3.331499938964844e+02, 3.331499938964844e+02, 3.331499938964844e+02, 3.331499938964844e+02, 3.331499938964844e+02, 3.331499938964844e+02, 3.331499938964844e+02, 3.331499938964844e+02, 3.331499938964844e+02, 3.331499938964844e+02, 3.331499938964844e+02, 3.331499938964844e+02, 3.331499938964844e+02, 3.331499938964844e+02, 3.331499938964844e+02, 3.331499938964844e+02, 3.331499938964844e+02, 3.331499938964844e+02, 3.331499938964844e+02, 3.331499938964844e+02, 3.331499938964844e+02, 3.331499938964844e+02, 3.331499938964844e+02, 3.331499938964844e+02, 3.331499938964844e+02, 3.331499938964844e+02, 3.331499938964844e+02, 3.331499938964844e+02, 3.331499938964844e+02, 3.331499938964844e+02, 3.331499938964844e+02, 3.331499938964844e+02, 3.331499938964844e+02, 3.331499938964844e+02, 3.331499938964844e+02, 3.331499938964844e+02, 3.331499938964844e+02, 3.331499938964844e+02, 3.331499938964844e+02, 3.331499938964844e+02, 3.331499938964844e+02, 3.331499938964844e+02, 3.331499938964844e+02, 3.331499938964844e+02, 3.331499938964844e+02, 3.331499938964844e+02, 3.331499938964844e+02, 3.331499938964844e+02, 3.331499938964844e+02, 3.331499938964844e+02, 3.331499938964844e+02, 3.331499938964844e+02, 3.331499938964844e+02, 3.331499938964844e+02, 3.331499938964844e+02, 3.331499938964844e+02, 3.331499938964844e+02, 3.331499938964844e+02, 3.331499938964844e+02, 3.331499938964844e+02, 3.331499938964844e+02]
hex.sta_b1.T=[3.208204345703125e+02, 3.131124572753906e+02, 3.045684204101562e+02, 3.05324951171875e+02, 3.063603210449219e+02, 3.068369140625e+02, 3.070534973144531e+02, 3.071513671875e+02, 3.071955261230469e+02, 3.072154235839844e+02, 3.07224365234375e+02, 3.072284240722656e+02, 3.07230224609375e+02, 3.072310485839844e+02, 3.072314147949219e+02, 3.072315979003906e+02, 3.072316589355469e+02, 3.07231689453125e+02, 3.072317199707031e+02, 3.072317199707031e+02, 3.072317199707031e+02, 3.072317199707031e+02, 3.072317199707031e+02, 3.072317199707031e+02, 3.072317199707031e+02, 3.072317199707031e+02, 3.072317199707031e+02, 3.072317199707031e+02, 3.072317199707031e+02, 3.072317199707031e+02, 3.072317199707031e+02, 3.072317199707031e+02, 3.072317199707031e+02, 3.072317199707031e+02, 3.072317199707031e+02, 3.072317199707031e+02, 3.072317199707031e+02, 3.072317199707031e+02, 3.072317199707031e+02, 3.072317199707031e+02, 3.072317199707031e+02, 3.072317199707031e+02, 3.072317199707031e+02, 3.072317199707031e+02, 3.072317199707031e+02, 3.072317199707031e+02, 3.072317199707031e+02, 3.072317199707031e+02, 3.072317199707031e+02, 3.072317199707031e+02, 3.072317199707031e+02, 2.999266052246094e+02, 2.976700439453125e+02, 2.973663940429688e+02, 2.971796875e+02, 2.970643005371094e+02, 2.969927062988281e+02, 2.969481506347656e+02, 2.969203796386719e+02, 2.969030151367188e+02, 2.968921813964844e+02, 2.968854064941406e+02, 2.968811645507812e+02, 2.968785095214844e+02, 2.968768615722656e+02, 2.968758239746094e+02, 2.968751525878906e+02, 2.96874755859375e+02, 2.9687451171875e+02, 2.968743286132812e+02, 2.968742370605469e+02, 2.968741760253906e+02, 2.968741455078125e+02, 2.968741149902344e+02, 2.968741149902344e+02, 2.968740844726562e+02, 2.968740844726562e+02, 2.968740844726562e+02, 2.968740844726562e+02, 2.968740844726562e+02, 2.968740844726562e+02, 2.968740844726562e+02, 2.968740844726562e+02, 2.968740844726562e+02, 2.968740844726562e+02, 2.968740844726562e+02, 2.968740844726562e+02, 2.968740844726562e+02, 2.968740844726562e+02, 2.968740844726562e+02, 2.968740844726562e+02, 2.968740844726562e+02, 2.968740844726562e+02, 2.968740844726562e+02, 2.968740844726562e+02, 2.968740844726562e+02, 2.968740844726562e+02, 2.968740844726562e+02, 2.968740844726562e+02, 2.968740844726562e+02, 2.968740844726562e+02]
hex.sta_a2.T=[2.931499938964844e+02, 2.931499938964844e+02, 2.931499938964844e+02, 2.931499938964844e+02, 2.931499938964844e+02, 2.931499938964844e+02, 2.931499938964844e+02, 2.931499938964844e+02, 2.931499938964844e+02, 2.931499938964844e+02, 2.931499938964844e+02, 2.931499938964844e+02, 2.931499938964844e+02, 2.931499938964844e+02, 2.931499938964844e+02, 2.931499938964844e+02, 2.931499938964844e+02, 2.931499938964844e+02, 2.931499938964844e+02, 2.931499938964844e+02, 2.931499938964844e+02, 2.931499938964844e+02, 2.931499938964844e+02, 2.931499938964844e+02, 2.931499938964844e+02, 2.931499938964844e+02, 2.931499938964844e+02, 2.931499938964844e+02, 2.931499938964844e+02, 2.931499938964844e+02, 2.931499938964844e+02, 2.931499938964844e+02, 2.931499938964844e+02, 2.931499938964844e+02, 2.931499938964844e+02, 2.931499938964844e+02, 2.931499938964844e+02, 2.931499938964844e+02, 2.931499938964844e+02, 2.931499938964844e+02, 2.931499938964844e+02, 2.931499938964844e+02, 2.931499938964844e+02, 2.931499938964844e+02, 2.931499938964844e+02, 2.931499938964844e+02, 2.931499938964844e+02, 2.931499938964844e+02, 2.931499938964844e+02, 2.931499938964844e+02, 2.931499938964844e+02, 2.931499938964844e+02, 2.931499938964844e+02, 2.931499938964844e+02, 2.931499938964844e+02, 2.931499938964844e+02, 2.931499938964844e+02, 2.931499938964844e+02, 2.931499938964844e+02, 2.931499938964844e+02, 2.931499938964844e+02, 2.931499938964844e+02, 2.931499938964844e+02, 2.931499938964844e+02, 2.931499938964844e+02, 2.931499938964844e+02, 2.931499938964844e+02, 2.931499938964844e+02, 2.931499938964844e+02, 2.931499938964844e+02, 2.931499938964844e+02, 2.931499938964844e+02, 2.931499938964844e+02, 2.931499938964844e+02, 2.931499938964844e+02, 2.931499938964844e+02, 2.931499938964844e+02, 2.931499938964844e+02, 2.931499938964844e+02, 2.931499938964844e+02, 2.931499938964844e+02, 2.931499938964844e+02, 2.931499938964844e+02, 2.931499938964844e+02, 2.931499938964844e+02, 2.931499938964844e+02, 2.931499938964844e+02, 2.931499938964844e+02, 2.931499938964844e+02, 2.931499938964844e+02, 2.931499938964844e+02, 2.931499938964844e+02, 2.931499938964844e+02, 2.931499938964844e+02, 2.931499938964844e+02, 2.931499938964844e+02, 2.931499938964844e+02, 2.931499938964844e+02, 2.931499938964844e+02, 2.931499938964844e+02, 2.931499938964844e+02]
hex.sta_b2.T=[3.104273986816406e+02, 3.044649963378906e+02, 2.983166198730469e+02, 2.988265075683594e+02, 2.995389709472656e+02, 2.998719787597656e+02, 3.000242309570312e+02, 3.0009326171875e+02, 3.001244201660156e+02, 3.001384887695312e+02, 3.001448059082031e+02, 3.001476745605469e+02, 3.001489562988281e+02, 3.001495361328125e+02, 3.001497802734375e+02, 3.0014990234375e+02, 3.001499633789062e+02, 3.001499938964844e+02, 3.001499938964844e+02, 3.001499938964844e+02, 3.001499938964844e+02, 3.001499938964844e+02, 3.001499938964844e+02, 3.001499938964844e+02, 3.001499938964844e+02, 3.001499938964844e+02, 3.001499938964844e+02, 3.001499938964844e+02, 3.001499938964844e+02, 3.001499938964844e+02, 3.001499938964844e+02, 3.001499938964844e+02, 3.001499938964844e+02, 3.001499938964844e+02, 3.001499938964844e+02, 3.001499938964844e+02, 3.001499938964844e+02, 3.001499938964844e+02, 3.001499938964844e+02, 3.001499938964844e+02, 3.001499938964844e+02, 3.001499938964844e+02, 3.001499938964844e+02, 3.001499938964844e+02, 3.001499938964844e+02, 3.001499938964844e+02, 3.001499938964844e+02, 3.001499938964844e+02, 3.001499938964844e+02, 3.001499938964844e+02, 3.001499938964844e+02, 2.959463195800781e+02, 2.953394165039062e+02, 2.952665710449219e+02, 2.952221984863281e+02, 2.951949157714844e+02, 2.95177978515625e+02, 2.9516748046875e+02, 2.951609191894531e+02, 2.951568298339844e+02, 2.951542663574219e+02, 2.951526794433594e+02, 2.951516723632812e+02, 2.951510314941406e+02, 2.951506652832031e+02, 2.951504211425781e+02, 2.951502685546875e+02, 2.95150146484375e+02, 2.951500854492188e+02, 2.951500549316406e+02, 2.951500244140625e+02, 2.951500244140625e+02, 2.951500244140625e+02, 2.951500244140625e+02, 2.951499938964844e+02, 2.951499938964844e+02, 2.951499938964844e+02, 2.951499938964844e+02, 2.951499938964844e+02, 2.951499938964844e+02, 2.951499938964844e+02, 2.951499938964844e+02, 2.951499938964844e+02, 2.951499938964844e+02, 2.951499938964844e+02, 2.951499938964844e+02, 2.951499938964844e+02, 2.951499938964844e+02, 2.951499938964844e+02, 2.951499938964844e+02, 2.951499938964844e+02, 2.951499938964844e+02, 2.951499938964844e+02, 2.951499938964844e+02, 2.951499938964844e+02, 2.951499938964844e+02, 2.951499938964844e+02, 2.951499938964844e+02, 2.951499938964844e+02, 2.951499938964844e+02, 2.951499938964844e+02]
hex.Q1_flow=[-4.666207580566406e+02, -3.055906982421875e+02, -1.395380554199219e+02, -1.533087005615234e+02, -1.725504608154297e+02, -1.815442810058594e+02, -1.856569061279297e+02, -1.875210113525391e+02, -1.883627624511719e+02, -1.887422485351562e+02, -1.889131164550781e+02, -1.889900970458984e+02, -1.890247802734375e+02, -1.890404052734375e+02, -1.890474548339844e+02, -1.890506286621094e+02, -1.890520324707031e+02, -1.890526580810547e+02, -1.89052978515625e+02, -1.890531311035156e+02, -1.890531921386719e+02, -1.890532073974609e+02, -1.890532073974609e+02, -1.890532073974609e+02, -1.890532073974609e+02, -1.8905322265625e+02, -1.8905322265625e+02, -1.8905322265625e+02, -1.8905322265625e+02, -1.8905322265625e+02, -1.8905322265625e+02, -1.8905322265625e+02, -1.8905322265625e+02, -1.8905322265625e+02, -1.8905322265625e+02, -1.8905322265625e+02, -1.8905322265625e+02, -1.8905322265625e+02, -1.8905322265625e+02, -1.8905322265625e+02, -1.8905322265625e+02, -1.8905322265625e+02, -1.8905322265625e+02, -1.8905322265625e+02, -1.8905322265625e+02, -1.8905322265625e+02, -1.8905322265625e+02, -1.8905322265625e+02, -1.8905322265625e+02, -1.8905322265625e+02, -1.8905322265625e+02, -7.552178955078125e+01, -5.913054656982422e+01, -5.71637077331543e+01, -5.596551132202148e+01, -5.522803497314453e+01, -5.477123641967773e+01, -5.448719024658203e+01, -5.431013488769531e+01, -5.419960784912109e+01, -5.413054275512695e+01, -5.408736038208008e+01, -5.406035995483398e+01, -5.40434684753418e+01, -5.403289413452148e+01, -5.402627944946289e+01, -5.402213668823242e+01, -5.401954650878906e+01, -5.401792144775391e+01, -5.401690673828125e+01, -5.401627349853516e+01, -5.40158805847168e+01, -5.401563262939453e+01, -5.401547622680664e+01, -5.401537704467773e+01, -5.401531600952148e+01, -5.401527404785156e+01, -5.401525115966797e+01, -5.401523590087891e+01, -5.401522445678711e+01, -5.401521682739258e+01, -5.401521301269531e+01, -5.401520919799805e+01, -5.401520919799805e+01, -5.401520919799805e+01, -5.401520538330078e+01, -5.401520538330078e+01, -5.401520538330078e+01, -5.401520538330078e+01, -5.401520538330078e+01, -5.401520538330078e+01, -5.401520538330078e+01, -5.401520538330078e+01, -5.401520538330078e+01, -5.401520538330078e+01, -5.401520538330078e+01, -5.401520538330078e+01, -5.401520919799805e+01, -5.401520919799805e+01, -5.401520919799805e+01, -5.401520919799805e+01]
hex.Q2_flow=[4.666207580566406e+02, 3.055906982421875e+02, 1.395380554199219e+02, 1.533087005615234e+02, 1.725504608154297e+02, 1.815442810058594e+02, 1.856569061279297e+02, 1.875210113525391e+02, 1.883627624511719e+02, 1.887422485351562e+02, 1.889131164550781e+02, 1.889900970458984e+02, 1.890247802734375e+02, 1.890404052734375e+02, 1.890474548339844e+02, 1.890506286621094e+02, 1.890520324707031e+02, 1.890526580810547e+02, 1.89052978515625e+02, 1.890531311035156e+02, 1.890531921386719e+02, 1.890532073974609e+02, 1.890532073974609e+02, 1.890532073974609e+02, 1.890532073974609e+02, 1.8905322265625e+02, 1.8905322265625e+02, 1.8905322265625e+02, 1.8905322265625e+02, 1.8905322265625e+02, 1.8905322265625e+02, 1.8905322265625e+02, 1.8905322265625e+02, 1.8905322265625e+02, 1.8905322265625e+02, 1.8905322265625e+02, 1.8905322265625e+02, 1.8905322265625e+02, 1.8905322265625e+02, 1.8905322265625e+02, 1.8905322265625e+02, 1.8905322265625e+02, 1.8905322265625e+02, 1.8905322265625e+02, 1.8905322265625e+02, 1.8905322265625e+02, 1.8905322265625e+02, 1.8905322265625e+02, 1.8905322265625e+02, 1.8905322265625e+02, 1.8905322265625e+02, 7.552178955078125e+01, 5.913054656982422e+01, 5.71637077331543e+01, 5.596551132202148e+01, 5.522803497314453e+01, 5.477123641967773e+01, 5.448719024658203e+01, 5.431013488769531e+01, 5.419960784912109e+01, 5.413054275512695e+01, 5.408736038208008e+01, 5.406035995483398e+01, 5.40434684753418e+01, 5.403289413452148e+01, 5.402627944946289e+01, 5.402213668823242e+01, 5.401954650878906e+01, 5.401792144775391e+01, 5.401690673828125e+01, 5.401627349853516e+01, 5.40158805847168e+01, 5.401563262939453e+01, 5.401547622680664e+01, 5.401537704467773e+01, 5.401531600952148e+01, 5.401527404785156e+01, 5.401525115966797e+01, 5.401523590087891e+01, 5.401522445678711e+01, 5.401521682739258e+01, 5.401521301269531e+01, 5.401520919799805e+01, 5.401520919799805e+01, 5.401520919799805e+01, 5.401520538330078e+01, 5.401520538330078e+01, 5.401520538330078e+01, 5.401520538330078e+01, 5.401520538330078e+01, 5.401520538330078e+01, 5.401520538330078e+01, 5.401520538330078e+01, 5.401520538330078e+01, 5.401520538330078e+01, 5.401520538330078e+01, 5.401520538330078e+01, 5.401520919799805e+01, 5.401520919799805e+01, 5.401520919799805e+01, 5.401520919799805e+01]
hex.m1_flow=[9.045340120792389e-03, 3.645053133368492e-03, 1.166849513538182e-03, 1.316859154030681e-03, 1.539419521577656e-03, 1.648994977585971e-03, 1.70034496113658e-03, 1.72388378996402e-03, 1.734567689709365e-03, 1.739395316690207e-03, 1.741571468301117e-03, 1.742552267387509e-03, 1.742994179949164e-03, 1.743193482980132e-03, 1.743283122777939e-03, 1.743323635309935e-03, 1.743341563269496e-03, 1.743349595926702e-03, 1.743353554047644e-03, 1.743355416692793e-03, 1.743356231600046e-03, 1.74335646443069e-03, 1.74335646443069e-03, 1.74335646443069e-03, 1.743356580846012e-03, 1.743356697261333e-03, 1.743356697261333e-03, 1.743356697261333e-03, 1.743356697261333e-03, 1.743356697261333e-03, 1.743356697261333e-03, 1.743356697261333e-03, 1.743356813676655e-03, 1.743356813676655e-03, 1.743356813676655e-03, 1.743356813676655e-03, 1.743356813676655e-03, 1.743356813676655e-03, 1.743356813676655e-03, 1.743356813676655e-03, 1.743356813676655e-03, 1.743356813676655e-03, 1.743356813676655e-03, 1.743356813676655e-03, 1.743356813676655e-03, 1.743356813676655e-03, 1.743356813676655e-03, 1.743356813676655e-03, 1.743356813676655e-03, 1.743356813676655e-03, 1.743356813676655e-03, 5.432962789200246e-04, 3.983245696872473e-04, 3.818077966570854e-04, 3.718644729815423e-04, 3.657909401226788e-04, 3.62047110684216e-04, 3.597262257244438e-04, 3.582822973839939e-04, 3.573819994926453e-04, 3.568198590073735e-04, 3.564685757737607e-04, 3.562489873729646e-04, 3.561116172932088e-04, 3.560256445780396e-04, 3.559718606993556e-04, 3.559381875675172e-04, 3.559171163942665e-04, 3.559039323590696e-04, 3.558956959750503e-04, 3.558905445970595e-04, 3.558873140718788e-04, 3.558853059075773e-04, 3.558840544428676e-04, 3.558832395356148e-04, 3.558827447704971e-04, 3.558824246283621e-04, 3.558822209015489e-04, 3.558820753823966e-04, 3.558820171747357e-04, 3.558819589670748e-04, 3.558819007594138e-04, 3.558818716555834e-04, 3.558818716555834e-04, 3.558818716555834e-04, 3.558818716555834e-04, 3.558818425517529e-04, 3.558818425517529e-04, 3.558818425517529e-04, 3.558818425517529e-04, 3.558818425517529e-04, 3.558818425517529e-04, 3.558818425517529e-04, 3.558818716555834e-04, 3.558818716555834e-04, 3.558818716555834e-04, 3.558818716555834e-04, 3.558818716555834e-04, 3.558818716555834e-04, 3.558818716555834e-04, 3.558818716555834e-04]
>>>>>>> master
hex.m2_flow=[6.454972084611654e-03, 6.454972084611654e-03]
