<<<<<<< HEAD
last-generated=2022-08-05
=======
last-generated=2024-09-16
>>>>>>> master
statistics-initialization=
{
  "nonlinear": "0, 0, 10, 0, 0, 1, 0, 1, 1, 1",
  "numerical Jacobians": "0"
}
statistics-simulation=
{
  "linear": "24",
<<<<<<< HEAD
  "nonlinear": "0, 0, 10, 0, 1, 0, 1, 1, 1",
  "number of continuous time states": "74",
  "numerical Jacobians": "0"
}
time=[0e+00, 1e+03]
pmpNorth.m_flow=[2.184594956241301e-15, 3.93571949005127e+00, 5.780115604400635e+00, 5.809210300445557e+00, 5.690201759338379e+00, 5.605241298675537e+00, 5.558027744293213e+00, 5.541175842285156e+00, 5.54830265045166e+00, 5.57248592376709e+00, 5.607398986816406e+00, 5.646416187286377e+00, 5.681888103485107e+00, 5.721856117248535e+00, 5.762374401092529e+00, 5.800230503082275e+00, 5.83418607711792e+00, 5.864240646362305e+00, 5.890644073486328e+00, 5.913690090179443e+00, 5.933657169342041e+00, 5.950785636901855e+00, 5.965280055999756e+00, 5.977309226989746e+00, 5.987007141113281e+00, 5.994473934173584e+00, 5.999794006347656e+00, 6.390220165252686e+00, 6.807062149047852e+00, 6.980987071990967e+00, 7.000590324401855e+00, 6.958017349243164e+00, 6.904678344726562e+00, 6.857886791229248e+00, 6.819098949432373e+00, 6.785050392150879e+00, 6.752820014953613e+00, 6.716577529907227e+00, 6.678925037384033e+00, 6.641193866729736e+00, 6.599531173706055e+00, 6.552485942840576e+00, 6.499286651611328e+00, 6.43939733505249e+00, 6.372331619262695e+00, 6.297479629516602e+00, 6.214093685150146e+00, 6.121401309967041e+00, 6.018571853637695e+00, 5.904721736907959e+00, 5.778929710388184e+00, 4.472226142883301e+00, 1.755295991897583e+00, 5.388302803039551e-01, 1.100064665079117e-01, 2.136855386197567e-02, 1.373832765966654e-02, 1.281266938894987e-02, 1.200071442872286e-02, 1.106668543070555e-02, 1.00282970815897e-02, 8.925735019147396e-03, 7.790409028530121e-03, 6.652123760432005e-03, 5.542024970054626e-03, 4.491506610065699e-03, 3.530323272570968e-03, 2.681469079107046e-03, 1.960165333002806e-03, 1.372430706396699e-03, 9.150321129709482e-04, 5.765304085798562e-04, 3.401842841412872e-04, 1.856021553976461e-04, 9.226070687873289e-05, 4.133603579248302e-05, 1.701491419225931e-05, 7.058180472085951e-06, 3.45237231158535e-06, 2.686547759367386e-06, 2.713838512136135e-06, 2.517038183214027e-06, 1.972262907656841e-06, 1.344852989859646e-06, 8.227568173424515e-07, 4.639928192773368e-07, 2.405738541710889e-07, 1.200843229298698e-07, 5.574095496285736e-08, 2.428775758289703e-08, 1.115262193707167e-08, 5.438469230512055e-09, 2.541622468044125e-09, 1.127090865082891e-09, 5.55060553075748e-10, 3.785734226102733e-10, 3.658716107857174e-10, 3.745532495269543e-10, 3.361970979387507e-10, 3.206156173884978e-10, 3.19502257983828e-10]
pmpSouth.m_flow=[1.916622107333774e-15, 3.541494369506836e+00, 5.228491306304932e+00, 5.277607440948486e+00, 5.183737754821777e+00, 5.114996910095215e+00, 5.076898574829102e+00, 5.063859462738037e+00, 5.070775985717773e+00, 5.091960906982422e+00, 5.122161388397217e+00, 5.155275821685791e+00, 5.186254501342773e+00, 5.221196174621582e+00, 5.256364822387695e+00, 5.289220809936523e+00, 5.318789958953857e+00, 5.34507417678833e+00, 5.368262767791748e+00, 5.388584613800049e+00, 5.406256675720215e+00, 5.421468257904053e+00, 5.434378623962402e+00, 5.445120811462402e+00, 5.453798770904541e+00, 5.46049165725708e+00, 5.465266227722168e+00, 5.777578353881836e+00, 6.105597496032715e+00, 6.243697643280029e+00, 6.263340473175049e+00, 6.234051704406738e+00, 6.194808959960938e+00, 6.159224033355713e+00, 6.128802299499512e+00, 6.101316452026367e+00, 6.074681282043457e+00, 6.04368782043457e+00, 6.012726783752441e+00, 5.980929851531982e+00, 5.945608139038086e+00, 5.905802249908447e+00, 5.860974311828613e+00, 5.810732841491699e+00, 5.754709243774414e+00, 5.692437648773193e+00, 5.623340129852295e+00, 5.546817302703857e+00, 5.462209224700928e+00, 5.368796825408936e+00, 5.265804767608643e+00, 4.08540153503418e+00, 1.604472160339355e+00, 4.960491061210632e-01, 9.735853224992752e-02, 1.889336481690407e-02, 1.216991432011127e-02, 1.138525176793337e-02, 1.070831716060638e-02, 9.927200153470039e-03, 9.053957648575306e-03, 8.120258338749409e-03, 7.14965583756566e-03, 6.164487451314926e-03, 5.189286079257727e-03, 4.250666126608849e-03, 3.376197069883347e-03, 2.589751966297626e-03, 1.909850398078561e-03, 1.34723202791065e-03, 9.036430274136364e-04, 5.719531327486038e-04, 3.385768795851618e-04, 1.85120981768705e-04, 9.214141027769074e-05, 4.131204332225025e-05, 1.701084693195298e-05, 7.05745151208248e-06, 3.452139480941696e-06, 2.686298785192776e-06, 2.713275989663089e-06, 2.515764663257869e-06, 1.970003950191312e-06, 1.341712049907073e-06, 8.192017162400589e-07, 4.605810488556017e-07, 2.377710046630455e-07, 1.180006279355439e-07, 5.437675554276211e-08, 2.348910044247532e-08, 1.068090238476316e-08, 5.153934168333762e-09, 2.382753550023153e-09, 1.045462605375747e-09, 5.097116062557916e-10, 3.444726448531554e-10, 3.302332296506449e-10, 3.357316369356766e-10, 2.996066728044866e-10, 2.843671409458182e-10, 2.823018208086836e-10]
=======
  "nonlinear": "0, 0, 9, 0, 1, 0, 1, 1, 1",
  "number of continuous time states": "42",
  "numerical Jacobians": "0"
}
time=[0e+00, 1e+03]
pmpNorth.m_flow=[0e+00, 2.592436552047729e+00, 4.262869834899902e+00, 5.342912673950195e+00, 5.632701873779297e+00, 5.587465763092041e+00, 5.659871101379395e+00, 5.72075891494751e+00, 5.770452499389648e+00, 5.809041500091553e+00, 5.836324691772461e+00, 5.851733684539795e+00, 5.854202747344971e+00, 5.841952800750732e+00, 5.871561527252197e+00, 5.897579193115234e+00, 5.920300006866455e+00, 5.939990520477295e+00, 5.956877708435059e+00, 5.971152782440186e+00, 5.982974052429199e+00, 5.992479801177979e+00, 5.999775886535645e+00, 6.004935264587402e+00, 6.008009433746338e+00, 6.009043216705322e+00, 6.00804328918457e+00, 6.254584312438965e+00, 6.452489852905273e+00, 6.608295440673828e+00, 6.726650714874268e+00, 6.810895919799805e+00, 6.863189697265625e+00, 6.884666919708252e+00, 6.875685214996338e+00, 6.836346626281738e+00, 6.767463207244873e+00, 6.672104358673096e+00, 6.556654453277588e+00, 6.502885341644287e+00, 6.442150592803955e+00, 6.374245166778564e+00, 6.29848051071167e+00, 6.214101314544678e+00, 6.120288372039795e+00, 6.016165733337402e+00, 5.900820255279541e+00, 5.773301124572754e+00, 5.632646083831787e+00, 5.477948665618896e+00, 5.30836820602417e+00, 4.676821708679199e+00, 3.499768257141113e+00, 1.937031507492065e+00, 2.832588739693165e-03, 4.006675910204649e-03, 5.032187793403864e-03, 5.820032209157944e-03, 6.267879623919725e-03, 6.29493361338973e-03, 5.895644892007113e-03, 5.169569980353117e-03, 4.273667465895414e-03, 3.34538402967155e-03, 2.498344052582979e-03, 1.788771129213274e-03, 1.220031641423702e-03, 7.858958560973406e-04, 4.723054880741984e-04, 2.600524167064577e-04, 1.274966052733362e-04, 5.305640661390498e-05, 1.710921969788615e-05, 3.499673994156183e-06, 2.533094516365963e-07, 2.113228925182398e-09, 2.416049653675145e-07, 3.360797336426913e-06, 1.609544233360793e-05, 4.746712875203229e-05, 1.043353404384106e-04, 1.854575530160218e-04, 2.781305811367929e-04, 3.600443596951663e-04, 4.043894587084651e-04, 3.845798200927675e-04, 2.779497299343348e-04, 9.987226803787053e-05, 2.08268668977496e-09, 2.084514227895795e-10, 2.529974840737026e-10, 2.992233405496592e-10, 3.458739961104129e-10, 3.919577995503687e-10, 4.391453589658312e-10, 4.888431881511224e-10, 5.332546626490853e-10, 5.647093348493115e-10, 5.881323761336432e-10, 6.187587664463479e-10, 6.438602428993079e-10]
pmpSouth.m_flow=[0e+00, 2.351372241973877e+00, 3.88750171661377e+00, 4.879833698272705e+00, 5.157902240753174e+00, 5.119084358215332e+00, 5.179433345794678e+00, 5.230185031890869e+00, 5.271530151367188e+00, 5.303447246551514e+00, 5.325656890869141e+00, 5.337551593780518e+00, 5.338080883026123e+00, 5.325554370880127e+00, 5.351479053497314e+00, 5.374359130859375e+00, 5.394422054290771e+00, 5.411872863769531e+00, 5.426888942718506e+00, 5.439619064331055e+00, 5.450186729431152e+00, 5.458702087402344e+00, 5.465249538421631e+00, 5.469884872436523e+00, 5.472649097442627e+00, 5.473579406738281e+00, 5.472679615020752e+00, 5.670020580291748e+00, 5.826502799987793e+00, 5.948439121246338e+00, 6.040303230285645e+00, 6.105294227600098e+00, 6.145499229431152e+00, 6.162049770355225e+00, 6.155320644378662e+00, 6.125332832336426e+00, 6.072505950927734e+00, 5.998913288116455e+00, 5.909229755401611e+00, 5.86393928527832e+00, 5.813002109527588e+00, 5.756283283233643e+00, 5.69325590133667e+00, 5.623339653015137e+00, 5.545896053314209e+00, 5.460229873657227e+00, 5.365597248077393e+00, 5.261197566986084e+00, 5.146180152893066e+00, 5.019684314727783e+00, 4.880833625793457e+00, 4.316765308380127e+00, 3.241775512695312e+00, 1.80116069316864e+00, 1.833743881434202e-03, 2.903382992371917e-03, 3.893229179084301e-03, 4.673730116337538e-03, 5.167203024029732e-03, 5.337336100637913e-03, 5.173892248421907e-03, 4.699787124991417e-03, 3.997124265879393e-03, 3.185332054272294e-03, 2.406413201242685e-03, 1.740462146699429e-03, 1.197106088511646e-03, 7.762367022223771e-04, 4.687780747190118e-04, 2.589749929029495e-04, 1.27236417029053e-04, 5.301123019307852e-05, 1.710451579128858e-05, 3.499477088553249e-06, 2.533084000333474e-07, 2.113228925182398e-09, 2.416040274511033e-07, 3.343538310218719e-06, 1.575637179485057e-05, 4.527606506599113e-05, 9.660720388637856e-05, 1.672094513196498e-04, 2.444980491418391e-04, 3.053208056371659e-04, 3.215055039618164e-04, 2.730907581280917e-04, 1.670499477768317e-04, 5.189328294363804e-05, 1.041744024377067e-09, 1.031134552742508e-10, 1.238031760442126e-10, 1.449358411065305e-10, 1.659815895838079e-10, 1.865621546137675e-10, 2.075620231245523e-10, 2.297044637833423e-10, 2.493807382819568e-10, 2.630850814977492e-10, 2.793740516704446e-10, 2.94118368548979e-10, 3.045820262670418e-10]
>>>>>>> master
