<<<<<<< HEAD
last-generated=2022-08-05
=======
last-generated=2024-09-16
>>>>>>> master
statistics-initialization=
{
  "nonlinear": "0, 0, 1, 1, 5, 1, 1",
  "numerical Jacobians": "0"
}
statistics-simulation=
{
  "linear": "24",
  "nonlinear": "0, 0, 1, 1, 5, 1, 1",
<<<<<<< HEAD
  "number of continuous time states": "74",
  "numerical Jacobians": "0"
}
time=[0e+00, 1e+03]
pmpNorth.m_flow=[0e+00, 3.935694694519043e+00, 5.780154228210449e+00, 5.809367656707764e+00, 5.690287590026855e+00, 5.605447292327881e+00, 5.558409690856934e+00, 5.541728973388672e+00, 5.548970222473145e+00, 5.573373794555664e+00, 5.608276844024658e+00, 5.647496223449707e+00, 5.683110237121582e+00, 5.722925662994385e+00, 5.763546466827393e+00, 5.801443576812744e+00, 5.835417747497559e+00, 5.865492820739746e+00, 5.89191198348999e+00, 5.914976119995117e+00, 5.934957504272461e+00, 5.952096462249756e+00, 5.966598987579346e+00, 5.978635787963867e+00, 5.988339424133301e+00, 5.995809555053711e+00, 6.001132965087891e+00, 6.390816211700439e+00, 6.807199001312256e+00, 6.981039524078369e+00, 7.000619888305664e+00, 6.958029747009277e+00, 6.904683589935303e+00, 6.857888221740723e+00, 6.819099426269531e+00, 6.785050392150879e+00, 6.752820491790771e+00, 6.716578006744385e+00, 6.678924560546875e+00, 6.641193866729736e+00, 6.599531173706055e+00, 6.552485942840576e+00, 6.499286651611328e+00, 6.43939733505249e+00, 6.372331142425537e+00, 6.297479629516602e+00, 6.214093685150146e+00, 6.121401786804199e+00, 6.018571853637695e+00, 5.904721736907959e+00, 5.778929710388184e+00, 4.472226142883301e+00, 1.755283951759338e+00, 5.383865833282471e-01, 1.038656383752823e-01, 1.01801548153162e-02, 8.456346695311368e-04, 6.90711458446458e-05, 1.268326468562009e-05, 4.12457239917785e-07, 3.218171684693516e-07, 2.311933045007208e-08, -1.5268231123855e-08, 8.895319147939063e-09, 2.523842468349358e-09, -4.228830063901512e-10, -6.754835579769747e-10, -1.484994210931845e-10, 1.859641468593409e-10, 8.35797472897859e-11, 1.212138809464358e-11, -5.521493852411741e-12, -4.95483645432393e-12, -1.610096170973074e-12, 1.03014412321592e-13, 3.234663784653508e-13, 7.634284236680486e-14, 2.990790327526104e-15, 1.758156510113699e-16, 2.149546943110515e-17, 3.324812767487492e-18, 1.114121295241547e-18, 1.022373588247948e-19, 1.502126388183913e-19, -2.487734867819434e-20, 4.100450295581572e-20, 1.415903391420987e-21, 1.929675650025008e-21, 1.686812312174206e-21, -6.040247114324277e-22, -5.978505937389632e-22, 6.863704808275641e-22, 4.311639562996268e-22, 6.720332557304215e-23, -1.723850152089674e-22, -2.513795520174311e-22, -1.762438577000445e-22, -2.154407925581624e-24, 1.67207828373085e-22, 1.845022847446222e-22, 2.60359771013068e-23]
pmpSouth.m_flow=[0e+00, 3.5414719581604e+00, 5.22852611541748e+00, 5.277751445770264e+00, 5.183816909790039e+00, 5.115185260772705e+00, 5.077246189117432e+00, 5.064364433288574e+00, 5.071390151977539e+00, 5.092769145965576e+00, 5.122970581054688e+00, 5.156259536743164e+00, 5.187353610992432e+00, 5.222183227539062e+00, 5.25743579864502e+00, 5.290326118469238e+00, 5.319912910461426e+00, 5.34621524810791e+00, 5.369418144226074e+00, 5.389755725860596e+00, 5.407441139221191e+00, 5.422662258148193e+00, 5.435580730438232e+00, 5.446329593658447e+00, 5.455012321472168e+00, 5.461708068847656e+00, 5.466485977172852e+00, 5.778119087219238e+00, 6.105720996856689e+00, 6.24374532699585e+00, 6.263367176055908e+00, 6.234063148498535e+00, 6.19481372833252e+00, 6.159225463867188e+00, 6.128803253173828e+00, 6.101316452026367e+00, 6.074681282043457e+00, 6.043688297271729e+00, 6.012726783752441e+00, 5.980929851531982e+00, 5.945608139038086e+00, 5.905802249908447e+00, 5.860974311828613e+00, 5.810732841491699e+00, 5.754709243774414e+00, 5.692437648773193e+00, 5.623340129852295e+00, 5.546817302703857e+00, 5.462209224700928e+00, 5.368796825408936e+00, 5.265804767608643e+00, 4.085401058197021e+00, 1.604460835456848e+00, 4.956307709217072e-01, 9.158726781606674e-02, 8.995151147246361e-03, 7.489583804272115e-04, 6.137102172942832e-05, 1.131675162469037e-05, 3.699728665651492e-07, 2.905397593622183e-07, 2.103240603901213e-08, -1.401213456375672e-08, 8.243119076212224e-09, 2.36318475899111e-09, -4.002040365769233e-10, -6.459901502609e-10, -1.434200952443732e-10, 1.8119096500957e-10, 8.204542600864784e-11, 1.197056776619521e-11, -5.477646114471213e-12, -4.931408580099994e-12, -1.605918306321619e-12, 1.028810961119578e-13, 3.23278567544022e-13, 7.632458711272563e-14, 2.990481372258593e-15, 1.758037925501084e-16, 2.14934759258289e-17, 3.324123312446929e-18, 1.113557468256516e-18, 1.021202481446332e-19, 1.498618108410923e-19, -2.476985235706652e-20, 4.07029891601916e-20, 1.399407237041985e-21, 1.896190991087949e-21, 1.645529819987023e-21, -5.841627841825475e-22, -5.72563171483786e-22, 6.504584527089296e-22, 4.04214221101419e-22, 6.233589601564746e-23, -1.583026489821964e-22, -2.287371740665728e-22, -1.590768307636931e-22, -1.930919686827985e-24, 1.490107889082302e-22, 1.636452189291366e-22, 2.299803588997723e-23]
=======
  "number of continuous time states": "42",
  "numerical Jacobians": "0"
}
time=[0e+00, 1e+03]
pmpNorth.m_flow=[0e+00, 2.592565059661865e+00, 4.26311206817627e+00, 5.343204021453857e+00, 5.632997512817383e+00, 5.587770462036133e+00, 5.66021203994751e+00, 5.721147060394287e+00, 5.77090311050415e+00, 5.809574127197266e+00, 5.836967468261719e+00, 5.852522373199463e+00, 5.855183124542236e+00, 5.843189716339111e+00, 5.872818470001221e+00, 5.898852348327637e+00, 5.92158842086792e+00, 5.941291809082031e+00, 5.958188533782959e+00, 5.972473621368408e+00, 5.984307765960693e+00, 5.993819236755371e+00, 6.001112461090088e+00, 6.006270885467529e+00, 6.009354591369629e+00, 6.010394096374512e+00, 6.009389400482178e+00, 6.255414009094238e+00, 6.452988147735596e+00, 6.608588218688965e+00, 6.726821899414062e+00, 6.810999870300293e+00, 6.863258361816406e+00, 6.884717464447021e+00, 6.875723838806152e+00, 6.836371898651123e+00, 6.767475128173828e+00, 6.672107696533203e+00, 6.55661678314209e+00, 6.50288200378418e+00, 6.442147254943848e+00, 6.374242305755615e+00, 6.298477649688721e+00, 6.214098930358887e+00, 6.120287418365479e+00, 6.016164302825928e+00, 5.900815010070801e+00, 5.773294925689697e+00, 5.632649421691895e+00, 5.477947235107422e+00, 5.308366775512695e+00, 4.676820755004883e+00, 3.499756097793579e+00, 1.936905264854431e+00, -1.063026047631865e-05, -7.104061783280713e-09, 2.119941377998202e-08, 3.058222119989296e-09, -3.927320621488484e-11, -1.141558462341985e-11, 6.112927872226059e-12, -2.515499744268346e-13, -1.0076691881627e-14, 8.57639729152703e-19, -1.881862399284553e-24, -1.042196682399819e-25, 6.553319451307671e-27, -2.389452555973651e-27, 6.000053704323661e-28, 4.18199948964924e-29, -7.319514809236918e-30, -5.002338591336684e-30, -5.756937973971341e-31, 1.417675809549319e-31, 1.130703167141761e-32, -3.71977094314614e-36, 8.307791401168391e-35, -8.040883764360264e-37, -1.625059238037831e-36, -1.063132455392663e-36, 4.473855160973445e-36, 4.444994134390243e-35, 1.857335831213798e-34, 4.694636992081242e-34, 1.353906842628263e-33, 2.881017451391414e-33, 6.122862077317344e-33, 9.396486744030732e-33, 1.479446774028604e-32, -1.945073016827171e-32, -7.352057712062597e-32, -1.51513545842882e-31, -2.582030000408864e-31, -3.96434858557754e-31, -5.736845013933866e-31, -7.946433970315768e-31, -1.051494931217323e-30, -1.351635314405998e-30, -1.705214235020344e-30, -2.105964897577255e-30, -2.551814482358266e-30]
pmpSouth.m_flow=[0e+00, 2.351489067077637e+00, 3.887722253799438e+00, 4.880100250244141e+00, 5.158173084259033e+00, 5.119363307952881e+00, 5.179745197296143e+00, 5.23054027557373e+00, 5.271941661834717e+00, 5.303934097290039e+00, 5.32624340057373e+00, 5.338270664215088e+00, 5.338974952697754e+00, 5.326682090759277e+00, 5.352624416351318e+00, 5.375519752502441e+00, 5.395596027374268e+00, 5.413058757781982e+00, 5.428082942962646e+00, 5.440821647644043e+00, 5.451401710510254e+00, 5.459922313690186e+00, 5.466466903686523e+00, 5.4711012840271e+00, 5.473874568939209e+00, 5.474809646606445e+00, 5.47390604019165e+00, 5.670773983001709e+00, 5.826954364776611e+00, 5.948704242706299e+00, 6.040458202362061e+00, 6.105388164520264e+00, 6.145561695098877e+00, 6.162095546722412e+00, 6.155355453491211e+00, 6.12535572052002e+00, 6.072516918182373e+00, 5.998916149139404e+00, 5.909232616424561e+00, 5.86393928527832e+00, 5.813002109527588e+00, 5.756283283233643e+00, 5.69325590133667e+00, 5.623340129852295e+00, 5.545897006988525e+00, 5.460230350494385e+00, 5.365594863891602e+00, 5.261194229125977e+00, 5.146183967590332e+00, 5.019684314727783e+00, 4.880833625793457e+00, 4.316765308380127e+00, 3.241764307022095e+00, 1.801043033599854e+00, -9.445993782719597e-06, -6.343853886647821e-09, 1.904034441224667e-08, 2.765373041668795e-09, -3.579063434511198e-11, -1.049839382094575e-11, 5.676472313032033e-12, -2.363837478622927e-13, -9.556250274878487e-15, 8.22125866926081e-19, -1.821761059068028e-24, -1.017702489662948e-25, 6.444733595113174e-27, -2.366590419382813e-27, 5.893033629173951e-28, 4.085998201379166e-29, -7.173578972333745e-30, -4.914969832652496e-30, -5.727165993449195e-31, 1.367274843565723e-31, 1.092032488672379e-32, -3.379192548460906e-36, 1.997123116896315e-34, -1.890073700441958e-36, 3.297335552932331e-36, -2.024631535764776e-36, 6.610631110646182e-36, 7.6879305006945e-35, 3.351552503497717e-34, -1.235236096137946e-34, 1.730224093970741e-33, 3.239218681748789e-33, 5.462567063993295e-33, 7.749479568574547e-33, 1.173906845701502e-32, -1.409669870174174e-32, -5.301285565640631e-32, -1.067500744416763e-31, -1.773660990609685e-31, -2.656526014496746e-31, -3.751835428770912e-31, -5.07811866843363e-31, -6.585610709945098e-31, -8.31275750664218e-31, -1.02134792097749e-30, -1.263107894450091e-30, -1.500070064219924e-30]
>>>>>>> master
