<<<<<<< HEAD
last-generated=2022-10-04
statistics-initialization=
{
  "linear": "0, 0",
  "nonlinear": "0, 0, 1, 1, 2, 15, 15, 15, 2, 0, 15",
=======
last-generated=2024-09-19
statistics-initialization=
{
  "linear": "0, 0",
  "nonlinear": "0, 0, 1, 1, 15, 15, 15, 2, 0, 15, 2, 0",
>>>>>>> master
  "numerical Jacobians": "0"
}
statistics-simulation=
{
  "linear": "0, 0, 0, 0, 0, 0, 0, 0, 0, 0, 0, 0, 0, 0, 0, 0, 0, 0",
<<<<<<< HEAD
  "nonlinear": "1, 2, 1, 12, 3, 12, 12, 1, 1, 12, 1",
  "number of continuous time states": "158",
=======
  "nonlinear": "1, 3, 12, 3, 12, 12, 1, 1, 12, 1, 1",
  "number of continuous time states": "140",
>>>>>>> master
  "numerical Jacobians": "0"
}
time=[0e+00, 6.048e+05]
weaDat.weaBus.TDryBul=[2.609500122070312e+02, 2.612774658203125e+02, 2.621011047363281e+02, 2.625499877929688e+02, 2.625499877929688e+02, 2.634906005859375e+02, 2.665859985351562e+02, 2.694419860839844e+02, 2.715532531738281e+02, 2.720499877929688e+02, 2.720499877929688e+02, 2.711899108886719e+02, 2.720211181640625e+02, 2.720336303710938e+02, 2.714474182128906e+02, 2.693314514160156e+02, 2.698616027832031e+02, 2.713856811523438e+02, 2.721641845703125e+02, 2.72510986328125e+02, 2.73510009765625e+02, 2.748500061035156e+02, 2.748500061035156e+02, 2.725921325683594e+02, 2.73848876953125e+02, 2.725499877929688e+02, 2.740790100097656e+02, 2.75053955078125e+02, 2.731499938964844e+02, 2.731499938964844e+02, 2.733664245605469e+02, 2.7306201171875e+02, 2.712139892578125e+02, 2.697578430175781e+02, 2.687122497558594e+02, 2.691380004882812e+02, 2.701607055664062e+02, 2.703500061035156e+02, 2.703500061035156e+02, 2.703500061035156e+02, 2.703500061035156e+02, 2.703500061035156e+02, 2.703500061035156e+02, 2.703500061035156e+02, 2.703500061035156e+02, 2.700260009765625e+02, 2.698500061035156e+02, 2.703376159667969e+02, 2.707337341308594e+02, 2.714786071777344e+02, 2.720499877929688e+02, 2.726159973144531e+02, 2.7205712890625e+02, 2.703059997558594e+02, 2.684580078125e+02, 2.684077453613281e+02, 2.6806201171875e+02, 2.662139892578125e+02, 2.661690368652344e+02, 2.658251953125e+02, 2.615640869140625e+02, 2.582152099609375e+02, 2.592766723632812e+02, 2.610854797363281e+02, 2.64716796875e+02, 2.666700134277344e+02, 2.690650634765625e+02, 2.692225952148438e+02, 2.680060119628906e+02, 2.665409545898438e+02, 2.646900024414062e+02, 2.639419860839844e+02, 2.62093994140625e+02, 2.614129638671875e+02, 2.591625671386719e+02, 2.5875e+02, 2.582370910644531e+02, 2.594412841796875e+02, 2.609939880371094e+02, 2.616118469238281e+02, 2.618193054199219e+02, 2.608738708496093e+02, 2.578509826660156e+02, 2.558468933105469e+02, 2.543108673095703e+02, 2.552683868408203e+02, 2.542709197998047e+02, 2.536540069580078e+02, 2.5264599609375e+02, 2.515209808349609e+02, 2.503481140136719e+02, 2.545215454101562e+02, 2.581070861816406e+02, 2.589879760742188e+02, 2.603697204589844e+02, 2.595094604492188e+02, 2.568208923339844e+02, 2.548866882324219e+02, 2.541324615478516e+02, 2.532756500244141e+02, 2.531499938964844e+02]
weaDat.weaBus.HDirNor=[0e+00, 0e+00, 0e+00, 0e+00, 4.790056943893433e-01, 3.686282958984375e+02, 6.625081787109375e+02, 4.312069091796866e+02, 5.411502075195312e+01, 5.657868957519531e+01, 0e+00, 0e+00, 0e+00, 0e+00, 0e+00, 0e+00, 0e+00, 0e+00, 0e+00, 1.905120015144348e+00, 9.585999846458435e-01, 1.779999971389771e+00, 1.813752055168152e+00, 0e+00, 0e+00, 0e+00, 0e+00, 0e+00, 0e+00, 0e+00, 0e+00, 0e+00, 0e+00, 0e+00, 3.721466660499462e-01, 2.894999980926514e-01, 1e+00, 1e+00, 7.318080067634583e-01, 0e+00, 0e+00, 0e+00, 0e+00, 0e+00, 0e+00, 0e+00, 0e+00, 0e+00, 5.331199988722801e-02, 1e+00, 5.416666865348816e-01, 8.741199970245361e-01, 0e+00, 0e+00, 0e+00, 0e+00, 0e+00, 0e+00, 0e+00, 0e+00, 0e+00, 0e+00, 2.880619812011719e+02, 7.751649169921875e+02, 8.5933056640625e+02, 7.74879638671875e+02, 4.252257690429688e+02, 5.739785385131836e+01, 0e+00, 0e+00, 0e+00, 0e+00, 0e+00, 0e+00, 0e+00, 0e+00, 8.404290771484375e+01, 6.168316650390625e+02, 2.696745910644531e+02, 7.800930023193359e+01, 9.641504669189453e+01, 6.644139099121031e+01, 0e+00, 0e+00, 0e+00, 0e+00, 0e+00, 0e+00, 0e+00, 0e+00, 1.037647857666016e+02, 7.07604736328125e+02, 8.80940673828125e+02, 9.020025024414062e+02, 8.423399658203125e+02, 5.655880126953125e+02, 8.352803230285645e+00, 0e+00, 0e+00, 0e+00, 0e+00]
weaDat.weaBus.HGloHor=[0e+00, 0e+00, 0e+00, 0e+00, 0e+00, 1.025815353393555e+02, 3.044623718261719e+02, 3.372630615234372e+02, 1.835730590820312e+02, 7.442298889160156e+01, 2.312187433242798e+00, 0e+00, 0e+00, 0e+00, 0e+00, 0e+00, 0e+00, 0e+00, 0e+00, 1.92087574005127e+01, 1.262883834838867e+02, 1.684425354003906e+02, 1.800178680419922e+02, 1.135551300048828e+02, 1.464144802093506e+01, 0e+00, 0e+00, 0e+00, 0e+00, 0e+00, 0e+00, 0e+00, 0e+00, 1.767200088500977e+01, 1.347597351074226e+02, 2.175667419433594e+02, 2.160484008789062e+02, 1.723790588378906e+02, 5.32529296875e+01, 0e+00, 0e+00, 0e+00, 0e+00, 0e+00, 0e+00, 0e+00, 0e+00, 2.804630994796753e+00, 8.430634307861328e+01, 1.744434356689453e+02, 1.952538757324219e+02, 1.509707641601562e+02, 6.984014129638672e+01, 3.095707893371582e+00, 0e+00, 0e+00, 0e+00, 0e+00, 0e+00, 0e+00, 0e+00, 0e+00, 8.068932342529297e+01, 3.121475524902344e+02, 4.365852966308594e+02, 3.753271484375e+02, 1.862212524414062e+02, 1.553165531158447e+01, 0e+00, 0e+00, 0e+00, 0e+00, 0e+00, 0e+00, 0e+00, 0e+00, 3.503750610351562e+01, 2.373762969970703e+02, 2.670227966308594e+02, 2.172436370849609e+02, 1.543636322021484e+02, 4.700918960571176e+01, 0e+00, 0e+00, 0e+00, 0e+00, 0e+00, 0e+00, 0e+00, 0e+00, 1.274240970611572e+01, 1.940768432617188e+02, 3.971203918457031e+02, 4.48487060546875e+02, 3.378170471191406e+02, 1.110259704589844e+02, 1.055006146430969e+00, 0e+00, 0e+00, 0e+00, 0e+00]
<<<<<<< HEAD
buiZon.theZon[1, 1].roo.heaPorAir.T=[2.931499938964844e+02, 2.871339111328125e+02, 2.859749755859375e+02, 2.864087829589844e+02, 2.873989562988281e+02, 2.929765014648438e+02, 2.931943969726562e+02, 2.931459350585938e+02, 2.931403503417969e+02, 2.931340026855469e+02, 2.931434936523438e+02, 2.910661315917969e+02, 2.897746887207031e+02, 2.890096740722656e+02, 2.881213073730469e+02, 2.871337280273438e+02, 2.864720153808594e+02, 2.859852600097656e+02, 2.9064501953125e+02, 2.917435913085938e+02, 2.9319482421875e+02, 2.931705017089844e+02, 2.931608276367188e+02, 2.931390075683594e+02, 2.931403198242188e+02, 2.931465759277344e+02, 2.880606689453125e+02, 2.874595336914062e+02, 2.868246459960938e+02, 2.861459045410156e+02, 2.909306335449219e+02, 2.902202758789062e+02, 2.884705505371094e+02, 2.904916381835938e+02, 2.933119812011719e+02, 2.931696472167969e+02, 2.93162353515625e+02, 2.931480712890625e+02, 2.931410217285156e+02, 2.93145751953125e+02, 2.877450866699219e+02, 2.867146911621094e+02, 2.858759155273438e+02, 2.859114074707031e+02, 2.903528137207031e+02, 2.865188598632812e+02, 2.912147216796875e+02, 2.89439697265625e+02, 2.934139709472656e+02, 2.931899719238281e+02, 2.931646118164062e+02, 2.931502990722656e+02, 2.931356506347656e+02, 2.931302490234375e+02, 2.876659240722656e+02, 2.861488647460938e+02, 2.877882995605468e+02, 2.898258056640623e+02, 2.878374633789062e+02, 2.855777282714844e+02, 2.869081420898438e+02, 2.887413330078125e+02, 2.85908447265625e+02, 2.932308044433594e+02, 2.931583557128906e+02, 2.943917846679688e+02, 2.939302978515625e+02, 2.931173706054688e+02, 2.924069519042969e+02, 2.90715087890625e+02, 2.891922912597656e+02, 2.879216003417969e+02, 2.86580810546875e+02, 2.903545837402344e+02, 2.857026672363281e+02, 2.857252197265625e+02, 2.89147705078125e+02, 2.93254150390625e+02, 2.93098876953125e+02, 2.931400146484375e+02, 2.931832580566406e+02, 2.931184692382812e+02, 2.931219177246094e+02, 2.865812072753906e+02, 2.86441162109375e+02, 2.875015869140625e+02, 2.855740356445312e+02, 2.88385009765625e+02, 2.889412841796875e+02, 2.854413757324219e+02, 2.879503479003906e+02, 2.942046813964844e+02, 2.931896667480469e+02, 2.933453063964844e+02, 2.945557250976562e+02, 2.934931030273438e+02, 2.931101684570312e+02, 2.905441589355469e+02, 2.886147766113281e+02, 2.868529052734375e+02, 2.896444091796875e+02]
buiZon.theZon[2, 1].roo.heaPorAir.T=[2.931499938964844e+02, 2.877362365722656e+02, 2.867690124511719e+02, 2.872963562011719e+02, 2.882083740234375e+02, 2.929465942382812e+02, 2.931795043945312e+02, 2.938203430175781e+02, 2.931436157226562e+02, 2.931385803222656e+02, 2.931466369628906e+02, 2.940223388671875e+02, 2.909740295410156e+02, 2.9031689453125e+02, 2.895680847167969e+02, 2.887106323242188e+02, 2.881366577148438e+02, 2.877133483886719e+02, 2.889998779296875e+02, 2.924835205078125e+02, 2.931664733886719e+02, 2.931580200195312e+02, 2.931558837890625e+02, 2.931438598632812e+02, 2.931464233398438e+02, 2.931498107910156e+02, 2.895116271972656e+02, 2.8887890625e+02, 2.883348083496094e+02, 2.877419738769531e+02, 2.909757690429688e+02, 2.91063232421875e+02, 2.895852661132812e+02, 2.913044738769531e+02, 2.931893005371094e+02, 2.931588134765625e+02, 2.931554870605469e+02, 2.931479187011719e+02, 2.931458435058594e+02, 2.931485595703125e+02, 2.892489318847656e+02, 2.881239318847656e+02, 2.874070129394531e+02, 2.874494018554688e+02, 2.91213623046875e+02, 2.879884338378906e+02, 2.920061950683594e+02, 2.904141235351562e+02, 2.941019287109375e+02, 2.931614990234375e+02, 2.931561584472656e+02, 2.931495666503906e+02, 2.931443176269531e+02, 2.931431274414062e+02, 2.896509399414062e+02, 2.875768127441406e+02, 2.888160095214843e+02, 2.906813964843748e+02, 2.89031982421875e+02, 2.870777282714844e+02, 2.881173706054688e+02, 2.895788269042969e+02, 2.855069274902344e+02, 2.932074890136719e+02, 2.940009460449219e+02, 2.956674499511719e+02, 2.953159790039062e+02, 2.927976684570312e+02, 2.946217651367188e+02, 2.91990478515625e+02, 2.907181091308594e+02, 2.896951599121094e+02, 2.885661010742188e+02, 2.913169250488281e+02, 2.876967163085938e+02, 2.876561279296875e+02, 2.90374755859375e+02, 2.931942443847656e+02, 2.931316833496094e+02, 2.931437377929688e+02, 2.931664428710938e+02, 2.931338806152344e+02, 2.931398620605469e+02, 2.883946228027344e+02, 2.880386657714844e+02, 2.889087219238281e+02, 2.873258666992188e+02, 2.896509399414062e+02, 2.899796752929688e+02, 2.869486083984375e+02, 2.889867858886719e+02, 2.940482788085938e+02, 2.931651611328125e+02, 2.947550964355469e+02, 2.959013671875e+02, 2.950101928710938e+02, 2.931220397949219e+02, 2.920191650390625e+02, 2.902366638183594e+02, 2.888009338378906e+02, 2.907899475097656e+02]
buiZon.theZon[1, 1].EHea=[0e+00, 1.728817005641758e-05, 2.885879439418204e-05, 4.32565e+06, 1.0973714e+07, 1.9055124e+07, 2.3076998e+07, 2.3077e+07, 2.3077e+07, 2.314974e+07, 2.511943e+07, 2.7362662e+07, 2.7362678e+07, 2.736269e+07, 2.7362698e+07, 2.7362702e+07, 2.7362706e+07, 2.736271e+07, 2.8406218e+07, 3.355962e+07, 4.2512784e+07, 4.9175404e+07, 5.4035936e+07, 5.8603876e+07, 6.3941544e+07, 7.0153776e+07, 7.0180024e+07, 7.0180024e+07, 7.0180024e+07, 7.0180024e+07, 7.190672e+07, 7.513636e+07, 8.0434008e+07, 8.559976e+07, 9.556376000000004e+07, 1.03649864e+08, 1.09931456e+08, 1.15182344e+08, 1.20495512e+08, 1.26972408e+08, 1.2900092e+08, 1.2900092e+08, 1.2900092e+08, 1.32514336e+08, 1.37368976e+08, 1.42483248e+08, 1.48777504e+08, 1.53603552e+08, 1.62410032e+08, 1.71578016e+08, 1.78331248e+08, 1.83837472e+08, 1.8928104e+08, 1.95687616e+08, 2.00036304e+08, 2.00036304e+08, 2.03561056e+08, 2.083115679999999e+08, 2.14248992e+08, 2.20512048e+08, 2.27789264e+08, 2.36351376e+08, 2.45433296e+08, 2.53900048e+08, 2.54034928e+08, 2.54034928e+08, 2.54034928e+08, 2.54034928e+08, 2.54487872e+08, 2.54487872e+08, 2.54487872e+08, 2.54487872e+08, 2.54487872e+08, 2.56361504e+08, 2.6149296e+08, 2.68436896e+08, 2.76523616e+08, 2.85323712e+08, 2.86442496e+08, 2.89605184e+08, 2.94352288e+08, 2.990032000000001e+08, 3.062151679999999e+08, 3.07483392e+08, 3.10951456e+08, 3.178936e+08, 3.25023008e+08, 3.33692064e+08, 3.42880352e+08, 3.5166976e+08, 3.61617792e+08, 3.72679104e+08, 3.76107552e+08, 3.76107552e+08, 3.76107552e+08, 3.76107552e+08, 3.76249472e+08, 3.77293952e+08, 3.77293952e+08, 3.77293952e+08, 3.78674432e+08]
buiZon.theZon[2, 1].EHea=[0e+00, 1.739188519422896e-05, 2.910599869210273e-05, 3.85166225e+06, 1.0012831e+07, 1.741748e+07, 1.881486e+07, 1.881486e+07, 1.881486e+07, 1.881486e+07, 1.881486e+07, 1.8819038e+07, 1.8819054e+07, 1.8819064e+07, 1.8819074e+07, 1.881908e+07, 1.8819084e+07, 1.8819086e+07, 1.9124338e+07, 2.3762166e+07, 2.7779998e+07, 2.8041874e+07, 2.8041864e+07, 2.8041864e+07, 2.8041864e+07, 2.8089442e+07, 2.809894e+07, 2.8098942e+07, 2.8098942e+07, 2.8098944e+07, 2.910709e+07, 3.1989874e+07, 3.6717008e+07, 4.1267024e+07, 4.812901600000001e+07, 4.9797312e+07, 5.0045076e+07, 5.004506e+07, 5.004506e+07, 5.0421788e+07, 5.0632792e+07, 5.0632792e+07, 5.0632792e+07, 5.3388552e+07, 5.76464e+07, 6.219326e+07, 6.7739104e+07, 7.198408e+07, 7.94554e+07, 8.1789912e+07, 8.233332e+07, 8.2333176e+07, 8.2333176e+07, 8.2582584e+07, 8.32568e+07, 8.32568e+07, 8.6050704e+07, 9.025617599999991e+07, 9.555684e+07, 1.01156256e+08, 1.07631896e+08, 1.15304376e+08, 1.23482792e+08, 1.28066976e+08, 1.28066976e+08, 1.28066976e+08, 1.28066976e+08, 1.28066976e+08, 1.28069768e+08, 1.28069768e+08, 1.28069768e+08, 1.28069768e+08, 1.28069768e+08, 1.29330048e+08, 1.33758792e+08, 1.3970424e+08, 1.46625552e+08, 1.51758096e+08, 1.51758112e+08, 1.51758112e+08, 1.51758112e+08, 1.51758112e+08, 1.52487664e+08, 1.52771424e+08, 1.55521696e+08, 1.61529024e+08, 1.6769088e+08, 1.75164208e+08, 1.83172e+08, 1.90875472e+08, 1.99605456e+08, 2.08948e+08, 2.09151856e+08, 2.09151856e+08, 2.09151856e+08, 2.09151856e+08, 2.09151856e+08, 2.09155536e+08, 2.09155536e+08, 2.09155552e+08, 2.10041664e+08]
buiZon.theZon[1, 1].ECoo=[0e+00, -1.597889058757573e-05, -2.735378075158224e-05, -6.124491483205929e-05, -5.698210952687077e-05, -7.520124375e+05, -8.308073125e+05, -5.442792500000007e+06, -8.612666e+06, -8.989487e+06, -8.989487e+06, -8.989507e+06, -8.989507e+06, -8.989507e+06, -8.989507e+06, -8.989507e+06, -8.989507e+06, -8.989507e+06, -8.989507e+06, -8.989521e+06, -9.181781e+06, -9.181781e+06, -9.181781e+06, -9.181781e+06, -9.181781e+06, -9.181781e+06, -9.181818e+06, -9.181818e+06, -9.181818e+06, -9.181818e+06, -9.181818e+06, -9.181902e+06, -9.181886e+06, -9.181746e+06, -9.569189e+06, -9.569189e+06, -9.569189e+06, -9.569189e+06, -9.569189e+06, -9.569189e+06, -9.569196e+06, -9.569196e+06, -9.569196e+06, -9.568978e+06, -9.568979e+06, -9.569071e+06, -9.569168e+06, -9.569378e+06, -9.819525e+06, -9.819525e+06, -9.819525e+06, -9.819525e+06, -9.819525e+06, -9.819525e+06, -9.819533e+06, -9.819533e+06, -9.819598e+06, -9.819665e+06, -9.819644e+06, -9.81967e+06, -9.819458e+06, -9.819337e+06, -1.0412321e+07, -1.0412321e+07, -1.3733756e+07, -2.3183444e+07, -3.348929e+07, -3.9683904e+07, -4.0003804e+07, -4.0003804e+07, -4.0003808e+07, -4.0003808e+07, -4.0003808e+07, -4.0003808e+07, -4.0003788e+07, -4.00039e+07, -4.0004008e+07, -4.0700596e+07, -4.0806208e+07, -4.0806212e+07, -4.0806212e+07, -4.0806212e+07, -4.0806212e+07, -4.080622e+07, -4.080622e+07, -4.0806288e+07, -4.08063e+07, -4.080636e+07, -4.0806388e+07, -4.0806416e+07, -4.0806448e+07, -4.1472732e+07, -4.1688444e+07, -4.77342e+07, -5.7729684e+07, -6.7999208e+07, -7.2009464e+07, -7.2009472e+07, -7.2009472e+07, -7.2009472e+07, -7.2009472e+07]
buiZon.theZon[2, 1].ECoo=[0e+00, -1.610603248991538e-05, -2.761982977972366e-05, -5.698859968106262e-05, -5.268887980491854e-05, -8.64055e+05, -3.03370675e+06, -1.230790800000001e+07, -2.1052218e+07, -2.6881196e+07, -3.066322e+07, -3.2666352e+07, -3.2666352e+07, -3.2666352e+07, -3.2666352e+07, -3.2666352e+07, -3.2666352e+07, -3.2666352e+07, -3.2668682e+07, -3.2668698e+07, -3.2981876e+07, -3.3084722e+07, -3.4288144e+07, -3.5693832e+07, -3.6405608e+07, -3.649518e+07, -3.6495224e+07, -3.6495224e+07, -3.6495224e+07, -3.6495224e+07, -3.649902e+07, -3.6499108e+07, -3.6499088e+07, -3.6498956e+07, -3.702368e+07, -3.702368e+07, -3.7066656e+07, -3.7754552e+07, -3.8316316e+07, -3.8351204e+07, -3.8351212e+07, -3.8351212e+07, -3.8351212e+07, -3.8353428e+07, -3.8353428e+07, -3.8353556e+07, -3.8353672e+07, -3.8353912e+07, -3.8716516e+07, -3.8716516e+07, -3.8716652e+07, -3.9196828e+07, -3.968354e+07, -3.9700612e+07, -3.970062e+07, -3.970062e+07, -3.9701872e+07, -3.9701948e+07, -3.9701932e+07, -3.970196e+07, -3.970178e+07, -3.9701664e+07, -4.0443872e+07, -4.1006984e+07, -4.91003e+07, -6.0838236e+07, -7.3387152e+07, -8.4145992e+07, -8.9372784e+07, -8.9372784e+07, -8.9372784e+07, -8.9372784e+07, -8.9372784e+07, -8.9373e+07, -8.9372992e+07, -8.9373128e+07, -8.9373248e+07, -9.056204e+07, -9.6145128e+07, -1.00142856e+08, -1.02129872e+08, -1.04106672e+08, -1.04317104e+08, -1.04317112e+08, -1.04319024e+08, -1.04319112e+08, -1.0431912e+08, -1.04319184e+08, -1.04319216e+08, -1.04319248e+08, -1.0431928e+08, -1.05224344e+08, -1.08357192e+08, -1.18628168e+08, -1.30956168e+08, -1.43590048e+08, -1.53152656e+08, -1.54997168e+08, -1.54997168e+08, -1.54997168e+08, -1.54998784e+08]
=======
buiZon.theZon[1, 1].roo.heaPorAir.T=[2.931499938964844e+02, 2.871339111328125e+02, 2.859750061035156e+02, 2.86001953125e+02, 2.877575378417969e+02, 2.929689636230469e+02, 2.931946411132812e+02, 2.931462097167969e+02, 2.931401977539062e+02, 2.93134033203125e+02, 2.931434326171875e+02, 2.910538940429688e+02, 2.897722778320312e+02, 2.890079956054688e+02, 2.88119873046875e+02, 2.871325073242188e+02, 2.86470947265625e+02, 2.859843139648438e+02, 2.906684875488281e+02, 2.91761474609375e+02, 2.931956481933594e+02, 2.931705322265625e+02, 2.931607971191406e+02, 2.93138916015625e+02, 2.931403198242188e+02, 2.9314599609375e+02, 2.88061279296875e+02, 2.874603271484375e+02, 2.868254089355469e+02, 2.861466979980469e+02, 2.908595886230469e+02, 2.901400756835938e+02, 2.889817504882812e+02, 2.902485656738281e+02, 2.933035278320312e+02, 2.931697998046875e+02, 2.931623840332031e+02, 2.931481323242188e+02, 2.931410522460938e+02, 2.931456298828125e+02, 2.877458801269531e+02, 2.867157287597656e+02, 2.85876953125e+02, 2.859285583496094e+02, 2.902008056640625e+02, 2.868323669433594e+02, 2.910837707519531e+02, 2.882906494140625e+02, 2.934183044433594e+02, 2.931899108886719e+02, 2.9316455078125e+02, 2.931502380371094e+02, 2.931356811523438e+02, 2.931296691894531e+02, 2.876722412109375e+02, 2.861535949707031e+02, 2.879969482421873e+02, 2.896420898437498e+02, 2.869870300292969e+02, 2.859418334960938e+02, 2.85544921875e+02, 2.883224487304688e+02, 2.861969604492188e+02, 2.932310180664062e+02, 2.931584777832031e+02, 2.9439599609375e+02, 2.939341125488281e+02, 2.931171264648438e+02, 2.923665161132812e+02, 2.907138366699219e+02, 2.891920776367188e+02, 2.879219360351562e+02, 2.865812377929688e+02, 2.903419494628906e+02, 2.857779235839844e+02, 2.859779357910156e+02, 2.894443054199219e+02, 2.932460632324219e+02, 2.930995483398438e+02, 2.93140625e+02, 2.931821899414062e+02, 2.931190795898438e+02, 2.931217956542969e+02, 2.86588134765625e+02, 2.865524597167969e+02, 2.88115234375e+02, 2.860621948242188e+02, 2.880462036132812e+02, 2.888614196777344e+02, 2.864243469238281e+02, 2.877220764160156e+02, 2.942037048339844e+02, 2.931897583007812e+02, 2.933529663085938e+02, 2.945645141601562e+02, 2.935007019042969e+02, 2.931101684570312e+02, 2.905455932617188e+02, 2.886187744140625e+02, 2.868574829101562e+02, 2.896122131347656e+02]
buiZon.theZon[2, 1].roo.heaPorAir.T=[2.931499938964844e+02, 2.877362365722656e+02, 2.8676904296875e+02, 2.869316711425781e+02, 2.885278930664062e+02, 2.929219055175781e+02, 2.931801452636719e+02, 2.938218688964844e+02, 2.931435852050781e+02, 2.931386108398438e+02, 2.931466064453125e+02, 2.940013427734375e+02, 2.909711608886719e+02, 2.903152160644531e+02, 2.895667419433594e+02, 2.887094116210938e+02, 2.881354675292969e+02, 2.877122497558594e+02, 2.892415771484375e+02, 2.925049133300781e+02, 2.931667175292969e+02, 2.931578979492188e+02, 2.931559143066406e+02, 2.931438293457031e+02, 2.931464233398438e+02, 2.931494750976562e+02, 2.8950927734375e+02, 2.888783874511719e+02, 2.883346557617188e+02, 2.877419738769531e+02, 2.9103125e+02, 2.910126953125e+02, 2.900348205566406e+02, 2.910985107421875e+02, 2.93181396484375e+02, 2.931588745117188e+02, 2.93155517578125e+02, 2.9314794921875e+02, 2.931458435058594e+02, 2.931484985351562e+02, 2.892448425292969e+02, 2.881230773925781e+02, 2.874066772460938e+02, 2.874684448242188e+02, 2.910907592773438e+02, 2.882426452636719e+02, 2.918865356445312e+02, 2.894766845703125e+02, 2.94035400390625e+02, 2.931614685058594e+02, 2.931561584472656e+02, 2.931495361328125e+02, 2.93144287109375e+02, 2.931430358886719e+02, 2.896483154296875e+02, 2.875832214355469e+02, 2.890045471191405e+02, 2.905394287109373e+02, 2.883324584960938e+02, 2.87373291015625e+02, 2.869356689453125e+02, 2.892339782714844e+02, 2.856490783691406e+02, 2.932074279785156e+02, 2.940068054199219e+02, 2.956737060546875e+02, 2.953219909667969e+02, 2.928031311035156e+02, 2.945757141113281e+02, 2.919922485351562e+02, 2.907212219238281e+02, 2.896986083984375e+02, 2.885693359375e+02, 2.913533935546875e+02, 2.877589416503906e+02, 2.878500366210938e+02, 2.906098937988281e+02, 2.931923828125e+02, 2.93132080078125e+02, 2.9314404296875e+02, 2.931658325195312e+02, 2.931343383789062e+02, 2.931398315429688e+02, 2.883998718261719e+02, 2.881337585449219e+02, 2.894228210449219e+02, 2.877124633789062e+02, 2.893790283203125e+02, 2.899232177734375e+02, 2.877461242675781e+02, 2.888182983398438e+02, 2.939668273925781e+02, 2.931653442382812e+02, 2.947633972167969e+02, 2.9591015625e+02, 2.950184020996094e+02, 2.93121826171875e+02, 2.920206604003906e+02, 2.902423400878906e+02, 2.888072204589844e+02, 2.908207702636719e+02]
buiZon.theZon[1, 1].EHea=[0e+00, 1.601137228135485e-05, 2.0732495613629e-05, 4.2617625e+06, 1.1102709e+07, 1.9079062e+07, 2.3073014e+07, 2.3073014e+07, 2.3073014e+07, 2.3145106e+07, 2.5112616e+07, 2.7341958e+07, 2.7341958e+07, 2.7341958e+07, 2.7341958e+07, 2.7341958e+07, 2.7341958e+07, 2.7341958e+07, 2.8403434e+07, 3.356152e+07, 4.2533468e+07, 4.91938e+07, 5.4052732e+07, 5.8619576e+07, 6.39562e+07, 7.016732e+07, 7.019996e+07, 7.019996e+07, 7.019996e+07, 7.019996e+07, 7.1877672e+07, 7.5112344e+07, 8.0588664e+07, 8.5571304e+07, 9.558754400000004e+07, 1.03675784e+08, 1.099564e+08, 1.15206568e+08, 1.20518976e+08, 1.2699496e+08, 1.29031096e+08, 1.29031096e+08, 1.29031096e+08, 1.32565064e+08, 1.37351616e+08, 1.42701472e+08, 1.48744112e+08, 1.53527232e+08, 1.62751856e+08, 1.71888656e+08, 1.78627456e+08, 1.84124096e+08, 1.89560544e+08, 1.959608e+08, 2.00322592e+08, 2.00322592e+08, 2.03871184e+08, 2.085407519999999e+08, 2.14469696e+08, 2.21085216e+08, 2.28095808e+08, 2.36661536e+08, 2.4581744e+08, 2.54223952e+08, 2.5435736e+08, 2.5435736e+08, 2.5435736e+08, 2.5435736e+08, 2.54794896e+08, 2.54794896e+08, 2.54794896e+08, 2.54794896e+08, 2.54794896e+08, 2.56643392e+08, 2.61884848e+08, 2.68931104e+08, 2.7709552e+08, 2.85835584e+08, 2.86943904e+08, 2.90090784e+08, 2.94825792e+08, 2.994679040000001e+08, 3.066723519999999e+08, 3.07965152e+08, 3.11481024e+08, 3.18525952e+08, 3.25744416e+08, 3.34186784e+08, 3.43400768e+08, 3.5254192e+08, 3.62189664e+08, 3.73238656e+08, 3.76638752e+08, 3.76638752e+08, 3.76638752e+08, 3.76638752e+08, 3.76777472e+08, 3.77802624e+08, 3.77802624e+08, 3.77802624e+08, 3.79140512e+08]
buiZon.theZon[2, 1].EHea=[0e+00, 1.620639886823483e-05, 2.096865682688076e-05, 3.83270275e+06, 1.0175533e+07, 1.7479828e+07, 1.879956e+07, 1.879956e+07, 1.879956e+07, 1.879956e+07, 1.879956e+07, 1.8799566e+07, 1.8799566e+07, 1.8799566e+07, 1.8799566e+07, 1.8799566e+07, 1.8799566e+07, 1.8799566e+07, 1.9158152e+07, 2.382892e+07, 2.7867294e+07, 2.812695e+07, 2.812695e+07, 2.812695e+07, 2.812695e+07, 2.817365e+07, 2.8173678e+07, 2.8173678e+07, 2.8173678e+07, 2.8173678e+07, 2.9208862e+07, 3.2098788e+07, 3.6987768e+07, 4.1379476e+07, 4.827660800000001e+07, 4.9945568e+07, 5.019196e+07, 5.0191924e+07, 5.0191924e+07, 5.0567408e+07, 5.0767468e+07, 5.0767468e+07, 5.0767468e+07, 5.3596096e+07, 5.7800416e+07, 6.2560616e+07, 6.7884424e+07, 7.2112208e+07, 7.9929688e+07, 8.2251744e+07, 8.2779464e+07, 8.2779368e+07, 8.2779368e+07, 8.302172e+07, 8.3678504e+07, 8.3678504e+07, 8.6545168e+07, 9.068415199999991e+07, 9.599384e+07, 1.0189932e+08, 1.08157288e+08, 1.15824512e+08, 1.24051408e+08, 1.28590232e+08, 1.28590232e+08, 1.28590232e+08, 1.28590232e+08, 1.28590232e+08, 1.28590232e+08, 1.28590232e+08, 1.28590232e+08, 1.28590232e+08, 1.28590232e+08, 1.29879984e+08, 1.34405472e+08, 1.4044824e+08, 1.47457616e+08, 1.52489088e+08, 1.52489072e+08, 1.52489072e+08, 1.52489072e+08, 1.52489072e+08, 1.53208976e+08, 1.53478e+08, 1.5630512e+08, 1.62410144e+08, 1.68657664e+08, 1.75948992e+08, 1.83979376e+08, 1.92003968e+08, 2.00479696e+08, 2.09775552e+08, 2.09971264e+08, 2.09971264e+08, 2.09971264e+08, 2.09971264e+08, 2.09971264e+08, 2.0997128e+08, 2.0997128e+08, 2.0997128e+08, 2.1086696e+08]
buiZon.theZon[1, 1].ECoo=[0e+00, -2.009135278058238e-05, -2.422911347821355e-05, -4.80104923248291e-01, -1.241777539253235e+00, -7.27110125e+05, -8.06257875e+05, -5.421594500000007e+06, -8.595465e+06, -8.974372e+06, -8.974299e+06, -8.989085e+06, -8.989085e+06, -8.989085e+06, -8.989086e+06, -8.989086e+06, -8.989086e+06, -8.989086e+06, -8.989086e+06, -8.989107e+06, -9.204311e+06, -9.204311e+06, -9.204311e+06, -9.204311e+06, -9.204311e+06, -9.204311e+06, -9.204292e+06, -9.204292e+06, -9.204292e+06, -9.204292e+06, -9.204292e+06, -9.204218e+06, -9.204174e+06, -9.204108e+06, -9.599959e+06, -9.599959e+06, -9.599959e+06, -9.599959e+06, -9.599959e+06, -9.599959e+06, -9.599851e+06, -9.599851e+06, -9.599851e+06, -9.599797e+06, -9.599731e+06, -9.599725e+06, -9.599727e+06, -9.599607e+06, -9.877722e+06, -9.877722e+06, -9.877722e+06, -9.877722e+06, -9.877722e+06, -9.877722e+06, -9.877722e+06, -9.877722e+06, -9.877633e+06, -9.877549e+06, -9.87747e+06, -9.877413e+06, -9.877414e+06, -9.877305e+06, -1.0421461e+07, -1.0421461e+07, -1.3752273e+07, -2.3207932e+07, -3.3518318e+07, -3.9721984e+07, -4.0070792e+07, -4.0070792e+07, -4.0070792e+07, -4.0070792e+07, -4.0070792e+07, -4.0070792e+07, -4.007062e+07, -4.0070524e+07, -4.0070228e+07, -4.0749084e+07, -4.0860252e+07, -4.086026e+07, -4.086026e+07, -4.086026e+07, -4.086026e+07, -4.086026e+07, -4.086026e+07, -4.0860196e+07, -4.0860124e+07, -4.0860072e+07, -4.0860072e+07, -4.085986e+07, -4.0859876e+07, -4.1443608e+07, -4.1663892e+07, -4.7735316e+07, -5.7740496e+07, -6.8018864e+07, -7.2046416e+07, -7.2060888e+07, -7.2060888e+07, -7.2060888e+07, -7.2060888e+07]
buiZon.theZon[2, 1].ECoo=[0e+00, -2.022415173996706e-05, -2.440715979901142e-05, -5.170352458953857e-01, -1.364239931106567e+00, -8.38079875e+05, -2.96227775e+06, -1.223903100000001e+07, -2.098725e+07, -2.6820064e+07, -3.0605298e+07, -3.2653342e+07, -3.2653342e+07, -3.2653342e+07, -3.2653342e+07, -3.2653342e+07, -3.2653342e+07, -3.2653342e+07, -3.26538e+07, -3.265382e+07, -3.2998414e+07, -3.3102334e+07, -3.4308628e+07, -3.5716692e+07, -3.6430392e+07, -3.6520756e+07, -3.6552736e+07, -3.6552736e+07, -3.6552736e+07, -3.6552736e+07, -3.6553344e+07, -3.6553268e+07, -3.6553228e+07, -3.655316e+07, -3.7089832e+07, -3.7089832e+07, -3.7133608e+07, -3.7823592e+07, -3.8387224e+07, -3.8422452e+07, -3.8452716e+07, -3.8452716e+07, -3.8452716e+07, -3.84535e+07, -3.8453436e+07, -3.84534e+07, -3.84534e+07, -3.845328e+07, -3.8852916e+07, -3.8852916e+07, -3.885328e+07, -3.9347428e+07, -3.9845684e+07, -3.986508e+07, -3.9891156e+07, -3.9891156e+07, -3.9891308e+07, -3.9891228e+07, -3.9891148e+07, -3.9891092e+07, -3.9891092e+07, -3.9890984e+07, -4.0586168e+07, -4.1152952e+07, -4.9257052e+07, -6.1001752e+07, -7.3557616e+07, -8.4322704e+07, -8.9611504e+07, -8.9611504e+07, -8.9611504e+07, -8.9611504e+07, -8.9611504e+07, -8.961156e+07, -8.9611392e+07, -8.9611272e+07, -8.9610976e+07, -9.0743208e+07, -9.6356832e+07, -1.0038036e+08, -1.02388496e+08, -1.0438288e+08, -1.04598504e+08, -1.04618912e+08, -1.04619656e+08, -1.04619592e+08, -1.0461952e+08, -1.04619472e+08, -1.04619472e+08, -1.04619264e+08, -1.04619288e+08, -1.05444816e+08, -1.08573888e+08, -1.18857384e+08, -1.31194976e+08, -1.43838048e+08, -1.53417216e+08, -1.55312656e+08, -1.55312656e+08, -1.55312656e+08, -1.55313072e+08]
>>>>>>> master
