<<<<<<< HEAD
last-generated=2022-10-03
=======
last-generated=2024-09-19
>>>>>>> master
statistics-initialization=
{
  "nonlinear": "1",
  "numerical Jacobians": "0"
}
statistics-simulation=
{
  "linear": " ",
  "nonlinear": "1",
  "number of continuous time states": "7",
  "numerical Jacobians": "0"
}
time=[1.5552e+07, 1.57248e+07]
<<<<<<< HEAD
TEnt.T=[2.931499938964844e+02, 2.952150573730469e+02, 2.941559143066406e+02, 2.942333984375e+02, 2.948768310546875e+02, 2.961222839355469e+02, 2.941558837890625e+02, 2.9457080078125e+02, 2.955507202148438e+02, 2.941559448242188e+02, 2.943490600585938e+02, 2.951318969726562e+02, 2.941559143066406e+02, 2.943721923828125e+02, 2.956627502441406e+02, 2.950445556640625e+02, 2.949897155761719e+02, 2.951050415039062e+02, 2.95287353515625e+02, 2.955036315917969e+02, 2.957162170410156e+02, 2.959297180175781e+02, 2.961463012695312e+02, 2.963465576171875e+02, 2.964602661132812e+02, 2.964554748535156e+02, 2.9664111328125e+02, 2.972780151367188e+02, 2.979459838867188e+02, 2.982583618164062e+02, 2.981864624023438e+02, 2.977832641601562e+02, 2.973656616210938e+02, 2.970489501953125e+02, 2.9674169921875e+02, 2.964095458984375e+02, 2.961529846191406e+02, 2.959974365234375e+02, 2.958739929199219e+02, 2.957168579101562e+02, 2.955274353027344e+02, 2.951015625e+02, 2.944541320800781e+02, 2.941573791503906e+02, 2.946497192382812e+02, 2.941566162109375e+02, 2.945580444335938e+02, 2.958262634277344e+02, 2.941559143066406e+02, 2.947037963867188e+02, 2.958301696777344e+02, 2.941558837890625e+02, 2.944617004394531e+02, 2.953157348632812e+02, 2.941558532714844e+02, 2.942536010742188e+02, 2.948839111328125e+02, 2.961341857910156e+02, 2.9415576171875e+02, 2.945650939941406e+02, 2.955267333984375e+02, 2.941558532714844e+02, 2.943323364257812e+02, 2.950478515625e+02, 2.941558532714844e+02, 2.94159912109375e+02, 2.946923522949219e+02, 2.9579150390625e+02, 2.941558532714844e+02, 2.944303588867188e+02, 2.952714538574219e+02, 2.941559143066406e+02, 2.942619934082031e+02, 2.949381713867188e+02, 2.941558837890625e+02, 2.94156005859375e+02, 2.946669006347656e+02, 2.957613220214844e+02, 2.941558837890625e+02, 2.944498596191406e+02, 2.95337158203125e+02, 2.941559753417969e+02, 2.942798156738281e+02, 2.949866333007812e+02, 2.941558837890625e+02, 2.941546325683594e+02, 2.946710205078125e+02, 2.957459716796875e+02, 2.941558532714844e+02, 2.944103393554688e+02, 2.952094421386719e+02, 2.941558532714844e+02, 2.942168884277344e+02, 2.948098449707031e+02, 2.960124206542969e+02, 2.941558837890625e+02, 2.945129089355469e+02, 2.954209899902344e+02, 2.941558837890625e+02, 2.942930603027344e+02, 2.949664611816406e+02]
tow.TLvg=[2.931499938964844e+02, 2.911406860351562e+02, 2.907246398925781e+02, 2.911432800292969e+02, 2.911366271972656e+02, 2.917909240722656e+02, 2.907591552734375e+02, 2.911404418945312e+02, 2.911515808105469e+02, 2.907399291992188e+02, 2.911424560546875e+02, 2.911433410644531e+02, 2.907154541015625e+02, 2.911945190429688e+02, 2.924144592285156e+02, 2.924012756347656e+02, 2.925140991210938e+02, 2.926802673339844e+02, 2.928949584960938e+02, 2.931152648925781e+02, 2.933260192871094e+02, 2.935420227050781e+02, 2.937570190429688e+02, 2.939380493164062e+02, 2.939680786132812e+02, 2.939436950683594e+02, 2.943795776367188e+02, 2.952013854980469e+02, 2.957299499511719e+02, 2.958131103515625e+02, 2.955181579589844e+02, 2.94998046875e+02, 2.946483154296875e+02, 2.943660583496094e+02, 2.940406799316406e+02, 2.937129516601562e+02, 2.935294799804688e+02, 2.93409912109375e+02, 2.932857055664062e+02, 2.931005249023438e+02, 2.928795776367188e+02, 2.922227478027344e+02, 2.916341247558594e+02, 2.909716796875e+02, 2.914823608398438e+02, 2.908315734863281e+02, 2.913973999023438e+02, 2.918551330566406e+02, 2.9071337890625e+02, 2.911369018554688e+02, 2.914469299316406e+02, 2.907338562011719e+02, 2.9114013671875e+02, 2.911346435546875e+02, 2.908047485351562e+02, 2.911431884765625e+02, 2.911377868652344e+02, 2.917212219238281e+02, 2.909012145996094e+02, 2.911424560546875e+02, 2.9114404296875e+02, 2.908856506347656e+02, 2.91144287109375e+02, 2.911378784179688e+02, 2.908563842773438e+02, 2.911458435058594e+02, 2.911408386230469e+02, 2.912014770507812e+02, 2.907765197753906e+02, 2.911423645019531e+02, 2.911380920410156e+02, 2.907267150878906e+02, 2.911424255371094e+02, 2.911363830566406e+02, 2.907234802246094e+02, 2.907219848632812e+02, 2.911383666992188e+02, 2.913780822753906e+02, 2.907234191894531e+02, 2.911408386230469e+02, 2.911591491699219e+02, 2.90723876953125e+02, 2.911430358886719e+02, 2.911362609863281e+02, 2.907263488769531e+02, 2.907224426269531e+02, 2.9113818359375e+02, 2.911848449707031e+02, 2.907710876464844e+02, 2.911414489746094e+02, 2.911349487304688e+02, 2.908126525878906e+02, 2.911441345214844e+02, 2.911385192871094e+02, 2.914098510742188e+02, 2.908341064453125e+02, 2.911417236328125e+02, 2.911384582519531e+02, 2.9084423828125e+02, 2.91143798828125e+02, 2.911378173828125e+02]
tow.TAir=[2.853654479980469e+02, 2.853654479980469e+02, 2.853654479980469e+02, 2.853654479980469e+02, 2.853654479980469e+02, 2.851503295898438e+02, 2.848058471679688e+02, 2.848691711425781e+02, 2.850024719238281e+02, 2.851405334472656e+02, 2.852371826171875e+02, 2.855429382324219e+02, 2.862892761230469e+02, 2.8682373046875e+02, 2.882476806640625e+02, 2.889720153808594e+02, 2.89306884765625e+02, 2.895625915527344e+02, 2.898523254394531e+02, 2.901139221191406e+02, 2.903575744628906e+02, 2.906117858886719e+02, 2.908591613769531e+02, 2.910467834472656e+02, 2.909876098632812e+02, 2.909403686523438e+02, 2.917225036621094e+02, 2.928408813476562e+02, 2.932917785644531e+02, 2.93159423828125e+02, 2.925950927734375e+02, 2.918716430664062e+02, 2.915364685058594e+02, 2.912424926757812e+02, 2.908397521972656e+02, 2.904599914550781e+02, 2.903280029296875e+02, 2.902281494140625e+02, 2.900801086425781e+02, 2.898287658691406e+02, 2.895267333984375e+02, 2.88453857421875e+02, 2.878220520019531e+02, 2.87405029296875e+02, 2.871863098144531e+02, 2.872527465820312e+02, 2.87086181640625e+02, 2.86577880859375e+02, 2.861277770996094e+02, 2.858000793457031e+02, 2.854686279296875e+02, 2.851398620605469e+02, 2.84796630859375e+02, 2.844144592285156e+02, 2.840144653320312e+02, 2.835951232910156e+02, 2.831419067382812e+02, 2.826533508300781e+02, 2.822403869628906e+02, 2.822434387207031e+02, 2.824570922851562e+02, 2.827122497558594e+02, 2.829748840332031e+02, 2.831925964355469e+02, 2.833137817382812e+02, 2.835616455078125e+02, 2.839435424804688e+02, 2.843048706054688e+02, 2.846378479003906e+02, 2.849430236816406e+02, 2.8517578125e+02, 2.85452880859375e+02, 2.854590454101562e+02, 2.853726196289062e+02, 2.853988647460938e+02, 2.854185180664062e+02, 2.853961791992188e+02, 2.853795471191406e+02, 2.853905639648438e+02, 2.85382080078125e+02, 2.853817138671875e+02, 2.853817138671875e+02, 2.854264831542969e+02, 2.854426574707031e+02, 2.852759094238281e+02, 2.852056884765625e+02, 2.850306091308594e+02, 2.848132934570312e+02, 2.846246948242188e+02, 2.844964904785156e+02, 2.841245727539062e+02, 2.840369262695312e+02, 2.839937438964844e+02, 2.839130249023438e+02, 2.838196105957031e+02, 2.836558837890625e+02, 2.835785827636719e+02, 2.835351867675781e+02, 2.834769592285156e+02, 2.834293518066406e+02, 2.833817138671875e+02]
tow.TApp_nominal=[3.890000104904175e+00, 3.890000104904175e+00]
tow.TAppAct=[-6.76198422908783e-01, 5.772598743438721e+00, 4.638156890869141e+00, 5.778041839599609e+00, 5.771420001983643e+00, 6.393111228942871e+00, 8.08195686340332e+00, 6.271667003631592e+00, 6.141443729400635e+00, 4.843209266662598e+00, 5.905544757843018e+00, 5.598091602325439e+00, 3.831297159194946e+00, 4.367947101593018e+00, 4.164807319641113e+00, 3.430116176605225e+00, 3.209872722625732e+00, 3.120958805084229e+00, 3.046609401702881e+00, 3.004993200302124e+00, 2.972144842147827e+00, 2.934114456176758e+00, 2.901409149169922e+00, 2.893634557723999e+00, 2.979607105255127e+00, 3.004503488540649e+00, 2.669839382171631e+00, 2.373813629150391e+00, 2.443145275115967e+00, 2.65207314491272e+00, 2.914672613143921e+00, 3.118330717086792e+00, 3.106762886047363e+00, 3.118500232696533e+00, 3.194862604141235e+00, 3.248207807540894e+00, 3.199118375778198e+00, 3.179831981658936e+00, 3.202863931655884e+00, 3.268332481384277e+00, 3.346144914627075e+00, 3.754521608352661e+00, 3.805140733718872e+00, 3.087205410003662e+00, 4.285929203033447e+00, 3.100936651229858e+00, 4.298408508300781e+00, 5.251264095306396e+00, 6.91873836517334e+00, 5.336860656738281e+00, 5.947124004364014e+00, 4.836067676544189e+00, 6.343860626220703e+00, 6.719678401947021e+00, 5.87709903717041e+00, 7.548259258270264e+00, 7.996222972869873e+00, 8.865281105041504e+00, 7.49829626083374e+00, 8.898666381835938e+00, 8.683501243591309e+00, 7.075562477111816e+00, 8.169568061828613e+00, 7.945559501647949e+00, 6.530096054077148e+00, 7.583995819091797e+00, 7.197574138641357e+00, 6.86848258972168e+00, 5.309223175048828e+00, 6.19964075088501e+00, 5.960967063903809e+00, 4.563655376434326e+00, 5.68358850479126e+00, 5.763900279998779e+00, 4.611405372619629e+00, 7.542539596557617e+00, 5.74249792098999e+00, 5.969536781311035e+00, 4.610162258148193e+00, 5.759016513824463e+00, 5.751392841339111e+00, 4.622186183929443e+00, 5.716748714447021e+00, 5.693349361419678e+00, 4.719685554504395e+00, 2.981153726577759e+00, 6.107729911804199e+00, 6.349471569061279e+00, 5.316238403320312e+00, 6.645161151885986e+00, 7.010455131530762e+00, 5.865139484405518e+00, 7.150505065917969e+00, 7.225839138031006e+00, 7.47528076171875e+00, 6.210512161254883e+00, 7.563399791717529e+00, 7.601764678955078e+00, 6.376745223999023e+00, 7.714529514312744e+00, 7.756425380706787e+00]
tow.TRan=[0e+00, 4.072805404663086e+00, -4.901681900024414e+00, 3.089535236358643e+00, 3.738976240158081e+00, 4.329535007476807e+00, 3.405303955078125e+00, 3.429424285888672e+00, 4.397239685058594e+00, -4.396360874176025e+00, 3.205915212631226e+00, 3.987052917480469e+00, -5.038515567779541e+00, 3.177007436752319e+00, 3.247562885284424e+00, 2.643171548843384e+00, 2.475634813308716e+00, 2.424872159957886e+00, 2.392540454864502e+00, 2.388482093811035e+00, 2.39030909538269e+00, 2.387805223464966e+00, 2.389407873153687e+00, 2.408610105514526e+00, 2.492202281951904e+00, 2.511789321899414e+00, 2.261788129806519e+00, 2.077082872390747e+00, 2.216348886489868e+00, 2.445334434509277e+00, 2.668160915374756e+00, 2.784951210021973e+00, 2.717154264450073e+00, 2.682722091674805e+00, 2.700831890106201e+00, 2.69640040397644e+00, 2.623417615890503e+00, 2.587447881698608e+00, 2.588214874267578e+00, 2.616251707077026e+00, 2.647727727890015e+00, 2.87842845916748e+00, 2.819705247879028e+00, -4.810059547424316e+00, 3.166693449020386e+00, -5.255790710449219e+00, 3.160002470016479e+00, 3.969650506973267e+00, 3.451141595840454e+00, 3.565852642059326e+00, 4.381364822387695e+00, -4.001603126525879e+00, 3.320752859115601e+00, 4.179409980773926e+00, -4.666761875152588e+00, 3.109805583953857e+00, 3.744880199432373e+00, 4.411111354827881e+00, -3.516736507415771e+00, 3.421731472015381e+00, 4.380815505981445e+00, -4.276556491851807e+00, 3.187373638153076e+00, 3.908571004867554e+00, -5.047722816467285e+00, 3.013563871383667e+00, 3.550497770309448e+00, 4.58793306350708e+00, -4.052798271179199e+00, 3.287211894989014e+00, 4.131755828857422e+00, -4.808015823364258e+00, 3.11895751953125e+00, 3.800510883331299e+00, -5.391198635101318e+00, 3.442473411560059e+00, 3.527524471282959e+00, 4.381374359130859e+00, -4.109747409820557e+00, 3.308233022689819e+00, 4.176346302032471e+00, -4.712852954864502e+00, 3.136144399642944e+00, 3.849029541015625e+00, -5.298288822174072e+00, 3.437192916870117e+00, 3.531828641891479e+00, 4.559072971343994e+00, -4.120358467102051e+00, 3.268125534057617e+00, 4.072924613952637e+00, -4.820884704589844e+00, 3.072175025939941e+00, 3.67014217376709e+00, 4.600489616394043e+00, -3.735429763793945e+00, 3.370312690734863e+00, 4.280745983123779e+00, -4.468222618103027e+00, 3.148613452911377e+00, 3.827324151992798e+00]
tow.FRAir=[1e+00, 9.799253940582275e-01, 0e+00, 8.0890291929245e-01, 9.233588576316833e-01, 9.384382367134094e-01, 0e+00, 8.208423256874084e-01, 9.911388158798218e-01, 0e+00, 8.170376420021057e-01, 9.858872890472412e-01, 0e+00, 1e+00, 1e+00, 1e+00, 1e+00, 1e+00, 1e+00, 1e+00, 1e+00, 1e+00, 1e+00, 1e+00, 1e+00, 1e+00, 1e+00, 1e+00, 1e+00, 1e+00, 1e+00, 1e+00, 1e+00, 1e+00, 1e+00, 1e+00, 1e+00, 1e+00, 1e+00, 1e+00, 1e+00, 1e+00, 1e+00, 0e+00, 1e+00, 0e+00, 1e+00, 1e+00, 0e+00, 9.432427287101746e-01, 1e+00, 0e+00, 7.964009642601013e-01, 8.995887041091919e-01, 0e+00, 6.744512915611267e-01, 7.387462854385376e-01, 7.59992241859436e-01, 0e+00, 6.441723108291626e-01, 7.819603085517883e-01, 0e+00, 6.496425867080688e-01, 7.649306058883667e-01, 0e+00, 6.577610373497009e-01, 7.645581960678101e-01, 9.457537531852722e-01, 0e+00, 8.035293817520142e-01, 9.683769345283508e-01, 0e+00, 8.236024975776672e-01, 9.34754490852356e-01, 0e+00, 1.317353248596191e-01, 8.898701667785645e-01, 1e+00, 0e+00, 8.496237397193909e-01, 1e+00, 0e+00, 8.233132362365723e-01, 9.510923624038696e-01, 0e+00, 2.874349653720856e-01, 8.533810973167419e-01, 9.933626055717468e-01, 0e+00, 7.626153230667114e-01, 8.580407500267029e-01, 0e+00, 6.943788528442383e-01, 7.805665135383606e-01, 8.908990621566772e-01, 0e+00, 7.123501896858215e-01, 8.413519263267517e-01, 0e+00, 6.700876355171204e-01, 7.660344243049622e-01]
tow.FRWat=[0e+00, 1.009392976760864e+00, 1.569438231209931e-17, 1.009392976760864e+00, 1.009392976760864e+00, 1.008212804794312e+00, 1.018150494469516e-10, 1.009392976760864e+00, 1.009392976760864e+00, -3.006093989421502e-16, 1.009392976760864e+00, 1.009392976760864e+00, -3.089897958392316e-20, 1.009392976760864e+00, 1.009392976760864e+00, 1.009392976760864e+00, 1.009392976760864e+00, 1.009392976760864e+00, 1.009392976760864e+00, 1.009392976760864e+00, 1.009392976760864e+00, 1.009392976760864e+00, 1.009392976760864e+00, 1.009392976760864e+00, 1.009392976760864e+00, 1.009392976760864e+00, 1.009392976760864e+00, 1.009392976760864e+00, 1.009392976760864e+00, 1.009392976760864e+00, 1.009392976760864e+00, 1.009392976760864e+00, 1.009392976760864e+00, 1.009392976760864e+00, 1.009392976760864e+00, 1.009392976760864e+00, 1.009392976760864e+00, 1.009392976760864e+00, 1.009392976760864e+00, 1.009392976760864e+00, 1.009392976760864e+00, 1.009392976760864e+00, 1.009392976760864e+00, 1.824938533617619e-19, 1.009392976760864e+00, -2.210527225195565e-19, 1.009392976760864e+00, 1.009392976760864e+00, 1.756126799534741e-08, 1.009392976760864e+00, 1.009392976760864e+00, 3.855913344200024e-17, 1.009392976760864e+00, 1.009392976760864e+00, 3.752139565888307e-17, 1.009392976760864e+00, 1.009392976760864e+00, 1.003448367118835e+00, -7.060707574169101e-11, 1.009392976760864e+00, 1.009392976760864e+00, 2.457484582012685e-19, 1.009392976760864e+00, 1.009392976760864e+00, -5.070331777638729e-18, 1.009392976760864e+00, 1.009392976760864e+00, 1.009392976760864e+00, 1.742907270085162e-17, 1.009392976760864e+00, 1.009392976760864e+00, -2.01394739073082e-17, 1.009392976760864e+00, 1.009392976760864e+00, 2.785578689247849e-18, 1.794379495549947e-04, 1.009392976760864e+00, 1.009392976760864e+00, 1.245653683267381e-17, 1.009392976760864e+00, 1.009392976760864e+00, -4.35534785887725e-16, 1.009392976760864e+00, 1.009392976760864e+00, -6.427394364425875e-18, 4.846877977252007e-02, 1.009392976760864e+00, 1.009392976760864e+00, -5.305470274466115e-16, 1.009392976760864e+00, 1.009392976760864e+00, 5.649154868629176e-21, 1.009392976760864e+00, 1.009392976760864e+00, 1.009393692016602e+00, -2.340824518829522e-16, 1.009392976760864e+00, 1.009392976760864e+00, -2.976733511363953e-18, 1.009392976760864e+00, 1.009392976760864e+00]
tow.PFan=[9.166666870117188e+02, 8.800159912109375e+02, 0e+00, 5.442642211914062e+02, 7.717317504882812e+02, 8.011739501953125e+02, 0e+00, 5.67773681640625e+02, 9.006290893554688e+02, 0e+00, 5.60263916015625e+02, 8.9101806640625e+02, 0e+00, 9.166666870117188e+02, 9.166666870117188e+02, 9.166666870117188e+02, 9.166666870117188e+02, 9.166666870117188e+02, 9.166666870117188e+02, 9.166666870117188e+02, 9.166666870117188e+02, 9.166666870117188e+02, 9.166666870117188e+02, 9.166666870117188e+02, 9.166666870117188e+02, 9.166666870117188e+02, 9.166666870117188e+02, 9.166666870117188e+02, 9.166666870117188e+02, 9.166666870117188e+02, 9.166666870117188e+02, 9.166666870117188e+02, 9.166666870117188e+02, 9.166666870117188e+02, 9.166666870117188e+02, 9.166666870117188e+02, 9.166666870117188e+02, 9.166666870117188e+02, 9.166666870117188e+02, 9.166666870117188e+02, 9.166666870117188e+02, 9.166666870117188e+02, 9.166666870117188e+02, 0e+00, 9.166666870117188e+02, 0e+00, 9.166666870117188e+02, 9.166666870117188e+02, 0e+00, 8.104801025390625e+02, 9.166666870117188e+02, 0e+00, 5.198494262695312e+02, 7.247529907226562e+02, 0e+00, 3.017021789550781e+02, 4.11201416015625e+02, 4.503401489257812e+02, 0e+00, 2.560549621582031e+02, 4.919639892578125e+02, 0e+00, 2.639750671386719e+02, 4.596031188964844e+02, 0e+00, 2.760018005371094e+02, 4.589026489257812e+02, 8.15327880859375e+02, 0e+00, 5.337424926757812e+02, 8.584470825195312e+02, 0e+00, 5.732312622070312e+02, 7.940130004882812e+02, 0e+00, 0e+00, 7.054056396484375e+02, 9.166666870117188e+02, 0e+00, 6.249848022460938e+02, 9.166666870117188e+02, 0e+00, 5.726590576171875e+02, 8.255963745117188e+02, 0e+00, 1.296050548553467e+01, 6.324890747070312e+02, 9.046754760742188e+02, 0e+00, 4.55253173828125e+02, 6.418012084960938e+02, 0e+00, 3.339816284179688e+02, 4.892928466796875e+02, 7.0745654296875e+02, 0e+00, 3.644385375976562e+02, 6.084852294921875e+02, 0e+00, 2.948603820800781e+02, 4.616814880371094e+02]
conFan.u_s=[2.911499938964844e+02, 2.911499938964844e+02]
conFan.u_m=[2.931499938964844e+02, 2.911406860351562e+02, 2.907246398925781e+02, 2.911432800292969e+02, 2.911366271972656e+02, 2.917909240722656e+02, 2.907591552734375e+02, 2.911404418945312e+02, 2.911515808105469e+02, 2.907399291992188e+02, 2.911424560546875e+02, 2.911433410644531e+02, 2.907154541015625e+02, 2.911945190429688e+02, 2.924144592285156e+02, 2.924012756347656e+02, 2.925140991210938e+02, 2.926802673339844e+02, 2.928949584960938e+02, 2.931152648925781e+02, 2.933260192871094e+02, 2.935420227050781e+02, 2.937570190429688e+02, 2.939380493164062e+02, 2.939680786132812e+02, 2.939436950683594e+02, 2.943795776367188e+02, 2.952013854980469e+02, 2.957299499511719e+02, 2.958131103515625e+02, 2.955181579589844e+02, 2.94998046875e+02, 2.946483154296875e+02, 2.943660583496094e+02, 2.940406799316406e+02, 2.937129516601562e+02, 2.935294799804688e+02, 2.93409912109375e+02, 2.932857055664062e+02, 2.931005249023438e+02, 2.928795776367188e+02, 2.922227478027344e+02, 2.916341247558594e+02, 2.909716796875e+02, 2.914823608398438e+02, 2.908315734863281e+02, 2.913973999023438e+02, 2.918551330566406e+02, 2.9071337890625e+02, 2.911369018554688e+02, 2.914469299316406e+02, 2.907338562011719e+02, 2.9114013671875e+02, 2.911346435546875e+02, 2.908047485351562e+02, 2.911431884765625e+02, 2.911377868652344e+02, 2.917212219238281e+02, 2.909012145996094e+02, 2.911424560546875e+02, 2.9114404296875e+02, 2.908856506347656e+02, 2.91144287109375e+02, 2.911378784179688e+02, 2.908563842773438e+02, 2.911458435058594e+02, 2.911408386230469e+02, 2.912014770507812e+02, 2.907765197753906e+02, 2.911423645019531e+02, 2.911380920410156e+02, 2.907267150878906e+02, 2.911424255371094e+02, 2.911363830566406e+02, 2.907234802246094e+02, 2.907219848632812e+02, 2.911383666992188e+02, 2.913780822753906e+02, 2.907234191894531e+02, 2.911408386230469e+02, 2.911591491699219e+02, 2.90723876953125e+02, 2.911430358886719e+02, 2.911362609863281e+02, 2.907263488769531e+02, 2.907224426269531e+02, 2.9113818359375e+02, 2.911848449707031e+02, 2.907710876464844e+02, 2.911414489746094e+02, 2.911349487304688e+02, 2.908126525878906e+02, 2.911441345214844e+02, 2.911385192871094e+02, 2.914098510742188e+02, 2.908341064453125e+02, 2.911417236328125e+02, 2.911384582519531e+02, 2.9084423828125e+02, 2.91143798828125e+02, 2.911378173828125e+02]
onOffCon.u=[2.951499938964844e+02, 2.951499938964844e+02]
onOffCon.reference=[2.931499938964844e+02, 2.95208984375e+02, 2.956263122558594e+02, 2.942293090820312e+02, 2.948714294433594e+02, 2.9611572265625e+02, 2.944111938476562e+02, 2.945660095214844e+02, 2.955440063476562e+02, 2.951362915039062e+02, 2.943447265625e+02, 2.951259765625e+02, 2.957539672851562e+02, 2.94367919921875e+02, 2.956583251953125e+02, 2.950413818359375e+02, 2.949868469238281e+02, 2.951022644042969e+02, 2.9528466796875e+02, 2.955009460449219e+02, 2.957135009765625e+02, 2.959270324707031e+02, 2.961436157226562e+02, 2.963438110351562e+02, 2.964573669433594e+02, 2.964525451660156e+02, 2.96638671875e+02, 2.972759704589844e+02, 2.979436340332031e+02, 2.982555541992188e+02, 2.981832275390625e+02, 2.9777978515625e+02, 2.973623352050781e+02, 2.970456848144531e+02, 2.967383728027344e+02, 2.964062194824219e+02, 2.961498413085938e+02, 2.959943237304688e+02, 2.958709106445312e+02, 2.957137145996094e+02, 2.955242309570312e+02, 2.950978698730469e+02, 2.944505920410156e+02, 2.9578173828125e+02, 2.946454772949219e+02, 2.960873718261719e+02, 2.945538024902344e+02, 2.958204040527344e+02, 2.943118591308594e+02, 2.946987609863281e+02, 2.95823486328125e+02, 2.947354736328125e+02, 2.944571228027344e+02, 2.953094482421875e+02, 2.954715270996094e+02, 2.942494506835938e+02, 2.948785095214844e+02, 2.961275634765625e+02, 2.9441796875e+02, 2.945603332519531e+02, 2.955200500488281e+02, 2.951622009277344e+02, 2.943280334472656e+02, 2.950421142578125e+02, 2.959041137695312e+02, 2.941559448242188e+02, 2.946873474121094e+02, 2.957843933105469e+02, 2.948293151855469e+02, 2.944258728027344e+02, 2.952652587890625e+02, 2.955347290039062e+02, 2.942578430175781e+02, 2.949326477050781e+02, 2.961146850585938e+02, 2.942342834472656e+02, 2.946619262695312e+02, 2.95754638671875e+02, 2.948331909179688e+02, 2.944453430175781e+02, 2.953309020996094e+02, 2.954367370605469e+02, 2.942756042480469e+02, 2.949809875488281e+02, 2.960246276855469e+02, 2.941731262207031e+02, 2.946660461425781e+02, 2.957389221191406e+02, 2.948914489746094e+02, 2.944058837890625e+02, 2.95203369140625e+02, 2.95633544921875e+02, 2.942128295898438e+02, 2.948045654296875e+02, 2.960053100585938e+02, 2.945695495605469e+02, 2.945082397460938e+02, 2.954144897460938e+02, 2.953124694824219e+02, 2.942888488769531e+02, 2.949608764648438e+02]
=======
TEnt.T=[2.931499938964844e+02, 2.952354125976562e+02, 2.941593017578125e+02, 2.942555541992188e+02, 2.94955810546875e+02, 2.941593017578125e+02, 2.941589050292969e+02, 2.946768493652344e+02, 2.958133239746094e+02, 2.941593017578125e+02, 2.944685974121094e+02, 2.954297180175781e+02, 2.941593322753906e+02, 2.945542297363281e+02, 2.960155639648438e+02, 2.951939086914062e+02, 2.950527648925781e+02, 2.951316528320312e+02, 2.952985534667969e+02, 2.9550830078125e+02, 2.957181396484375e+02, 2.959305114746094e+02, 2.961466369628906e+02, 2.963467102050781e+02, 2.964603271484375e+02, 2.964555053710938e+02, 2.966412048339844e+02, 2.972781677246094e+02, 2.97946044921875e+02, 2.982584838867188e+02, 2.981865234375e+02, 2.977833251953125e+02, 2.9736572265625e+02, 2.970489196777344e+02, 2.967416381835938e+02, 2.964095153808594e+02, 2.961529846191406e+02, 2.959973754882812e+02, 2.958739318847656e+02, 2.95716796875e+02, 2.955274353027344e+02, 2.951015930175781e+02, 2.944541931152344e+02, 2.941619262695312e+02, 2.946668395996094e+02, 2.941603088378906e+02, 2.945910034179688e+02, 2.959313049316406e+02, 2.941506652832031e+02, 2.948001403808594e+02, 2.960452270507812e+02, 2.941593017578125e+02, 2.945774841308594e+02, 2.955987854003906e+02, 2.941593322753906e+02, 2.943719482421875e+02, 2.951629638671875e+02, 2.941593933105469e+02, 2.942120971679688e+02, 2.948245544433594e+02, 2.960900268554688e+02, 2.94159423828125e+02, 2.945664978027344e+02, 2.955758361816406e+02, 2.941593933105469e+02, 2.943662719726562e+02, 2.951547546386719e+02, 2.941593627929688e+02, 2.942119750976562e+02, 2.948296813964844e+02, 2.961002197265625e+02, 2.941593322753906e+02, 2.94624755859375e+02, 2.957273559570312e+02, 2.941593017578125e+02, 2.944565734863281e+02, 2.953951110839844e+02, 2.941593017578125e+02, 2.943181457519531e+02, 2.950942687988281e+02, 2.941593017578125e+02, 2.94202880859375e+02, 2.948447570800781e+02, 2.961226806640625e+02, 2.941593017578125e+02, 2.946291809082031e+02, 2.957177124023438e+02, 2.941593017578125e+02, 2.944186401367188e+02, 2.952657775878906e+02, 2.941593322753906e+02, 2.942500610351562e+02, 2.949078063964844e+02, 2.941593627929688e+02, 2.941593627929688e+02, 2.9463037109375e+02, 2.957085266113281e+02, 2.941593627929688e+02, 2.944146728515625e+02, 2.952549133300781e+02, 2.941593933105469e+02]
tow.TLvg=[2.931499938964844e+02, 2.911419067382812e+02, 2.907335510253906e+02, 2.911430358886719e+02, 2.9113623046875e+02, 2.907377319335938e+02, 2.907737121582031e+02, 2.911393737792969e+02, 2.912693481445312e+02, 2.907547607421875e+02, 2.911411743164062e+02, 2.912637939453125e+02, 2.906747131347656e+02, 2.91288818359375e+02, 2.925921630859375e+02, 2.924765319824219e+02, 2.925458068847656e+02, 2.926935729980469e+02, 2.929005126953125e+02, 2.931175842285156e+02, 2.933269653320312e+02, 2.935424499511719e+02, 2.937572021484375e+02, 2.939381103515625e+02, 2.939681091308594e+02, 2.939436340332031e+02, 2.943796081542969e+02, 2.952014465332031e+02, 2.957299499511719e+02, 2.958131713867188e+02, 2.955181579589844e+02, 2.949980773925781e+02, 2.946483459472656e+02, 2.943660583496094e+02, 2.940406494140625e+02, 2.937129516601562e+02, 2.935294494628906e+02, 2.934098815917969e+02, 2.932856750488281e+02, 2.931004943847656e+02, 2.928795776367188e+02, 2.922227783203125e+02, 2.916341552734375e+02, 2.908084411621094e+02, 2.914912109375e+02, 2.907216796875e+02, 2.914143981933594e+02, 2.919088439941406e+02, 2.9101708984375e+02, 2.911372985839844e+02, 2.915675048828125e+02, 2.907501525878906e+02, 2.911389465332031e+02, 2.911481628417969e+02, 2.90826416015625e+02, 2.911420593261719e+02, 2.911358337402344e+02, 2.908905639648438e+02, 2.911447448730469e+02, 2.911402893066406e+02, 2.915147094726562e+02, 2.908981323242188e+02, 2.911422119140625e+02, 2.911465759277344e+02, 2.908714599609375e+02, 2.911438598632812e+02, 2.9113720703125e+02, 2.908230590820312e+02, 2.911449279785156e+02, 2.911383666992188e+02, 2.916367797851562e+02, 2.907282104492188e+02, 2.911383666992188e+02, 2.913580017089844e+02, 2.907310485839844e+02, 2.911407775878906e+02, 2.911945495605469e+02, 2.90732421875e+02, 2.911423034667969e+02, 2.911370544433594e+02, 2.907320556640625e+02, 2.911436157226562e+02, 2.911371765136719e+02, 2.917382507324219e+02, 2.907407836914062e+02, 2.911387634277344e+02, 2.912308349609375e+02, 2.907755126953125e+02, 2.911415405273438e+02, 2.911346130371094e+02, 2.908175659179688e+02, 2.911439819335938e+02, 2.911375732421875e+02, 2.908358764648438e+02, 2.908429565429688e+02, 2.911402282714844e+02, 2.911661071777344e+02, 2.908580932617188e+02, 2.911426391601562e+02, 2.911363525390625e+02, 2.908656005859375e+02]
tow.TAir=[2.853654479980469e+02, 2.853654479980469e+02, 2.853654479980469e+02, 2.853654479980469e+02, 2.853654479980469e+02, 2.851503295898438e+02, 2.848058471679688e+02, 2.848691711425781e+02, 2.850024719238281e+02, 2.851405334472656e+02, 2.852371826171875e+02, 2.855429382324219e+02, 2.862892761230469e+02, 2.8682373046875e+02, 2.882476806640625e+02, 2.889720153808594e+02, 2.89306884765625e+02, 2.895625915527344e+02, 2.898523254394531e+02, 2.901139221191406e+02, 2.903575744628906e+02, 2.906117858886719e+02, 2.908591613769531e+02, 2.910467834472656e+02, 2.909876098632812e+02, 2.909403686523438e+02, 2.917225036621094e+02, 2.928408813476562e+02, 2.932917785644531e+02, 2.93159423828125e+02, 2.925950927734375e+02, 2.918716430664062e+02, 2.915364685058594e+02, 2.912424926757812e+02, 2.908397521972656e+02, 2.904599914550781e+02, 2.903280029296875e+02, 2.902281494140625e+02, 2.900801086425781e+02, 2.898287658691406e+02, 2.895267333984375e+02, 2.88453857421875e+02, 2.878220520019531e+02, 2.87405029296875e+02, 2.871863098144531e+02, 2.872527465820312e+02, 2.87086181640625e+02, 2.86577880859375e+02, 2.861277770996094e+02, 2.858000793457031e+02, 2.854686279296875e+02, 2.851398620605469e+02, 2.84796630859375e+02, 2.844144592285156e+02, 2.840144653320312e+02, 2.835951232910156e+02, 2.831419067382812e+02, 2.826533508300781e+02, 2.822403869628906e+02, 2.822434387207031e+02, 2.824570922851562e+02, 2.827122497558594e+02, 2.829748840332031e+02, 2.831925964355469e+02, 2.833137817382812e+02, 2.835616455078125e+02, 2.839435424804688e+02, 2.843048706054688e+02, 2.846378479003906e+02, 2.849430236816406e+02, 2.8517578125e+02, 2.85452880859375e+02, 2.854590454101562e+02, 2.853726196289062e+02, 2.853988647460938e+02, 2.854185180664062e+02, 2.853961791992188e+02, 2.853795471191406e+02, 2.853905639648438e+02, 2.85382080078125e+02, 2.853817138671875e+02, 2.853817138671875e+02, 2.854264831542969e+02, 2.854426574707031e+02, 2.852759094238281e+02, 2.852056884765625e+02, 2.850306091308594e+02, 2.848132934570312e+02, 2.846246948242188e+02, 2.844964904785156e+02, 2.841245727539062e+02, 2.840369262695312e+02, 2.839937438964844e+02, 2.839130249023438e+02, 2.838196105957031e+02, 2.836558837890625e+02, 2.835785827636719e+02, 2.835351867675781e+02, 2.834769592285156e+02, 2.834293518066406e+02, 2.833817138671875e+02]
tow.TApp_nominal=[3.890000104904175e+00, 3.890000104904175e+00]
tow.TAppAct=[-6.76198422908783e-01, 5.773266792297363e+00, 4.645539283752441e+00, 5.777794361114502e+00, 5.770873546600342e+00, 4.838428974151611e+00, 7.708240985870361e+00, 6.270506858825684e+00, 6.236053466796875e+00, 4.853897571563721e+00, 5.904232025146484e+00, 5.699249744415283e+00, 3.791871786117554e+00, 4.460899829864502e+00, 4.339975833892822e+00, 3.504268646240234e+00, 3.241106986999512e+00, 3.134089231491089e+00, 3.052104711532593e+00, 3.007279634475708e+00, 2.97308349609375e+00, 2.934479951858521e+00, 2.90156888961792e+00, 2.893714189529419e+00, 2.979634523391724e+00, 3.004569053649902e+00, 2.669885396957397e+00, 2.373873472213745e+00, 2.443168640136719e+00, 2.652124166488647e+00, 2.914693832397461e+00, 3.11835765838623e+00, 3.106780290603638e+00, 3.118482112884521e+00, 3.194844484329224e+00, 3.248197078704834e+00, 3.199109792709351e+00, 3.179807662963867e+00, 3.202830076217651e+00, 3.268303155899048e+00, 3.346139907836914e+00, 3.754548311233521e+00, 3.805153846740723e+00, 2.94579291343689e+00, 4.29462718963623e+00, 3.00497031211853e+00, 4.315189361572266e+00, 5.304221153259277e+00, 4.064964771270752e+00, 5.336721420288086e+00, 6.046287059783936e+00, 4.848364353179932e+00, 6.342434406280518e+00, 6.72677755355835e+00, 5.894369125366211e+00, 7.547149658203125e+00, 7.994138717651367e+00, 7.131343841552734e+00, 8.904500961303711e+00, 8.897124290466309e+00, 8.896148681640625e+00, 7.085672378540039e+00, 8.16756534576416e+00, 7.948965072631836e+00, 6.541379928588867e+00, 7.583336353302002e+00, 7.193867206573486e+00, 5.642424583435059e+00, 6.507322311401367e+00, 6.195671558380127e+00, 6.25782299041748e+00, 4.557334423065186e+00, 5.679637432098389e+00, 5.956615924835205e+00, 4.609706401824951e+00, 5.722531318664551e+00, 5.771835803985596e+00, 4.630759716033936e+00, 5.751975536346436e+00, 5.754211902618408e+00, 4.631694316864014e+00, 5.762094497680664e+00, 5.710943222045898e+00, 6.053619861602783e+00, 4.72145414352417e+00, 5.933365821838379e+00, 6.168139934539795e+00, 5.156523704528809e+00, 6.517143249511719e+00, 6.63793420791626e+00, 5.793088436126709e+00, 7.107252597808838e+00, 7.144160270690918e+00, 5.994472503662109e+00, 6.075014591217041e+00, 7.484638690948486e+00, 7.573752880096436e+00, 6.337213039398193e+00, 7.665943622589111e+00, 7.706923007965088e+00, 6.478487491607666e+00]
tow.FRAir=[1e+00, 9.830411076545715e-01, 0e+00, 8.129175305366516e-01, 9.370222091674805e-01, 0e+00, 2.75950014591217e-01, 8.386927247047424e-01, 1e+00, 0e+00, 8.381937742233276e-01, 1e+00, 0e+00, 1e+00, 1e+00, 1e+00, 1e+00, 1e+00, 1e+00, 1e+00, 1e+00, 1e+00, 1e+00, 1e+00, 1e+00, 1e+00, 1e+00, 1e+00, 1e+00, 1e+00, 1e+00, 1e+00, 1e+00, 1e+00, 1e+00, 1e+00, 1e+00, 1e+00, 1e+00, 1e+00, 1e+00, 1e+00, 1e+00, 0e+00, 1e+00, 0e+00, 1e+00, 1e+00, 7.441239356994629e-01, 9.606443047523499e-01, 1e+00, 0e+00, 8.158791065216064e-01, 9.394927620887756e-01, 0e+00, 6.924129724502563e-01, 7.780774235725403e-01, 0e+00, 5.962005853652954e-01, 6.788963079452515e-01, 7.87726879119873e-01, 0e+00, 6.831651926040649e-01, 8.361974954605103e-01, 0e+00, 6.889457702636719e-01, 8.345733284950256e-01, 0e+00, 7.405477166175842e-01, 8.711674213409424e-01, 9.778059124946594e-01, 0e+00, 8.892843723297119e-01, 1e+00, 0e+00, 8.545882105827332e-01, 1e+00, 0e+00, 8.267534375190735e-01, 9.623315930366516e-01, 0e+00, 8.049533367156982e-01, 9.244364500045776e-01, 9.85179603099823e-01, 0e+00, 8.634058237075806e-01, 1e+00, 0e+00, 7.743357419967651e-01, 8.994422554969788e-01, 0e+00, 7.025165557861328e-01, 8.016132116317749e-01, 0e+00, 5.545659735798836e-02, 7.352004647254944e-01, 8.794074654579163e-01, 0e+00, 6.91182017326355e-01, 8.105759024620056e-01, 0e+00]
tow.FRWat=[0e+00, 1.009392976760864e+00, -4.232358593928015e-33, 1.009392976760864e+00, 1.009392976760864e+00, -1.79550605436442e-32, 7.427831739187241e-02, 1.009392976760864e+00, 1.009392976760864e+00, -6.504627377633898e-33, 1.009392976760864e+00, 1.009392976760864e+00, 7.999989904362254e-33, 1.009392976760864e+00, 1.009392976760864e+00, 1.009392976760864e+00, 1.009392976760864e+00, 1.009392976760864e+00, 1.009392976760864e+00, 1.009392976760864e+00, 1.009392976760864e+00, 1.009392976760864e+00, 1.009392976760864e+00, 1.009392976760864e+00, 1.009392976760864e+00, 1.009392976760864e+00, 1.009392976760864e+00, 1.009392976760864e+00, 1.009392976760864e+00, 1.009392976760864e+00, 1.009392976760864e+00, 1.009392976760864e+00, 1.009392976760864e+00, 1.009392976760864e+00, 1.009392976760864e+00, 1.009392976760864e+00, 1.009392976760864e+00, 1.009392976760864e+00, 1.009392976760864e+00, 1.009392976760864e+00, 1.009392976760864e+00, 1.009392976760864e+00, 1.009392976760864e+00, 3.54693665417117e-33, 1.009392976760864e+00, 3.241483788833162e-30, 1.009392976760864e+00, 1.009392976760864e+00, 6.933517456054688e-01, 1.009392976760864e+00, 1.009392976760864e+00, -1.972467718383613e-41, 1.009392976760864e+00, 1.009392976760864e+00, -2.097665188250403e-38, 1.009392976760864e+00, 1.009392976760864e+00, -2.042650104939158e-34, 1.009392976760864e+00, 1.009392976760864e+00, 1.009392976760864e+00, 8.407790785948902e-45, 1.009392976760864e+00, 1.009392976760864e+00, -4.386055214981998e-33, 1.009392976760864e+00, 1.009392976760864e+00, -1.602934806571186e-32, 1.009392976760864e+00, 1.009392976760864e+00, 1.009392976760864e+00, 7.197581788010203e-39, 1.009392976760864e+00, 1.009392976760864e+00, 4.235389018364435e-32, 1.009392976760864e+00, 1.009392976760864e+00, 2.296293684184783e-33, 1.009392976760864e+00, 1.009392976760864e+00, 2.42727569892537e-31, 1.009392976760864e+00, 1.009392976760864e+00, 1.009392976760864e+00, 1.975621910953134e-32, 1.009392976760864e+00, 1.009392976760864e+00, 2.12903952658624e-36, 1.009392976760864e+00, 1.009392976760864e+00, -9.056401681595253e-32, 1.009392976760864e+00, 1.009392976760864e+00, 3.368144845031864e-32, -2.141106124598795e-20, 1.009392976760864e+00, 1.009392976760864e+00, -1.423579109907582e-41, 1.009392976760864e+00, 1.009392976760864e+00, 4.306162888365155e-32]
tow.PFan=[9.166666870117188e+02, 8.857774047851562e+02, 0e+00, 5.521502075195312e+02, 7.984238891601562e+02, 0e+00, 1.012377023696899e+00, 6.031887817382812e+02, 9.166666870117188e+02, 0e+00, 6.021954345703125e+02, 9.166666870117188e+02, 0e+00, 9.166666870117188e+02, 9.166666870117188e+02, 9.166666870117188e+02, 9.166666870117188e+02, 9.166666870117188e+02, 9.166666870117188e+02, 9.166666870117188e+02, 9.166666870117188e+02, 9.166666870117188e+02, 9.166666870117188e+02, 9.166666870117188e+02, 9.166666870117188e+02, 9.166666870117188e+02, 9.166666870117188e+02, 9.166666870117188e+02, 9.166666870117188e+02, 9.166666870117188e+02, 9.166666870117188e+02, 9.166666870117188e+02, 9.166666870117188e+02, 9.166666870117188e+02, 9.166666870117188e+02, 9.166666870117188e+02, 9.166666870117188e+02, 9.166666870117188e+02, 9.166666870117188e+02, 9.166666870117188e+02, 9.166666870117188e+02, 9.166666870117188e+02, 9.166666870117188e+02, 0e+00, 9.166666870117188e+02, 0e+00, 9.166666870117188e+02, 9.166666870117188e+02, 4.209918518066406e+02, 8.438294677734375e+02, 9.166666870117188e+02, 0e+00, 5.5798046875e+02, 8.032198486328125e+02, 0e+00, 3.307247314453125e+02, 4.845320434570312e+02, 0e+00, 1.935371856689453e+02, 3.08757568359375e+02, 5.03054931640625e+02, 0e+00, 3.156133117675781e+02, 5.982230834960938e+02, 0e+00, 3.250182495117188e+02, 5.949930419921875e+02, 0e+00, 4.144718627929688e+02, 6.680498657226562e+02, 8.76082275390625e+02, 0e+00, 7.04237548828125e+02, 9.166666870117188e+02, 0e+00, 6.349009399414062e+02, 9.166666870117188e+02, 0e+00, 5.794707641601562e+02, 8.470303955078125e+02, 0e+00, 5.365267944335938e+02, 7.738463745117188e+02, 8.89717041015625e+02, 0e+00, 6.525282592773438e+02, 9.166666870117188e+02, 0e+00, 4.773992309570312e+02, 7.244618530273438e+02, 0e+00, 3.476234130859375e+02, 5.300004272460938e+02, 0e+00, 0e+00, 4.047919921875e+02, 6.845213623046875e+02, 0e+00, 3.286932067871094e+02, 5.475479736328125e+02, 0e+00]
conFan.u_s=[2.911499938964844e+02, 2.911499938964844e+02]
conFan.u_m=[2.931499938964844e+02, 2.911419067382812e+02, 2.907335510253906e+02, 2.911430358886719e+02, 2.9113623046875e+02, 2.907377319335938e+02, 2.907737121582031e+02, 2.911393737792969e+02, 2.912693481445312e+02, 2.907547607421875e+02, 2.911411743164062e+02, 2.912637939453125e+02, 2.906747131347656e+02, 2.91288818359375e+02, 2.925921630859375e+02, 2.924765319824219e+02, 2.925458068847656e+02, 2.926935729980469e+02, 2.929005126953125e+02, 2.931175842285156e+02, 2.933269653320312e+02, 2.935424499511719e+02, 2.937572021484375e+02, 2.939381103515625e+02, 2.939681091308594e+02, 2.939436340332031e+02, 2.943796081542969e+02, 2.952014465332031e+02, 2.957299499511719e+02, 2.958131713867188e+02, 2.955181579589844e+02, 2.949980773925781e+02, 2.946483459472656e+02, 2.943660583496094e+02, 2.940406494140625e+02, 2.937129516601562e+02, 2.935294494628906e+02, 2.934098815917969e+02, 2.932856750488281e+02, 2.931004943847656e+02, 2.928795776367188e+02, 2.922227783203125e+02, 2.916341552734375e+02, 2.908084411621094e+02, 2.914912109375e+02, 2.907216796875e+02, 2.914143981933594e+02, 2.919088439941406e+02, 2.9101708984375e+02, 2.911372985839844e+02, 2.915675048828125e+02, 2.907501525878906e+02, 2.911389465332031e+02, 2.911481628417969e+02, 2.90826416015625e+02, 2.911420593261719e+02, 2.911358337402344e+02, 2.908905639648438e+02, 2.911447448730469e+02, 2.911402893066406e+02, 2.915147094726562e+02, 2.908981323242188e+02, 2.911422119140625e+02, 2.911465759277344e+02, 2.908714599609375e+02, 2.911438598632812e+02, 2.9113720703125e+02, 2.908230590820312e+02, 2.911449279785156e+02, 2.911383666992188e+02, 2.916367797851562e+02, 2.907282104492188e+02, 2.911383666992188e+02, 2.913580017089844e+02, 2.907310485839844e+02, 2.911407775878906e+02, 2.911945495605469e+02, 2.90732421875e+02, 2.911423034667969e+02, 2.911370544433594e+02, 2.907320556640625e+02, 2.911436157226562e+02, 2.911371765136719e+02, 2.917382507324219e+02, 2.907407836914062e+02, 2.911387634277344e+02, 2.912308349609375e+02, 2.907755126953125e+02, 2.911415405273438e+02, 2.911346130371094e+02, 2.908175659179688e+02, 2.911439819335938e+02, 2.911375732421875e+02, 2.908358764648438e+02, 2.908429565429688e+02, 2.911402282714844e+02, 2.911661071777344e+02, 2.908580932617188e+02, 2.911426391601562e+02, 2.911363525390625e+02, 2.908656005859375e+02]
onOffCon.u=[2.951499938964844e+02, 2.951499938964844e+02]
onOffCon.reference=[2.931499938964844e+02, 2.952293090820312e+02, 2.955707092285156e+02, 2.942514343261719e+02, 2.949502563476562e+02, 2.960586547851562e+02, 2.941728515625e+02, 2.946718444824219e+02, 2.958063049316406e+02, 2.947773132324219e+02, 2.944640197753906e+02, 2.954234619140625e+02, 2.952522583007812e+02, 2.945498046875e+02, 2.960108032226562e+02, 2.951905517578125e+02, 2.950498352050781e+02, 2.951288757324219e+02, 2.952958374023438e+02, 2.95505615234375e+02, 2.957154235839844e+02, 2.959278259277344e+02, 2.961439514160156e+02, 2.963439636230469e+02, 2.964574279785156e+02, 2.964525451660156e+02, 2.966387634277344e+02, 2.972760925292969e+02, 2.979436950683594e+02, 2.982556762695312e+02, 2.981832580566406e+02, 2.977798461914062e+02, 2.973623657226562e+02, 2.970456237792969e+02, 2.967383422851562e+02, 2.964062194824219e+02, 2.961498107910156e+02, 2.959942932128906e+02, 2.95870849609375e+02, 2.957136535644531e+02, 2.955242004394531e+02, 2.950979309082031e+02, 2.944506225585938e+02, 2.957586975097656e+02, 2.946625671386719e+02, 2.959971923828125e+02, 2.945867309570312e+02, 2.959253234863281e+02, 2.941493835449219e+02, 2.947948913574219e+02, 2.96038330078125e+02, 2.9443505859375e+02, 2.945726928710938e+02, 2.955919494628906e+02, 2.9505419921875e+02, 2.943675537109375e+02, 2.95156982421875e+02, 2.956861267089844e+02, 2.942080383300781e+02, 2.948192443847656e+02, 2.960829772949219e+02, 2.94451904296875e+02, 2.945617370605469e+02, 2.955690612792969e+02, 2.950765380859375e+02, 2.943619079589844e+02, 2.951488037109375e+02, 2.956955261230469e+02, 2.942079162597656e+02, 2.948243713378906e+02, 2.960933837890625e+02, 2.944013061523438e+02, 2.94619873046875e+02, 2.95720703125e+02, 2.948565063476562e+02, 2.944520263671875e+02, 2.953887939453125e+02, 2.9532666015625e+02, 2.943138732910156e+02, 2.950884399414062e+02, 2.958049621582031e+02, 2.941988220214844e+02, 2.948394165039062e+02, 2.961160278320312e+02, 2.943345336914062e+02, 2.94624267578125e+02, 2.957108154296875e+02, 2.949000549316406e+02, 2.944141845703125e+02, 2.952596130371094e+02, 2.955249633789062e+02, 2.942459411621094e+02, 2.9490234375e+02, 2.961488647460938e+02, 2.942836303710938e+02, 2.946254577636719e+02, 2.957015075683594e+02, 2.949098815917969e+02, 2.944101867675781e+02, 2.952487487792969e+02, 2.955361022949219e+02]
>>>>>>> master
