<<<<<<< HEAD
last-generated=2022-10-05
=======
last-generated=2025-07-01
>>>>>>> master
statistics-initialization=
{
  "linear": "19",
  "nonlinear": "1, 14",
  "numerical Jacobians": "0"
}
statistics-simulation=
{
  "linear": "0, 0, 11, 0, 0, 0, 0, 0, 0, 0, 0, 0, 0",
  "nonlinear": "1, 1",
  "number of continuous time states": "70",
  "numerical Jacobians": "0"
}
time=[1.5552e+07, 1.5984e+07]
<<<<<<< HEAD
hvac.PFan=[0e+00, 0e+00, 0e+00, 0e+00, 0e+00, 0e+00, 0e+00, 8.739606738090515e-01, 2.121277093887329e+00, 1.493836784362793e+01, 3.151330184936523e+01, 3.938113403320312e+01, 3.256225204467773e+01, 1.70324649810791e+01, 8.696687698364258e+00, 4.110764980316162e+00, 0e+00, 0e+00, 0e+00, 0e+00, 0e+00, 0e+00, 0e+00, 0e+00, 0e+00, 0e+00, 0e+00, 8.739606738090515e-01, 2.257336616516113e+00, 1.469418525695801e+01, 3.098916816711426e+01, 3.990692138671875e+01, 3.262547302246094e+01, 1.845131492614746e+01, 9.846437454223633e+00, 6.48199462890625e+00, 0e+00, 0e+00, 0e+00, 0e+00, 0e+00, 0e+00, 0e+00, 0e+00, 0e+00, 0e+00, 0e+00, 8.739606738090515e-01, 6.362669467926025e+00, 2.228858947753906e+01, 3.605331802368164e+01, 3.651930618286133e+01, 2.870362854003906e+01, 1.672542190551758e+01, 9.113080024719238e+00, 4.788719177246094e+00, 0e+00, 0e+00, 0e+00, 0e+00, 0e+00, 0e+00, 0e+00, 0e+00, 0e+00, 0e+00, 0e+00, 8.739606738090515e-01, 8.739606738090515e-01, 4.21052360534668e+00, 8.611104965209961e+00, 8.592764854431152e+00, 5.449127197265625e+00, 3.349791765213013e+00, 2.016572952270508e+00, 9.361365437507629e-01, 0e+00, 0e+00, 0e+00, 0e+00, 0e+00, 0e+00, 0e+00, 0e+00, 0e+00, 0e+00, 0e+00, 8.739606738090515e-01, 8.739606738090515e-01, 2.180011987686157e+00, 9.990962028503418e+00, 1.399335384368896e+01, 1.125722026824951e+01, 4.417060375213623e+00, 1.386466383934021e+00, 8.739606738090515e-01, 0e+00, 0e+00, 0e+00, 0e+00, 0e+00]
=======
hvac.PFan=[0e+00, 0e+00, 0e+00, 0e+00, 0e+00, 0e+00, 0e+00, 8.739606738090515e-01, 2.330735921859741e+00, 1.505723190307617e+01, 3.092379379272461e+01, 3.843521499633789e+01, 3.176835823059082e+01, 1.667304420471191e+01, 8.65913200378418e+00, 4.104891777038574e+00, 0e+00, 0e+00, 0e+00, 0e+00, 0e+00, 0e+00, 0e+00, 0e+00, 0e+00, 0e+00, 0e+00, 8.739606738090515e-01, 2.462905645370483e+00, 1.487477970123291e+01, 3.047177314758301e+01, 3.909217071533203e+01, 3.184898567199707e+01, 1.81368236541748e+01, 9.81724739074707e+00, 6.499243259429932e+00, 0e+00, 0e+00, 0e+00, 0e+00, 0e+00, 0e+00, 0e+00, 0e+00, 0e+00, 0e+00, 0e+00, 8.739606738090515e-01, 6.720736503601074e+00, 2.241085624694824e+01, 3.547739410400391e+01, 3.558865356445312e+01, 2.822850608825684e+01, 1.649150466918945e+01, 9.09346866607666e+00, 4.777174949645996e+00, 0e+00, 0e+00, 0e+00, 0e+00, 0e+00, 0e+00, 0e+00, 0e+00, 0e+00, 0e+00, 0e+00, 8.739606738090515e-01, 8.739606738090515e-01, 4.284565925598145e+00, 8.465774536132812e+00, 8.21806812286377e+00, 5.322678565979004e+00, 3.283688068389893e+00, 2.010621786117554e+00, 9.306936860084534e-01, 0e+00, 0e+00, 0e+00, 0e+00, 0e+00, 0e+00, 0e+00, 0e+00, 8.739606738090515e-01, 8.739606738090515e-01, 0e+00, 8.739606738090515e-01, 8.739606738090515e-01, 2.277920722961426e+00, 9.74394416809082e+00, 1.340563678741455e+01, 1.081786727905273e+01, 4.258317470550537e+00, 1.369292616844177e+00, 8.739606738090515e-01, 0e+00, 0e+00, 0e+00, 0e+00, 0e+00]
>>>>>>> master
