<<<<<<< HEAD
last-generated=2022-08-05
statistics-initialization=
{
  "nonlinear": "5, 11, 0",
=======
last-generated=2024-09-13
statistics-initialization=
{
  "nonlinear": "5, 10, 0, 0",
>>>>>>> master
  "numerical Jacobians": "0"
}
statistics-simulation=
{
  "linear": "0, 0, 0, 0, 0, 0, 0",
  "nonlinear": "1, 10, 0",
  "number of continuous time states": "27",
  "numerical Jacobians": "0"
}
time=[0e+00, 1.728e+05]
vol.T_start=[2.931499938964844e+02, 2.931499938964844e+02]
<<<<<<< HEAD
vol.T=[2.931499938964844e+02, 2.818911743164062e+02, 2.860963134765625e+02, 2.884841003417969e+02, 2.898693542480469e+02, 2.907330627441406e+02, 2.913328247070312e+02, 2.917340698242188e+02, 2.919057922363281e+02, 2.920472106933594e+02, 2.922322082519531e+02, 2.922307434082031e+02, 2.922312622070312e+02, 2.922311706542969e+02, 2.922311096191406e+02, 2.922338256835938e+02, 2.922509155273438e+02, 2.922449035644531e+02, 2.92561279296875e+02, 2.926663208007812e+02, 2.927360534667969e+02, 2.927338562011719e+02, 2.927828674316406e+02, 2.928576354980469e+02, 2.929335327148438e+02, 2.929976196289062e+02, 2.930343627929688e+02, 2.930511779785156e+02, 2.930687866210938e+02, 2.930666198730469e+02, 2.930404663085938e+02, 2.930220947265625e+02, 2.930169677734375e+02, 2.930242614746094e+02, 2.930426025390625e+02, 2.930684814453125e+02, 2.930898132324219e+02, 2.930892639160156e+02, 2.927572021484375e+02, 2.926475830078125e+02, 2.927106018066406e+02, 2.927109985351562e+02, 2.927034606933594e+02, 2.927239685058594e+02, 2.927290954589844e+02, 2.926934814453125e+02, 2.927269897460938e+02, 2.927501525878906e+02, 2.926921997070312e+02, 2.926847229003906e+02, 2.927289123535156e+02, 2.926305236816406e+02, 2.925870971679688e+02, 2.925829772949219e+02, 2.92662109375e+02, 2.926096801757812e+02, 2.926222534179688e+02, 2.925993957519531e+02, 2.926427001953125e+02, 2.926805114746094e+02, 2.926966552734375e+02, 2.927462768554688e+02, 2.927703247070312e+02, 2.927292175292969e+02, 2.927256469726562e+02, 2.927687683105469e+02, 2.927965698242188e+02, 2.930638732910156e+02, 2.931278381347656e+02, 2.931763305664062e+02, 2.932132263183594e+02, 2.932263488769531e+02, 2.932335815429688e+02, 2.932040710449219e+02, 2.931786804199219e+02, 2.931908264160156e+02, 2.932354736328125e+02, 2.932803955078125e+02, 2.932520446777344e+02, 2.931781921386719e+02, 2.931231384277344e+02, 2.930828247070312e+02, 2.930809936523438e+02, 2.931086120605469e+02, 2.931288757324219e+02, 2.931574096679688e+02, 2.931707153320312e+02, 2.931507263183594e+02, 2.928227844238281e+02, 2.928421630859375e+02, 2.928734436035156e+02, 2.928527526855469e+02, 2.92831298828125e+02, 2.928336791992188e+02, 2.928597717285156e+02, 2.928971252441406e+02, 2.929330749511719e+02, 2.928770751953125e+02, 2.92834228515625e+02, 2.927930908203125e+02, 2.927566833496094e+02]
TOut.T=[2.609500122070312e+02, 2.608676452636719e+02, 2.609342651367188e+02, 2.61153564453125e+02, 2.614064331054688e+02, 2.616917419433594e+02, 2.619866027832031e+02, 2.621011047363281e+02, 2.620299682617188e+02, 2.62211181640625e+02, 2.625067138671875e+02, 2.625499877929688e+02, 2.625499877929688e+02, 2.625499877929688e+02, 2.625499877929688e+02, 2.625875549316406e+02, 2.628901062011719e+02, 2.632776489257812e+02, 2.637460632324219e+02, 2.6446923828125e+02, 2.655892028808594e+02, 2.665859985351562e+02, 2.674020080566406e+02, 2.682179870605469e+02, 2.690339965820312e+02, 2.698500061035156e+02, 2.704558715820312e+02, 2.709069213867188e+02, 2.715532531738281e+02, 2.720364685058594e+02, 2.720499877929688e+02, 2.720499877929688e+02, 2.720499877929688e+02, 2.720499877929688e+02, 2.720499877929688e+02, 2.720499877929688e+02, 2.719675598144531e+02, 2.716164855957031e+02, 2.713160400390625e+02, 2.71072998046875e+02, 2.710076599121094e+02, 2.717365112304688e+02, 2.720211181640625e+02, 2.716227111816406e+02, 2.714859924316406e+02, 2.718775329589844e+02, 2.7202783203125e+02, 2.717281494140625e+02, 2.714362182617188e+02, 2.714474182128906e+02, 2.714500122070312e+02, 2.704067077636719e+02, 2.692704162597656e+02, 2.696753845214844e+02, 2.703369750976562e+02, 2.701487121582031e+02, 2.698616027832031e+02, 2.69929931640625e+02, 2.702106018066406e+02, 2.708657531738281e+02, 2.718394165039062e+02, 2.721007690429688e+02, 2.720183410644531e+02, 2.721641845703125e+02, 2.724365844726562e+02, 2.725657043457031e+02, 2.72480224609375e+02, 2.7264599609375e+02, 2.729339904785156e+02, 2.732219848632812e+02, 2.73510009765625e+02, 2.738106079101562e+02, 2.744635620117188e+02, 2.748500061035156e+02, 2.748500061035156e+02, 2.748500061035156e+02, 2.748500061035156e+02, 2.748500061035156e+02, 2.742786560058594e+02, 2.732598266601562e+02, 2.727458801269531e+02, 2.725348205566406e+02, 2.729032287597656e+02, 2.736190795898438e+02, 2.73848876953125e+02, 2.738165588378906e+02, 2.734445495605469e+02, 2.726629028320312e+02, 2.727448425292969e+02, 2.734616394042969e+02, 2.738507690429688e+02, 2.740790100097656e+02, 2.743446655273438e+02, 2.746334838867188e+02, 2.749204406738281e+02, 2.751761474609375e+02, 2.753359069824219e+02, 2.740944213867188e+02, 2.731499938964844e+02, 2.731499938964844e+02, 2.731499938964844e+02]
boi.vol.T=[2.931499938964844e+02, 3.432206420898438e+02, 3.432074584960938e+02, 3.432000427246094e+02, 3.431954956054688e+02, 3.431929321289062e+02, 3.431915283203125e+02, 3.431904602050781e+02, 3.431892700195312e+02, 3.431890869140625e+02, 3.43446044921875e+02, 3.44344482421875e+02, 3.462156677246094e+02, 3.480962829589844e+02, 3.49980224609375e+02, 3.51941650390625e+02, 3.552185974121094e+02, 3.460170593261715e+02, 3.472007751464844e+02, 3.632199096679688e+02, 3.537582092285156e+02, 3.4765771484375e+02, 3.456637878417969e+02, 3.531294555664062e+02, 3.580052795410156e+02, 3.613118286132812e+02, 3.622164611816406e+02, 3.592393188476562e+02, 3.564122924804691e+02, 3.532824096679688e+02, 3.50346435546875e+02, 3.475550842285156e+02, 3.446592712402344e+02, 3.457352905273438e+02, 3.492573547363278e+02, 3.52542663574219e+02, 3.555659790039062e+02, 3.584909057617188e+02, 3.57139892578125e+02, 3.478301391601562e+02, 3.590244750976562e+02, 3.502226257324219e+02, 3.433173217773438e+02, 3.628800354003906e+02, 3.538518676757812e+02, 3.465927734375e+02, 3.52974365234375e+02, 3.592680358886719e+02, 3.500503845214844e+02, 3.475110778808594e+02, 3.608807983398438e+02, 3.493671569824219e+02, 3.605537719726562e+02, 3.462691955566406e+02, 3.608063049316406e+02, 3.484403076171878e+02, 3.618069458007816e+02, 3.484606018066403e+02, 3.629787292480469e+02, 3.516439514160156e+02, 3.440513916015625e+02, 3.580484313964844e+02, 3.574203186035156e+02, 3.49964599609375e+02, 3.434774780273438e+02, 3.56158203125e+02, 3.596715698242188e+02, 3.526027526855469e+02, 3.573749694824211e+02, 3.574333496093756e+02, 3.601873779296881e+02, 3.628279113769531e+02, 3.568855895996094e+02, 3.501272277832031e+02, 3.432430419921875e+02, 3.487765808105469e+02, 3.53793701171875e+02, 3.5800341796875e+02, 3.620113220214844e+02, 3.596491088867188e+02, 3.555261840820312e+02, 3.5210205078125e+02, 3.487169189453125e+02, 3.4392529296875e+02, 3.474406127929688e+02, 3.5170947265625e+02, 3.552716674804688e+02, 3.583562927246094e+02, 3.610064086914062e+02, 3.62292724609375e+02, 3.570136413574219e+02, 3.525558166503906e+02, 3.489409484863281e+02, 3.457336120605469e+02, 3.458176574707031e+02, 3.5095703125e+02, 3.553885192871094e+02, 3.630520629882812e+02, 3.570504455566406e+02, 3.513725280761719e+02, 3.466616821289062e+02]
temSup.T=[2.931499938964844e+02, 3.078781127929688e+02, 3.140982971191406e+02, 3.174231872558594e+02, 3.192910461425781e+02, 3.204022216796875e+02, 3.211288757324219e+02, 3.216309814453125e+02, 3.219028625488281e+02, 3.220497741699219e+02, 3.21948486328125e+02, 3.219922485351562e+02, 3.219854431152344e+02, 3.219853515625e+02, 3.219852905273438e+02, 3.219498291015625e+02, 3.217116394042969e+02, 3.195476684570313e+02, 3.172603149414062e+02, 3.158009338378906e+02, 3.149776306152344e+02, 3.146582946777344e+02, 3.134876403808594e+02, 3.125469665527344e+02, 3.11689697265625e+02, 3.111358642578125e+02, 3.107608032226562e+02, 3.105855407714844e+02, 3.103209838867188e+02, 3.102256164550781e+02, 3.104354248046875e+02, 3.104613037109375e+02, 3.100932922363281e+02, 3.099435729980469e+02, 3.096971435546875e+02, 3.094197998046875e+02, 3.092747192382812e+02, 3.095150146484375e+02, 3.140416564941406e+02, 3.154497985839844e+02, 3.152424926757812e+02, 3.152154541015625e+02, 3.145968322753906e+02, 3.149367370605469e+02, 3.150655517578125e+02, 3.151011962890625e+02, 3.144481811523438e+02, 3.146714477539062e+02, 3.154698181152344e+02, 3.14959716796875e+02, 3.149266357421875e+02, 3.163125305175781e+02, 3.168991394042969e+02, 3.166588134765625e+02, 3.158574523925781e+02, 3.165477905273438e+02, 3.163962707519531e+02, 3.167006530761718e+02, 3.161074523925781e+02, 3.157230224609375e+02, 3.146893005371094e+02, 3.1431298828125e+02, 3.14450439453125e+02, 3.149359436035156e+02, 3.142745666503906e+02, 3.139863586425781e+02, 3.14036376953125e+02, 3.05841064453125e+02, 3.082774658203126e+02, 3.081548767089844e+02, 3.079527587890626e+02, 3.081147766113281e+02, 3.079778442382812e+02, 3.08032958984375e+02, 3.078216857910156e+02, 3.075278625488281e+02, 3.070016174316406e+02, 3.067681884765625e+02, 3.076468505859375e+02, 3.087812805175781e+02, 3.095111389160156e+02, 3.099360961914062e+02, 3.096931762695312e+02, 3.088053588867188e+02, 3.084266052246094e+02, 3.080571594238281e+02, 3.080649108886719e+02, 3.086483764648438e+02, 3.128226623535156e+02, 3.133377380371094e+02, 3.13055908203125e+02, 3.132844543457031e+02, 3.133753356933594e+02, 3.129874877929688e+02, 3.123511352539062e+02, 3.119043273925781e+02, 3.115442810058594e+02, 3.127859497070312e+02, 3.135865478515625e+02, 3.140888366699219e+02, 3.141993103027344e+02]
TSetSup.y=[3.086499938964844e+02, 3.231499938964844e+02, 3.231499938964844e+02, 3.231499938964844e+02, 3.231499938964844e+02, 3.231499938964844e+02, 3.231499938964844e+02, 3.231499938964844e+02, 3.231499938964844e+02, 3.231499938964844e+02, 3.219579467773438e+02, 3.219793395996094e+02, 3.219718017578125e+02, 3.21972900390625e+02, 3.219737243652344e+02, 3.219345703125e+02, 3.216866149902344e+02, 3.217740783691407e+02, 3.171865539550781e+02, 3.156635437011719e+02, 3.146522827148438e+02, 3.146839294433594e+02, 3.139732971191406e+02, 3.128892822265625e+02, 3.117886047363281e+02, 3.108595886230469e+02, 3.103265991210938e+02, 3.100831298828125e+02, 3.098277282714844e+02, 3.098588256835938e+02, 3.102382507324219e+02, 3.105044860839844e+02, 3.105789794921875e+02, 3.104731140136719e+02, 3.102072448730469e+02, 3.098318176269531e+02, 3.095225830078125e+02, 3.095307006835938e+02, 3.143456726074219e+02, 3.159348754882812e+02, 3.150212097167969e+02, 3.150155944824219e+02, 3.151247253417969e+02, 3.148275146484375e+02, 3.147532348632812e+02, 3.152695922851562e+02, 3.1478369140625e+02, 3.144479370117188e+02, 3.152881164550781e+02, 3.15396484375e+02, 3.147559814453125e+02, 3.161824645996094e+02, 3.168121948242188e+02, 3.168717956542969e+02, 3.157242431640625e+02, 3.164845275878906e+02, 3.163023071289062e+02, 3.166339416503906e+02, 3.160059814453125e+02, 3.154577026367188e+02, 3.152235717773438e+02, 3.145038452148438e+02, 3.141554260253906e+02, 3.147513427734375e+02, 3.1480322265625e+02, 3.141777954101562e+02, 3.137745971679688e+02, 3.098988342285156e+02, 3.089714050292969e+02, 3.082682189941406e+02, 3.077332458496094e+02, 3.0754296875e+02, 3.074380187988281e+02, 3.078659362792969e+02, 3.082339782714844e+02, 3.080580444335938e+02, 3.074104614257812e+02, 3.067594909667969e+02, 3.071702575683594e+02, 3.082413024902344e+02, 3.090393981933594e+02, 3.096241760253906e+02, 3.096504516601562e+02, 3.092503356933594e+02, 3.089562072753906e+02, 3.085426025390625e+02, 3.083497314453125e+02, 3.086396484375e+02, 3.133947448730469e+02, 3.131136474609375e+02, 3.12659912109375e+02, 3.129598999023438e+02, 3.132713623046875e+02, 3.132364807128906e+02, 3.12858154296875e+02, 3.123166198730469e+02, 3.117956237792969e+02, 3.126075439453125e+02, 3.132287902832031e+02, 3.138249816894531e+02, 3.143530578613281e+02]
temRet.T=[2.931499938964844e+02, 3.331814270019531e+02, 3.331688842773438e+02, 3.331614074707031e+02, 3.331571044921875e+02, 3.331546936035156e+02, 3.331532592773438e+02, 3.331521606445312e+02, 3.331510009765625e+02, 3.331508483886719e+02, 3.334349060058594e+02, 3.343750915527344e+02, 3.362527465820312e+02, 3.381334838867188e+02, 3.40017578125e+02, 3.419980163574219e+02, 3.453527221679688e+02, 3.383339843749995e+02, 3.38043212890625e+02, 3.549873962402344e+02, 3.457775268554688e+02, 3.394022216796875e+02, 3.414862670898438e+02, 3.493544311523438e+02, 3.546017150878906e+02, 3.578080749511719e+02, 3.555087890625e+02, 3.52486572265625e+02, 3.495746765136723e+02, 3.462325134277344e+02, 3.430452270507812e+02, 3.401725463867188e+02, 3.385795288085938e+02, 3.422322082519531e+02, 3.459490051269527e+02, 3.494829101562502e+02, 3.527060546875e+02, 3.5564501953125e+02, 3.498038635253906e+02, 3.43043701171875e+02, 3.510274658203125e+02, 3.419311828613281e+02, 3.388327941894531e+02, 3.554817504882812e+02, 3.458066711425781e+02, 3.382698059082031e+02, 3.486123962402344e+02, 3.513970031738281e+02, 3.416473693847656e+02, 3.429984436035156e+02, 3.529112548828125e+02, 3.406700439453125e+02, 3.518786926269531e+02, 3.376611633300781e+02, 3.525651245117188e+02, 3.396916809082035e+02, 3.532989501953128e+02, 3.397001037597656e+02, 3.545735473632812e+02, 3.433417358398438e+02, 3.378529052734375e+02, 3.538177490234375e+02, 3.496361083984375e+02, 3.416888732910156e+02, 3.384820556640625e+02, 3.519278259277344e+02, 3.520103759765625e+02, 3.510556640625e+02, 3.547137451171867e+02, 3.549386291503909e+02, 3.578529052734376e+02, 3.567357482910156e+02, 3.505888977050781e+02, 3.434670715332031e+02, 3.400176696777344e+02, 3.458702697753906e+02, 3.513515625e+02, 3.558781127929688e+02, 3.589656677246094e+02, 3.532206726074219e+02, 3.487325744628906e+02, 3.450283813476562e+02, 3.416327514648438e+02, 3.39457763671875e+02, 3.443008117675781e+02, 3.488854370117188e+02, 3.526570739746094e+02, 3.557204895019531e+02, 3.539439086914062e+02, 3.547674255371094e+02, 3.495927734375e+02, 3.448158264160156e+02, 3.409399108886719e+02, 3.377739562988281e+02, 3.418418884277344e+02, 3.472275390625e+02, 3.51903564453125e+02, 3.562493591308594e+02, 3.494891052246094e+02, 3.43364501953125e+02, 3.384817199707031e+02]
=======
vol.T=[2.931499938964844e+02, 2.818887634277344e+02, 2.860951232910156e+02, 2.884834899902344e+02, 2.898690490722656e+02, 2.9073291015625e+02, 2.913327331542969e+02, 2.917340393066406e+02, 2.9190576171875e+02, 2.920471801757812e+02, 2.922326354980469e+02, 2.922309875488281e+02, 2.922312316894531e+02, 2.922311706542969e+02, 2.922311096191406e+02, 2.922338256835938e+02, 2.922509155273438e+02, 2.922983703613281e+02, 2.925737609863281e+02, 2.926625671386719e+02, 2.927363586425781e+02, 2.927353515625e+02, 2.927888488769531e+02, 2.928678283691406e+02, 2.929406433105469e+02, 2.92994384765625e+02, 2.930169372558594e+02, 2.930196228027344e+02, 2.930291442871094e+02, 2.930318603515625e+02, 2.930243835449219e+02, 2.930327758789062e+02, 2.930532836914062e+02, 2.930803833007812e+02, 2.93105224609375e+02, 2.931187438964844e+02, 2.931104431152344e+02, 2.930737609863281e+02, 2.926501159667969e+02, 2.927002563476562e+02, 2.926508178710938e+02, 2.927271728515625e+02, 2.927679138183594e+02, 2.926941223144531e+02, 2.926940002441406e+02, 2.927584228515625e+02, 2.927416076660156e+02, 2.926853637695312e+02, 2.927143249511719e+02, 2.927246398925781e+02, 2.926702575683594e+02, 2.926498413085938e+02, 2.925542297363281e+02, 2.926355895996094e+02, 2.926140747070312e+02, 2.9264501953125e+02, 2.925909423828125e+02, 2.926340942382812e+02, 2.926159057617188e+02, 2.926793823242188e+02, 2.927589721679688e+02, 2.927164916992188e+02, 2.927148742675781e+02, 2.927675170898438e+02, 2.927831726074219e+02, 2.927361450195312e+02, 2.927373352050781e+02, 2.930852355957031e+02, 2.93155517578125e+02, 2.931874084472656e+02, 2.931967468261719e+02, 2.931842651367188e+02, 2.931843872070312e+02, 2.931869812011719e+02, 2.932096252441406e+02, 2.9325439453125e+02, 2.932825012207031e+02, 2.932671508789062e+02, 2.931878662109375e+02, 2.931006164550781e+02, 2.930622253417969e+02, 2.930597839355469e+02, 2.931064758300781e+02, 2.93181396484375e+02, 2.932203674316406e+02, 2.932190551757812e+02, 2.931715698242188e+02, 2.930975036621094e+02, 2.92737548828125e+02, 2.928390502929688e+02, 2.928733825683594e+02, 2.928567810058594e+02, 2.928340148925781e+02, 2.928382873535156e+02, 2.928704528808594e+02, 2.929131774902344e+02, 2.929481811523438e+02, 2.928818969726562e+02, 2.928145446777344e+02, 2.927665405273438e+02, 2.927667846679688e+02]
TOut.T=[2.609500122070312e+02, 2.608676452636719e+02, 2.609342651367188e+02, 2.61153564453125e+02, 2.614064331054688e+02, 2.616917419433594e+02, 2.619866027832031e+02, 2.621011047363281e+02, 2.620299682617188e+02, 2.62211181640625e+02, 2.625067138671875e+02, 2.625499877929688e+02, 2.625499877929688e+02, 2.625499877929688e+02, 2.625499877929688e+02, 2.625875549316406e+02, 2.628901062011719e+02, 2.632776489257812e+02, 2.637460632324219e+02, 2.6446923828125e+02, 2.655892028808594e+02, 2.665859985351562e+02, 2.674020080566406e+02, 2.682179870605469e+02, 2.690339965820312e+02, 2.698500061035156e+02, 2.704558715820312e+02, 2.709069213867188e+02, 2.715532531738281e+02, 2.720364685058594e+02, 2.720499877929688e+02, 2.720499877929688e+02, 2.720499877929688e+02, 2.720499877929688e+02, 2.720499877929688e+02, 2.720499877929688e+02, 2.719675598144531e+02, 2.716164855957031e+02, 2.713160400390625e+02, 2.71072998046875e+02, 2.710076599121094e+02, 2.717365112304688e+02, 2.720211181640625e+02, 2.716227111816406e+02, 2.714859924316406e+02, 2.718775329589844e+02, 2.7202783203125e+02, 2.717281494140625e+02, 2.714362182617188e+02, 2.714474182128906e+02, 2.714500122070312e+02, 2.704067077636719e+02, 2.692704162597656e+02, 2.696753845214844e+02, 2.703369750976562e+02, 2.701487121582031e+02, 2.698616027832031e+02, 2.69929931640625e+02, 2.702106018066406e+02, 2.708657531738281e+02, 2.718394165039062e+02, 2.721007690429688e+02, 2.720183410644531e+02, 2.721641845703125e+02, 2.724365844726562e+02, 2.725657043457031e+02, 2.72480224609375e+02, 2.7264599609375e+02, 2.729339904785156e+02, 2.732219848632812e+02, 2.73510009765625e+02, 2.738106079101562e+02, 2.744635620117188e+02, 2.748500061035156e+02, 2.748500061035156e+02, 2.748500061035156e+02, 2.748500061035156e+02, 2.748500061035156e+02, 2.742786560058594e+02, 2.732598266601562e+02, 2.727458801269531e+02, 2.725348205566406e+02, 2.729032287597656e+02, 2.736190795898438e+02, 2.73848876953125e+02, 2.738165588378906e+02, 2.734445495605469e+02, 2.726629028320312e+02, 2.727448425292969e+02, 2.734616394042969e+02, 2.738507690429688e+02, 2.740790100097656e+02, 2.743446655273438e+02, 2.746334838867188e+02, 2.749204406738281e+02, 2.751761474609375e+02, 2.753359069824219e+02, 2.740944213867188e+02, 2.731499938964844e+02, 2.731499938964844e+02, 2.731499938964844e+02]
boi.vol.T=[2.931499938964844e+02, 3.432210693359375e+02, 3.432076110839844e+02, 3.432001647949219e+02, 3.431955871582031e+02, 3.431929626464844e+02, 3.431915588378906e+02, 3.431904907226562e+02, 3.431893005371094e+02, 3.431890563964844e+02, 3.434231872558594e+02, 3.443434143066406e+02, 3.462153625488281e+02, 3.480955505371094e+02, 3.499794921875e+02, 3.519408874511719e+02, 3.552179870605469e+02, 3.44516937255859e+02, 3.485591430664062e+02, 3.598494567871094e+02, 3.550513610839844e+02, 3.485908203125e+02, 3.44806640625e+02, 3.530687866210938e+02, 3.586455383300781e+02, 3.632713012695312e+02, 3.601975402832031e+02, 3.567784729003906e+02, 3.535585632324222e+02, 3.501134033203125e+02, 3.467525329589844e+02, 3.440318603515625e+02, 3.4811865234375e+02, 3.519361877441406e+02, 3.554948425292965e+02, 3.589255065917972e+02, 3.629491882324219e+02, 3.597219848632812e+02, 3.525662841796875e+02, 3.575526123046875e+02, 3.474851684570312e+02, 3.547947692871094e+02, 3.589055786132812e+02, 3.501869201660156e+02, 3.480448303222656e+02, 3.615576171875e+02, 3.531037902832031e+02, 3.458417663574219e+02, 3.599775085449219e+02, 3.547146301269531e+02, 3.466248474121094e+02, 3.624263000488281e+02, 3.475135192871094e+02, 3.587662048339844e+02, 3.472952270507812e+02, 3.616031188964847e+02, 3.484169921875003e+02, 3.616816711425778e+02, 3.492062072753906e+02, 3.562703857421875e+02, 3.574742431640625e+02, 3.499151000976562e+02, 3.45572265625e+02, 3.625177917480469e+02, 3.559155883789062e+02, 3.494037475585938e+02, 3.449592895507812e+02, 3.614686889648438e+02, 3.572141723632806e+02, 3.591257324218756e+02, 3.6347918701172e+02, 3.581088256835938e+02, 3.518311767578125e+02, 3.443256530761719e+02, 3.485835266113281e+02, 3.538571166992188e+02, 3.585361022949219e+02, 3.629783325195312e+02, 3.554448852539062e+02, 3.507726135253906e+02, 3.468936157226562e+02, 3.441392517089844e+02, 3.487341613769531e+02, 3.531977844238281e+02, 3.572298278808594e+02, 3.612769165039062e+02, 3.598697509765625e+02, 3.551977844238281e+02, 3.548104248046875e+02, 3.60374267578125e+02, 3.596301879882812e+02, 3.544817504882812e+02, 3.502550964355469e+02, 3.464333801269531e+02, 3.456168823242188e+02, 3.515010986328125e+02, 3.566296081542969e+02, 3.619327087402344e+02, 3.549844665527344e+02, 3.4946337890625e+02, 3.436305847167969e+02]
temSup.T=[2.931499938964844e+02, 3.07875e+02, 3.140966186523438e+02, 3.174223022460938e+02, 3.192905883789062e+02, 3.204019775390625e+02, 3.211287536621094e+02, 3.216308898925781e+02, 3.219028015136719e+02, 3.220497436523438e+02, 3.219536743164062e+02, 3.219889831542969e+02, 3.219855346679688e+02, 3.219853820800781e+02, 3.219852905273438e+02, 3.219498291015625e+02, 3.217114868164062e+02, 3.190610046386719e+02, 3.170436401367188e+02, 3.157884521484375e+02, 3.149553527832031e+02, 3.146148986816406e+02, 3.134317321777344e+02, 3.125243835449219e+02, 3.117936401367188e+02, 3.113070373535156e+02, 3.110168762207031e+02, 3.109201965332031e+02, 3.106328430175781e+02, 3.103478393554688e+02, 3.101632080078125e+02, 3.0985546875e+02, 3.096251525878906e+02, 3.0938330078125e+02, 3.092482604980469e+02, 3.093136901855469e+02, 3.096766052246094e+02, 3.101925048828125e+02, 3.149791564941406e+02, 3.153980102539062e+02, 3.157701721191406e+02, 3.146212158203125e+02, 3.144743347167969e+02, 3.153619689941406e+02, 3.148949584960938e+02, 3.145628967285156e+02, 3.148227844238281e+02, 3.150556030273438e+02, 3.150336608886719e+02, 3.151050109863281e+02, 3.153763732910156e+02, 3.159992065429688e+02, 3.17187255859375e+02, 3.163117980957031e+02, 3.162813720703125e+02, 3.161004638671875e+02, 3.167368774414062e+02, 3.162607116699219e+02, 3.1643798828125e+02, 3.153726501464844e+02, 3.146337280273438e+02, 3.150084838867188e+02, 3.145227661132812e+02, 3.14386474609375e+02, 3.1428955078125e+02, 3.146741027832031e+02, 3.14178955078125e+02, 3.06629150390625e+02, 3.084009094238282e+02, 3.083537597656251e+02, 3.084756164550782e+02, 3.085711059570312e+02, 3.082663269042969e+02, 3.076692199707031e+02, 3.073451232910156e+02, 3.069569702148438e+02, 3.069633483886719e+02, 3.074613952636719e+02, 3.083880004882812e+02, 3.093877563476562e+02, 3.096246032714844e+02, 3.094681396484375e+02, 3.088729553222656e+02, 3.079843139648438e+02, 3.077404479980469e+02, 3.080883178710938e+02, 3.087800903320312e+02, 3.097081298828125e+02, 3.137515563964844e+02, 3.133033142089844e+02, 3.130226440429688e+02, 3.132061157226562e+02, 3.132896728515625e+02, 3.128619689941406e+02, 3.122451782226562e+02, 3.117955627441406e+02, 3.115399169921875e+02, 3.128272399902344e+02, 3.138345642089844e+02, 3.142276306152344e+02, 3.137040405273438e+02]
TSetSup.y=[3.086499938964844e+02, 3.231499938964844e+02, 3.231499938964844e+02, 3.231499938964844e+02, 3.231499938964844e+02, 3.231499938964844e+02, 3.231499938964844e+02, 3.231499938964844e+02, 3.231499938964844e+02, 3.231499938964844e+02, 3.2195166015625e+02, 3.219755859375e+02, 3.219719848632812e+02, 3.21972900390625e+02, 3.219736938476562e+02, 3.219347534179688e+02, 3.216867065429688e+02, 3.209986877441407e+02, 3.170054931640625e+02, 3.157179565429688e+02, 3.146475830078125e+02, 3.146625366210938e+02, 3.138868713378906e+02, 3.127413024902344e+02, 3.116858215332031e+02, 3.109062805175781e+02, 3.105794067382812e+02, 3.105403137207031e+02, 3.104023437499999e+02, 3.103630065917969e+02, 3.104713439941406e+02, 3.10349853515625e+02, 3.100525817871094e+02, 3.096593017578125e+02, 3.092994384765626e+02, 3.091030578613281e+02, 3.092237548828125e+02, 3.097553100585938e+02, 3.158983154296875e+02, 3.151714477539062e+02, 3.158880920410156e+02, 3.147811889648438e+02, 3.141904602050781e+02, 3.152604064941406e+02, 3.152618103027344e+02, 3.14327880859375e+02, 3.145717163085938e+02, 3.153872985839844e+02, 3.149673767089844e+02, 3.148178100585938e+02, 3.156063842773438e+02, 3.159023132324219e+02, 3.172888793945312e+02, 3.161091003417969e+02, 3.164207153320312e+02, 3.159721069335938e+02, 3.167564392089843e+02, 3.161305847167969e+02, 3.163941650390625e+02, 3.154740295410156e+02, 3.143197326660156e+02, 3.149359130859375e+02, 3.149594421386719e+02, 3.141959838867188e+02, 3.139688720703125e+02, 3.146510009765625e+02, 3.146334838867188e+02, 3.095888977050781e+02, 3.085698242187501e+02, 3.081074523925781e+02, 3.079722290039063e+02, 3.081531677246094e+02, 3.081512756347656e+02, 3.081138610839844e+02, 3.07785400390625e+02, 3.071363220214844e+02, 3.067286376953125e+02, 3.069514770507812e+02, 3.081007690429688e+02, 3.093660278320312e+02, 3.099229125976562e+02, 3.099579772949219e+02, 3.092810363769531e+02, 3.081947326660156e+02, 3.076298217773438e+02, 3.076484985351562e+02, 3.083373107910156e+02, 3.094111328125e+02, 3.146305847167969e+02, 3.131587219238281e+02, 3.126611328125e+02, 3.129017639160156e+02, 3.1323193359375e+02, 3.131699829101562e+02, 3.127034301757812e+02, 3.12083984375e+02, 3.115763244628906e+02, 3.125375061035156e+02, 3.135138854980469e+02, 3.142101440429688e+02, 3.142067565917969e+02]
temRet.T=[2.931499938964844e+02, 3.331817626953125e+02, 3.331690063476562e+02, 3.331616821289062e+02, 3.331571960449219e+02, 3.331546325683594e+02, 3.331532592773438e+02, 3.331521911621094e+02, 3.331510009765625e+02, 3.331508483886719e+02, 3.334167175292969e+02, 3.343769836425781e+02, 3.362523498535156e+02, 3.381327209472656e+02, 3.40016845703125e+02, 3.419972534179688e+02, 3.453522033691406e+02, 3.37237884521484e+02, 3.395875549316406e+02, 3.551130676269531e+02, 3.47088134765625e+02, 3.403690490722656e+02, 3.406825256347656e+02, 3.493366088867188e+02, 3.552293090820312e+02, 3.568912353515625e+02, 3.532803039550781e+02, 3.497112731933594e+02, 3.463853149414066e+02, 3.428562927246094e+02, 3.39511962890625e+02, 3.40615478515625e+02, 3.4489404296875e+02, 3.489436340332031e+02, 3.52673675537109e+02, 3.561278076171876e+02, 3.575146179199219e+02, 3.529052124023438e+02, 3.478628540039062e+02, 3.493738403320312e+02, 3.389971313476562e+02, 3.504746398925781e+02, 3.510917358398438e+02, 3.417662353515625e+02, 3.435752258300781e+02, 3.537353515625e+02, 3.44990966796875e+02, 3.375093383789062e+02, 3.553878173828125e+02, 3.466474304199219e+02, 3.382202453613281e+02, 3.539580078125e+02, 3.3860107421875e+02, 3.504847717285156e+02, 3.386785278320312e+02, 3.532174682617191e+02, 3.396364746093753e+02, 3.532783813476559e+02, 3.405446472167969e+02, 3.517416687011719e+02, 3.4965380859375e+02, 3.415810852050781e+02, 3.411560363769531e+02, 3.559364624023438e+02, 3.480948791503906e+02, 3.411257934570312e+02, 3.406136779785156e+02, 3.594352111816406e+02, 3.546112976074212e+02, 3.56571990966797e+02, 3.575593261718741e+02, 3.515972290039062e+02, 3.451753234863281e+02, 3.396181335449219e+02, 3.458529663085938e+02, 3.5151611328125e+02, 3.563121032714844e+02, 3.56878662109375e+02, 3.487581787109375e+02, 3.436871337890625e+02, 3.397502746582031e+02, 3.408056640625e+02, 3.457445678710938e+02, 3.506343994140625e+02, 3.548282470703125e+02, 3.586621398925781e+02, 3.5332666015625e+02, 3.482269287109375e+02, 3.504721374511719e+02, 3.563521728515625e+02, 3.522273864746094e+02, 3.468047485351562e+02, 3.423248596191406e+02, 3.38606689453125e+02, 3.417379455566406e+02, 3.478897705078125e+02, 3.531961975097656e+02, 3.544861145019531e+02, 3.472071228027344e+02, 3.412876586914062e+02, 3.384966735839844e+02]
>>>>>>> master
TSetBoiRet.y=[3.331499938964844e+02, 3.331499938964844e+02]
