<<<<<<< HEAD
last-generated=2022-08-05
=======
last-generated=2024-09-13
>>>>>>> master
statistics-initialization=
{
  "nonlinear": "0, 1, 1, 1, 5, 2, 1, 1, 4, 0, 1, 1, 1",
  "numerical Jacobians": "0"
}
statistics-simulation=
{
  "linear": "0, 2",
  "nonlinear": "1, 1, 0, 5, 2, 1, 1, 1, 1, 1",
<<<<<<< HEAD
  "number of continuous time states": "42",
=======
  "number of continuous time states": "41",
>>>>>>> master
  "numerical Jacobians": "0"
}
time=[0e+00, 8.64e+04]
cooModCon.y=[1e+00, 1e+00, 2e+00, 1e+00, 1e+00, 1e+00, 1e+00, 1e+00, 1e+00, 1e+00, 1e+00, 1e+00, 1e+00, 1e+00, 1e+00, 1e+00, 1e+00, 1e+00, 1e+00, 1e+00, 1e+00, 1e+00, 1e+00, 1e+00, 1e+00, 1e+00, 1e+00, 1e+00, 1e+00, 1e+00, 1e+00, 1e+00, 1e+00, 1e+00, 1e+00, 1e+00, 1e+00, 1e+00, 1e+00, 1e+00, 2e+00, 2e+00, 2e+00, 2e+00, 2e+00, 2e+00, 2e+00, 2e+00, 2e+00, 2e+00, 2e+00, 2e+00, 2e+00, 2e+00, 2e+00, 2e+00, 2e+00, 2e+00, 2e+00, 2e+00, 2e+00, 2e+00, 2e+00, 2e+00, 2e+00, 2e+00, 2e+00, 2e+00, 2e+00, 2e+00, 2e+00, 2e+00, 2e+00, 2e+00, 2e+00, 2e+00, 2e+00, 2e+00, 2e+00, 1e+00, 1e+00, 1e+00, 1e+00, 1e+00, 1e+00, 1e+00, 1e+00, 1e+00, 1e+00, 1e+00, 1e+00, 1e+00, 1e+00, 1e+00, 1e+00, 1e+00, 1e+00, 1e+00, 1e+00, 1e+00, 1e+00]
chiOn[1].u=[0e+00, 0e+00, 1e+00, 0e+00, 0e+00, 0e+00, 0e+00, 0e+00, 0e+00, 0e+00, 0e+00, 0e+00, 0e+00, 0e+00, 0e+00, 0e+00, 0e+00, 0e+00, 0e+00, 0e+00, 0e+00, 0e+00, 0e+00, 0e+00, 0e+00, 0e+00, 0e+00, 0e+00, 0e+00, 0e+00, 0e+00, 0e+00, 0e+00, 0e+00, 0e+00, 0e+00, 0e+00, 0e+00, 0e+00, 0e+00, 1e+00, 1e+00, 1e+00, 1e+00, 1e+00, 1e+00, 1e+00, 1e+00, 1e+00, 1e+00, 1e+00, 1e+00, 1e+00, 1e+00, 1e+00, 1e+00, 1e+00, 1e+00, 1e+00, 1e+00, 1e+00, 1e+00, 1e+00, 1e+00, 1e+00, 1e+00, 1e+00, 1e+00, 1e+00, 1e+00, 1e+00, 1e+00, 1e+00, 1e+00, 1e+00, 1e+00, 1e+00, 1e+00, 1e+00, 0e+00, 0e+00, 0e+00, 0e+00, 0e+00, 0e+00, 0e+00, 0e+00, 0e+00, 0e+00, 0e+00, 0e+00, 0e+00, 0e+00, 0e+00, 0e+00, 0e+00, 0e+00, 0e+00, 0e+00, 0e+00, 0e+00]
chiOn[2].u=[0e+00, 0e+00, 0e+00, 0e+00, 0e+00, 0e+00, 0e+00, 0e+00, 0e+00, 0e+00, 0e+00, 0e+00, 0e+00, 0e+00, 0e+00, 0e+00, 0e+00, 0e+00, 0e+00, 0e+00, 0e+00, 0e+00, 0e+00, 0e+00, 0e+00, 0e+00, 0e+00, 0e+00, 0e+00, 0e+00, 0e+00, 0e+00, 0e+00, 0e+00, 0e+00, 0e+00, 0e+00, 0e+00, 0e+00, 0e+00, 0e+00, 0e+00, 0e+00, 0e+00, 0e+00, 0e+00, 0e+00, 0e+00, 0e+00, 0e+00, 0e+00, 0e+00, 0e+00, 0e+00, 0e+00, 0e+00, 0e+00, 0e+00, 0e+00, 0e+00, 0e+00, 0e+00, 0e+00, 0e+00, 0e+00, 0e+00, 0e+00, 0e+00, 0e+00, 0e+00, 0e+00, 0e+00, 0e+00, 0e+00, 0e+00, 0e+00, 0e+00, 0e+00, 0e+00, 0e+00, 0e+00, 0e+00, 0e+00, 0e+00, 0e+00, 0e+00, 0e+00, 0e+00, 0e+00, 0e+00, 0e+00, 0e+00, 0e+00, 0e+00, 0e+00, 0e+00, 0e+00, 0e+00, 0e+00, 0e+00, 0e+00]
wseOn.y=[1e+00, 1e+00, 1e+00, 1e+00, 1e+00, 1e+00, 1e+00, 1e+00, 1e+00, 1e+00, 1e+00, 1e+00, 1e+00, 1e+00, 1e+00, 1e+00, 1e+00, 1e+00, 1e+00, 1e+00, 1e+00, 1e+00, 1e+00, 1e+00, 1e+00, 1e+00, 1e+00, 1e+00, 1e+00, 1e+00, 1e+00, 1e+00, 1e+00, 1e+00, 1e+00, 1e+00, 1e+00, 1e+00, 1e+00, 1e+00, 1e+00, 1e+00, 1e+00, 1e+00, 1e+00, 1e+00, 1e+00, 1e+00, 1e+00, 1e+00, 1e+00, 1e+00, 1e+00, 1e+00, 1e+00, 1e+00, 1e+00, 1e+00, 1e+00, 1e+00, 1e+00, 1e+00, 1e+00, 1e+00, 1e+00, 1e+00, 1e+00, 1e+00, 1e+00, 1e+00, 1e+00, 1e+00, 1e+00, 1e+00, 1e+00, 1e+00, 1e+00, 1e+00, 1e+00, 1e+00, 1e+00, 1e+00, 1e+00, 1e+00, 1e+00, 1e+00, 1e+00, 1e+00, 1e+00, 1e+00, 1e+00, 1e+00, 1e+00, 1e+00, 1e+00, 1e+00, 1e+00, 1e+00, 1e+00, 1e+00, 1e+00]
<<<<<<< HEAD
TCWSup.T=[2.931499938964844e+02, 2.73347900390625e+02, 2.746831359863281e+02, 2.7520068359375e+02, 2.759330139160156e+02, 2.759974975585938e+02, 2.761566162109375e+02, 2.763737182617188e+02, 2.766229858398438e+02, 2.768840942382812e+02, 2.771449890136719e+02, 2.7741015625e+02, 2.776893615722656e+02, 2.781365051269531e+02, 2.787926635742188e+02, 2.781061096191406e+02, 2.779468383789062e+02, 2.777842407226562e+02, 2.776109008789062e+02, 2.774332580566406e+02, 2.772557067871094e+02, 2.771443176269531e+02, 2.770573120117188e+02, 2.770232238769531e+02, 2.770230102539062e+02, 2.770359802246094e+02, 2.770888977050781e+02, 2.771332092285156e+02, 2.771549072265625e+02, 2.772397766113281e+02, 2.773890991210938e+02, 2.773305969238281e+02, 2.772079162597656e+02, 2.771734924316406e+02, 2.773251037597656e+02, 2.775298156738281e+02, 2.777813415527344e+02, 2.780857238769531e+02, 2.784515075683594e+02, 2.788629150390625e+02, 2.788743286132812e+02, 2.791773681640625e+02, 2.793438720703125e+02, 2.793620910644531e+02, 2.793569641113281e+02, 2.793870544433594e+02, 2.79510009765625e+02, 2.797088012695312e+02, 2.799260559082031e+02, 2.801306457519531e+02, 2.80289794921875e+02, 2.803843078613281e+02, 2.804345397949219e+02, 2.804640197753906e+02, 2.804959716796875e+02, 2.805666809082031e+02, 2.806805725097656e+02, 2.807735290527344e+02, 2.807877197265625e+02, 2.807051391601562e+02, 2.806310119628906e+02, 2.805754089355469e+02, 2.805343933105469e+02, 2.805058288574219e+02, 2.804937438964844e+02, 2.80484375e+02, 2.804609985351562e+02, 2.803967895507812e+02, 2.801282958984375e+02, 2.797055053710938e+02, 2.792674255371094e+02, 2.789532165527344e+02, 2.78791259765625e+02, 2.786951599121094e+02, 2.785975646972656e+02, 2.784306945800781e+02, 2.781642761230469e+02, 2.778497619628906e+02, 2.775544738769531e+02, 2.78436279296875e+02, 2.772492065429688e+02, 2.771277770996094e+02, 2.770846557617188e+02, 2.770616760253906e+02, 2.770469360351562e+02, 2.770495910644531e+02, 2.770549011230469e+02, 2.770618286132812e+02, 2.770671691894531e+02, 2.770682067871094e+02, 2.770705871582031e+02, 2.770742492675781e+02, 2.770806884765625e+02, 2.770913391113281e+02, 2.77096435546875e+02, 2.770957336425781e+02, 2.770871887207031e+02, 2.770564575195312e+02, 2.770428771972656e+02, 2.770508117675781e+02, 2.770744934082031e+02]
TCWRet.T=[2.931499938964844e+02, 2.733479309082031e+02, 2.753102722167969e+02, 2.755273132324219e+02, 2.762015991210938e+02, 2.762692565917969e+02, 2.764425659179688e+02, 2.766817626953125e+02, 2.769586791992188e+02, 2.772513732910156e+02, 2.775465087890625e+02, 2.778472290039062e+02, 2.781622314453125e+02, 2.786700744628906e+02, 2.793977966308594e+02, 2.78802978515625e+02, 2.786784057617188e+02, 2.785533142089844e+02, 2.784197387695312e+02, 2.782828063964844e+02, 2.781453552246094e+02, 2.780572204589844e+02, 2.779877624511719e+02, 2.779628601074219e+02, 2.780125122070312e+02, 2.780762023925781e+02, 2.781723022460938e+02, 2.78251220703125e+02, 2.783067016601562e+02, 2.784264831542969e+02, 2.786259460449219e+02, 2.786154479980469e+02, 2.785351867675781e+02, 2.785392456054688e+02, 2.787300415039062e+02, 2.789741516113281e+02, 2.792667236328125e+02, 2.796131896972656e+02, 2.800212097167969e+02, 2.804750061035156e+02, 2.803483581542969e+02, 2.807359619140625e+02, 2.809843139648438e+02, 2.810373229980469e+02, 2.810578308105469e+02, 2.811056823730469e+02, 2.812405395507812e+02, 2.814495239257812e+02, 2.816747741699219e+02, 2.818857727050781e+02, 2.820501403808594e+02, 2.821481628417969e+02, 2.822002868652344e+02, 2.822305297851562e+02, 2.822625732421875e+02, 2.823326721191406e+02, 2.82447509765625e+02, 2.825425720214844e+02, 2.825591735839844e+02, 2.824766845703125e+02, 2.824012451171875e+02, 2.823446044921875e+02, 2.823028259277344e+02, 2.822735900878906e+02, 2.822611083984375e+02, 2.822517700195312e+02, 2.822286071777344e+02, 2.821658935546875e+02, 2.818994445800781e+02, 2.814739685058594e+02, 2.810299682617188e+02, 2.807083435058594e+02, 2.805423278808594e+02, 2.804444580078125e+02, 2.803465576171875e+02, 2.801802062988281e+02, 2.799121398925781e+02, 2.795920715332031e+02, 2.792900695800781e+02, 2.801687927246094e+02, 2.789619750976562e+02, 2.787977600097656e+02, 2.787496032714844e+02, 2.787394409179688e+02, 2.787362060546875e+02, 2.787487182617188e+02, 2.787623291015625e+02, 2.787757873535156e+02, 2.787860107421875e+02, 2.787903442382812e+02, 2.787947692871094e+02, 2.787995300292969e+02, 2.788062438964844e+02, 2.788168029785156e+02, 2.788215026855469e+02, 2.788202514648438e+02, 2.78811279296875e+02, 2.787798156738281e+02, 2.787657165527344e+02, 2.787732238769531e+02, 2.787966003417969e+02]
TCWSupSet.y=[2.887099914550781e+02, 2.887099914550781e+02, 2.887099914550781e+02, 2.887099914550781e+02, 2.887099914550781e+02, 2.887099914550781e+02, 2.887099914550781e+02, 2.887099914550781e+02, 2.887099914550781e+02, 2.887099914550781e+02, 2.887099914550781e+02, 2.887099914550781e+02, 2.887099914550781e+02, 2.887099914550781e+02, 2.887099914550781e+02, 2.887099914550781e+02, 2.887099914550781e+02, 2.887099914550781e+02, 2.887099914550781e+02, 2.887099914550781e+02, 2.887099914550781e+02, 2.887099914550781e+02, 2.887099914550781e+02, 2.887099914550781e+02, 2.887099914550781e+02, 2.887099914550781e+02, 2.887099914550781e+02, 2.887099914550781e+02, 2.887099914550781e+02, 2.887099914550781e+02, 2.887099914550781e+02, 2.887099914550781e+02, 2.887099914550781e+02, 2.887099914550781e+02, 2.887099914550781e+02, 2.887099914550781e+02, 2.887099914550781e+02, 2.887099914550781e+02, 2.887099914550781e+02, 2.887099914550781e+02, 2.887099914550781e+02, 2.887099914550781e+02, 2.887099914550781e+02, 2.887099914550781e+02, 2.887099914550781e+02, 2.887099914550781e+02, 2.887099914550781e+02, 2.887099914550781e+02, 2.887099914550781e+02, 2.887099914550781e+02, 2.887099914550781e+02, 2.887099914550781e+02, 2.887099914550781e+02, 2.887099914550781e+02, 2.887099914550781e+02, 2.887099914550781e+02, 2.887099914550781e+02, 2.887099914550781e+02, 2.887099914550781e+02, 2.887099914550781e+02, 2.887099914550781e+02, 2.887099914550781e+02, 2.887099914550781e+02, 2.887099914550781e+02, 2.887099914550781e+02, 2.887099914550781e+02, 2.887099914550781e+02, 2.887099914550781e+02, 2.887099914550781e+02, 2.887099914550781e+02, 2.887099914550781e+02, 2.887099914550781e+02, 2.887099914550781e+02, 2.887099914550781e+02, 2.887099914550781e+02, 2.887099914550781e+02, 2.887099914550781e+02, 2.887099914550781e+02, 2.887099914550781e+02, 2.887099914550781e+02, 2.887099914550781e+02, 2.887099914550781e+02, 2.887099914550781e+02, 2.887099914550781e+02, 2.887099914550781e+02, 2.887099914550781e+02, 2.887099914550781e+02, 2.887099914550781e+02, 2.887099914550781e+02, 2.887099914550781e+02, 2.887099914550781e+02, 2.887099914550781e+02, 2.887099914550781e+02, 2.887099914550781e+02, 2.887099914550781e+02, 2.887099914550781e+02, 2.887099914550781e+02, 2.887099914550781e+02, 2.887099914550781e+02, 2.887099914550781e+02, 2.887099914550781e+02]
TCHWSup.T=[2.931499938964844e+02, 2.931499938964844e+02, 2.774283142089844e+02, 2.765774536132812e+02, 2.771148986816406e+02, 2.7719091796875e+02, 2.774109802246094e+02, 2.777243041992188e+02, 2.780946655273438e+02, 2.784944458007812e+02, 2.789058227539062e+02, 2.793271179199219e+02, 2.797636413574219e+02, 2.804699096679688e+02, 2.814440002441406e+02, 2.811716613769531e+02, 2.811644592285156e+02, 2.811668395996094e+02, 2.811684265136719e+02, 2.811697998046875e+02, 2.811687316894531e+02, 2.811598510742188e+02, 2.811502380371094e+02, 2.811438293457031e+02, 2.811405944824219e+02, 2.811509399414062e+02, 2.811927185058594e+02, 2.812254333496094e+02, 2.812382507324219e+02, 2.812988891601562e+02, 2.81413818359375e+02, 2.813680419921875e+02, 2.812709350585938e+02, 2.812414855957031e+02, 2.813578796386719e+02, 2.815158386230469e+02, 2.817107238769531e+02, 2.81947265625e+02, 2.822321166992188e+02, 2.825524291992188e+02, 2.811304626464844e+02, 2.811500244140625e+02, 2.811500244140625e+02, 2.811500244140625e+02, 2.811500244140625e+02, 2.811500244140625e+02, 2.811500244140625e+02, 2.811500244140625e+02, 2.811500244140625e+02, 2.811500244140625e+02, 2.811500244140625e+02, 2.811500244140625e+02, 2.811500244140625e+02, 2.811500244140625e+02, 2.811500244140625e+02, 2.811500244140625e+02, 2.811500244140625e+02, 2.811500244140625e+02, 2.811500244140625e+02, 2.811500244140625e+02, 2.811500244140625e+02, 2.811500244140625e+02, 2.811500244140625e+02, 2.811500244140625e+02, 2.811500244140625e+02, 2.811500244140625e+02, 2.811500244140625e+02, 2.811500244140625e+02, 2.811500244140625e+02, 2.811500244140625e+02, 2.811500244140625e+02, 2.811500244140625e+02, 2.811500244140625e+02, 2.811500244140625e+02, 2.811500244140625e+02, 2.811500244140625e+02, 2.811500244140625e+02, 2.811500244140625e+02, 2.811500244140625e+02, 2.822954406738281e+02, 2.813074951171875e+02, 2.811889038085938e+02, 2.811416931152344e+02, 2.811181640625e+02, 2.811065979003906e+02, 2.811094360351562e+02, 2.811149597167969e+02, 2.811220092773438e+02, 2.811277465820312e+02, 2.811300354003906e+02, 2.811331481933594e+02, 2.811369934082031e+02, 2.811427612304688e+02, 2.81151611328125e+02, 2.811559753417969e+02, 2.811556396484375e+02, 2.811491088867188e+02, 2.811250305175781e+02, 2.811143188476562e+02, 2.811204528808594e+02, 2.811389465332031e+02]
TCHWRet.T=[2.931499938964844e+02, 2.931499938964844e+02, 2.846921081542969e+02, 2.824761352539062e+02, 2.818401489257812e+02, 2.819733581542969e+02, 2.824442138671875e+02, 2.83146728515625e+02, 2.840037231445312e+02, 2.849590148925781e+02, 2.859726257324219e+02, 2.870192260742188e+02, 2.880865173339844e+02, 2.898641662597656e+02, 2.920984497070312e+02, 2.934213256835938e+02, 2.940274963378906e+02, 2.946890563964844e+02, 2.953900146484375e+02, 2.961072998046875e+02, 2.968125e+02, 2.972168273925781e+02, 2.975174560546875e+02, 2.976266784667969e+02, 2.976102294921875e+02, 2.976080627441406e+02, 2.976086730957031e+02, 2.975968017578125e+02, 2.975736999511719e+02, 2.975516052246094e+02, 2.975092163085938e+02, 2.975086059570312e+02, 2.97517578125e+02, 2.975172729492188e+02, 2.974980773925781e+02, 2.974698791503906e+02, 2.974389343261719e+02, 2.974054565429688e+02, 2.973686828613281e+02, 2.973238830566406e+02, 2.976134033203125e+02, 2.974631042480469e+02, 2.973915405273438e+02, 2.97360595703125e+02, 2.973526306152344e+02, 2.973541259765625e+02, 2.973598022460938e+02, 2.973668518066406e+02, 2.973736267089844e+02, 2.973793334960938e+02, 2.973838195800781e+02, 2.973871459960938e+02, 2.973894958496094e+02, 2.973911437988281e+02, 2.973922119140625e+02, 2.973928833007812e+02, 2.973932800292969e+02, 2.973934936523438e+02, 2.973936157226562e+02, 2.973936767578125e+02, 2.973937072753906e+02, 2.973937072753906e+02, 2.973937072753906e+02, 2.973937377929688e+02, 2.973937683105469e+02, 2.973938293457031e+02, 2.973939208984375e+02, 2.973939208984375e+02, 2.973938598632812e+02, 2.973938598632812e+02, 2.973938598632812e+02, 2.973938598632812e+02, 2.97393798828125e+02, 2.973937377929688e+02, 2.973937072753906e+02, 2.973936767578125e+02, 2.973936767578125e+02, 2.973936462402344e+02, 2.973936157226562e+02, 2.974884338378906e+02, 2.975831604003906e+02, 2.974542541503906e+02, 2.973742370605469e+02, 2.973457336425781e+02, 2.973468627929688e+02, 2.973488464355469e+02, 2.973541870117188e+02, 2.973610229492188e+02, 2.973680114746094e+02, 2.97375244140625e+02, 2.9738134765625e+02, 2.973861999511719e+02, 2.973898315429688e+02, 2.973916931152344e+02, 2.973930358886719e+02, 2.973941040039062e+02, 2.973950805664062e+02, 2.97397705078125e+02, 2.973993530273438e+02, 2.973990478515625e+02, 2.973973083496094e+02]
TCHWSupSet.y=[2.811499938964844e+02, 2.811499938964844e+02]
chiWSE.TCHWSupWSE=[2.931499938964844e+02, 2.931499938964844e+02, 2.767173767089844e+02, 2.766080017089844e+02, 2.771144714355469e+02, 2.771917114257812e+02, 2.7741259765625e+02, 2.777264099121094e+02, 2.780970458984375e+02, 2.784969787597656e+02, 2.789084167480469e+02, 2.793298034667969e+02, 2.797664794921875e+02, 2.804766845703125e+02, 2.814493408203125e+02, 2.81171142578125e+02, 2.811642761230469e+02, 2.811666564941406e+02, 2.811682434082031e+02, 2.811696166992188e+02, 2.8116845703125e+02, 2.811596069335938e+02, 2.811499328613281e+02, 2.811438293457031e+02, 2.811404113769531e+02, 2.811505432128906e+02, 2.811925964355469e+02, 2.812255554199219e+02, 2.812383728027344e+02, 2.813001403808594e+02, 2.814134521484375e+02, 2.813671875e+02, 2.812703857421875e+02, 2.8124169921875e+02, 2.813585205078125e+02, 2.815165710449219e+02, 2.817114868164062e+02, 2.819481506347656e+02, 2.82233154296875e+02, 2.825534057617188e+02, 2.826133422851562e+02, 2.828309631347656e+02, 2.829526672363281e+02, 2.829622192382812e+02, 2.829568176269531e+02, 2.8298095703125e+02, 2.830798950195312e+02, 2.832400207519531e+02, 2.834150390625e+02, 2.83579833984375e+02, 2.83708251953125e+02, 2.837847290039062e+02, 2.838254699707031e+02, 2.838493957519531e+02, 2.838750610351562e+02, 2.839314575195312e+02, 2.840226135253906e+02, 2.840972290039062e+02, 2.841090698242188e+02, 2.84043212890625e+02, 2.839838562011719e+02, 2.839393005371094e+02, 2.839064025878906e+02, 2.838834838867188e+02, 2.83873779296875e+02, 2.838663330078125e+02, 2.838477478027344e+02, 2.837968444824219e+02, 2.835830383300781e+02, 2.832452087402344e+02, 2.828945007324219e+02, 2.826423034667969e+02, 2.825122985839844e+02, 2.824352722167969e+02, 2.823573303222656e+02, 2.822242736816406e+02, 2.820115051269531e+02, 2.817599487304688e+02, 2.815234375e+02, 2.822760314941406e+02, 2.813110961914062e+02, 2.811908569335938e+02, 2.811423034667969e+02, 2.81118408203125e+02, 2.811067810058594e+02, 2.811094360351562e+02, 2.811148681640625e+02, 2.811217956542969e+02, 2.811275024414062e+02, 2.811297912597656e+02, 2.811329040527344e+02, 2.811367797851562e+02, 2.81142578125e+02, 2.811514587402344e+02, 2.811558227539062e+02, 2.811554565429688e+02, 2.8114892578125e+02, 2.811248168945312e+02, 2.811141967773438e+02, 2.811203918457031e+02, 2.81138916015625e+02]
TAirSup.T=[2.931499938964844e+02, 2.935303344726562e+02, 2.82124755859375e+02, 2.812230529785156e+02, 2.810041198730469e+02, 2.811531066894531e+02, 2.815709838867188e+02, 2.821746520996094e+02, 2.82903076171875e+02, 2.837120056152344e+02, 2.845699462890625e+02, 2.854578552246094e+02, 2.863671264648438e+02, 2.880193481445312e+02, 2.889047546386719e+02, 2.8938720703125e+02, 2.896569519042969e+02, 2.90026123046875e+02, 2.904336853027344e+02, 2.908570556640625e+02, 2.911499938964844e+02, 2.911499938964844e+02, 2.911499938964844e+02, 2.911970520019531e+02, 2.911499938964844e+02, 2.911624450683594e+02, 2.91220458984375e+02, 2.912477722167969e+02, 2.91229248046875e+02, 2.912095947265625e+02, 2.911499938964844e+02, 2.911513977050781e+02, 2.911840209960938e+02, 2.912088012695312e+02, 2.912144470214844e+02, 2.912083129882812e+02, 2.912018127441406e+02, 2.911998901367188e+02, 2.91204833984375e+02, 2.912069702148438e+02, 2.921655883789062e+02, 2.917035217285156e+02, 2.913919067382812e+02, 2.912420349121094e+02, 2.911623229980469e+02, 2.911249084472656e+02, 2.911114196777344e+02, 2.911106567382812e+02, 2.911156616210938e+02, 2.911224975585938e+02, 2.911292419433594e+02, 2.911350402832031e+02, 2.911396484375e+02, 2.911431274414062e+02, 2.911456909179688e+02, 2.911473388671875e+02, 2.911484069824219e+02, 2.911490783691406e+02, 2.911495056152344e+02, 2.911497497558594e+02, 2.911498413085938e+02, 2.9114990234375e+02, 2.911499328613281e+02, 2.911499633789062e+02, 2.911500549316406e+02, 2.911502075195312e+02, 2.911504211425781e+02, 2.911505126953125e+02, 2.91150390625e+02, 2.911504211425781e+02, 2.911504821777344e+02, 2.911504821777344e+02, 2.911503295898438e+02, 2.911502075195312e+02, 2.911501159667969e+02, 2.911500854492188e+02, 2.911500549316406e+02, 2.911500244140625e+02, 2.911499938964844e+02, 2.917409362792969e+02, 2.916960144042969e+02, 2.914302062988281e+02, 2.912159423828125e+02, 2.911053161621094e+02, 2.91078857421875e+02, 2.910671691894531e+02, 2.910672302246094e+02, 2.910745849609375e+02, 2.91085205078125e+02, 2.910979919433594e+02, 2.911104736328125e+02, 2.911217041015625e+02, 2.911315307617188e+02, 2.911386108398438e+02, 2.911438598632812e+02, 2.911475219726562e+02, 2.911497192382812e+02, 2.911518249511719e+02, 2.911539001464844e+02, 2.911551208496094e+02, 2.911553955078125e+02]
TAirSupSet.y=[2.911499938964844e+02, 2.911499938964844e+02]
chiWSE.chiPar.chi[1].P=[0e+00, 0e+00, 2.301618078490719e-04, 0e+00, 0e+00, 0e+00, 0e+00, 0e+00, 0e+00, 0e+00, 0e+00, 0e+00, 0e+00, 0e+00, 0e+00, 0e+00, 0e+00, 0e+00, 0e+00, 0e+00, 0e+00, 0e+00, 0e+00, 0e+00, 0e+00, 0e+00, 0e+00, 0e+00, 0e+00, 0e+00, 0e+00, 0e+00, 0e+00, 0e+00, 0e+00, 0e+00, 0e+00, 0e+00, 0e+00, 0e+00, 7.9715927734375e+03, 8.8971875e+03, 9.4632744140625e+03, 9.545650390625e+03, 9.5521650390625e+03, 9.6644658203125e+03, 1.0066060546875e+04, 1.07093125e+04, 1.14155771484375e+04, 1.20850126953125e+04, 1.2609232421875e+04, 1.2922396484375e+04, 1.30894130859375e+04, 1.31873837890625e+04, 1.32931826171875e+04, 1.3527109375e+04, 1.39053759765625e+04, 1.42153232421875e+04, 1.4262955078125e+04, 1.3987525390625e+04, 1.37409345703125e+04, 1.35563134765625e+04, 1.34203408203125e+04, 1.33258046875e+04, 1.32858994140625e+04, 1.32549423828125e+04, 1.31778203125e+04, 1.29663779296875e+04, 1.208714550781249e+04, 1.072068750000001e+04, 9.329650390625011e+03, 8.34816015625e+03, 7.847953125e+03, 7.55313427734375e+03, 7.25524658203125e+03, 6.7497158203125e+03, 5.71630419921875e+03, 3.990656005859375e+03, 2.4110625e+03, 0e+00, 0e+00, 0e+00, 0e+00, 0e+00, 0e+00, 0e+00, 0e+00, 0e+00, 0e+00, 0e+00, 0e+00, 0e+00, 0e+00, 0e+00, 0e+00, 0e+00, 0e+00, 0e+00, 0e+00, 0e+00, 0e+00]
chiWSE.chiPar.chi[2].P=[0e+00, 0e+00, 0e+00, 0e+00, 0e+00, 0e+00, 0e+00, 0e+00, 0e+00, 0e+00, 0e+00, 0e+00, 0e+00, 0e+00, 0e+00, 0e+00, 0e+00, 0e+00, 0e+00, 0e+00, 0e+00, 0e+00, 0e+00, 0e+00, 0e+00, 0e+00, 0e+00, 0e+00, 0e+00, 0e+00, 0e+00, 0e+00, 0e+00, 0e+00, 0e+00, 0e+00, 0e+00, 0e+00, 0e+00, 0e+00, 0e+00, 0e+00, 0e+00, 0e+00, 0e+00, 0e+00, 0e+00, 0e+00, 0e+00, 0e+00, 0e+00, 0e+00, 0e+00, 0e+00, 0e+00, 0e+00, 0e+00, 0e+00, 0e+00, 0e+00, 0e+00, 0e+00, 0e+00, 0e+00, 0e+00, 0e+00, 0e+00, 0e+00, 0e+00, 0e+00, 0e+00, 0e+00, 0e+00, 0e+00, 0e+00, 0e+00, 0e+00, 0e+00, 0e+00, 0e+00, 0e+00, 0e+00, 0e+00, 0e+00, 0e+00, 0e+00, 0e+00, 0e+00, 0e+00, 0e+00, 0e+00, 0e+00, 0e+00, 0e+00, 0e+00, 0e+00, 0e+00, 0e+00, 0e+00, 0e+00, 0e+00]
chiWSE.chiPar.chi[1].COP=[0e+00, 0e+00, 8.209083080291748e-01, 0e+00, 0e+00, 0e+00, 0e+00, 0e+00, 0e+00, 0e+00, 0e+00, 0e+00, 0e+00, 0e+00, 0e+00, 0e+00, 0e+00, 0e+00, 0e+00, 0e+00, 0e+00, 0e+00, 0e+00, 0e+00, 0e+00, 0e+00, 0e+00, 0e+00, 0e+00, 0e+00, 0e+00, 0e+00, 0e+00, 0e+00, 0e+00, 0e+00, 0e+00, 0e+00, 0e+00, 0e+00, 4.810218811035156e+00, 5.187586307525635e+00, 5.479647159576416e+00, 5.570365428924561e+00, 5.635305881500244e+00, 5.708033084869385e+00, 5.822425365447998e+00, 5.958553314208984e+00, 6.078876495361328e+00, 6.173052310943604e+00, 6.236731052398682e+00, 6.271777629852295e+00, 6.289740562438965e+00, 6.299716472625732e+00, 6.309315204620361e+00, 6.32869291305542e+00, 6.358118534088135e+00, 6.380656719207764e+00, 6.38433313369751e+00, 6.364842891693115e+00, 6.346111297607422e+00, 6.331395149230957e+00, 6.320159435272217e+00, 6.312164783477783e+00, 6.308763027191162e+00, 6.306176662445068e+00, 6.299598217010498e+00, 6.28106164932251e+00, 6.19256830215454e+00, 6.011733531951906e+00, 5.751692771911624e+00, 5.499489784240723e+00, 5.3408522605896e+00, 5.23577880859375e+00, 5.119924068450928e+00, 4.896144390106201e+00, 4.635143756866455e+00, 4.69969654083252e+00, 4.761731147766113e+00, 0e+00, 0e+00, 0e+00, 0e+00, 0e+00, 0e+00, 0e+00, 0e+00, 0e+00, 0e+00, 0e+00, 0e+00, 0e+00, 0e+00, 0e+00, 0e+00, 0e+00, 0e+00, 0e+00, 0e+00, 0e+00, 0e+00]
chiWSE.chiPar.chi[2].COP=[0e+00, 0e+00, 0e+00, 0e+00, 0e+00, 0e+00, 0e+00, 0e+00, 0e+00, 0e+00, 0e+00, 0e+00, 0e+00, 0e+00, 0e+00, 0e+00, 0e+00, 0e+00, 0e+00, 0e+00, 0e+00, 0e+00, 0e+00, 0e+00, 0e+00, 0e+00, 0e+00, 0e+00, 0e+00, 0e+00, 0e+00, 0e+00, 0e+00, 0e+00, 0e+00, 0e+00, 0e+00, 0e+00, 0e+00, 0e+00, 0e+00, 0e+00, 0e+00, 0e+00, 0e+00, 0e+00, 0e+00, 0e+00, 0e+00, 0e+00, 0e+00, 0e+00, 0e+00, 0e+00, 0e+00, 0e+00, 0e+00, 0e+00, 0e+00, 0e+00, 0e+00, 0e+00, 0e+00, 0e+00, 0e+00, 0e+00, 0e+00, 0e+00, 0e+00, 0e+00, 0e+00, 0e+00, 0e+00, 0e+00, 0e+00, 0e+00, 0e+00, 0e+00, 0e+00, 0e+00, 0e+00, 0e+00, 0e+00, 0e+00, 0e+00, 0e+00, 0e+00, 0e+00, 0e+00, 0e+00, 0e+00, 0e+00, 0e+00, 0e+00, 0e+00, 0e+00, 0e+00, 0e+00, 0e+00, 0e+00, 0e+00]
chiWSE.chiPar.chi[1].QEva_flow=[0e+00, 0e+00, -1.055000000633299e-03, 0e+00, 0e+00, 0e+00, 0e+00, 0e+00, 0e+00, 0e+00, 0e+00, 0e+00, 0e+00, 0e+00, 0e+00, 0e+00, 0e+00, 0e+00, 0e+00, 0e+00, 0e+00, 0e+00, 0e+00, 0e+00, 0e+00, 0e+00, 0e+00, 0e+00, 0e+00, 0e+00, 0e+00, 0e+00, 0e+00, 0e+00, 0e+00, 0e+00, 0e+00, 0e+00, 0e+00, 0e+00, -3.834511328125e+04, -4.615493359375e+04, -5.18554140625e+04, -5.317276953125e+04, -5.382937890625e+04, -5.516509375e+04, -5.8608890625e+04, -6.381201953125e+04, -6.93938828125e+04, -7.4601421875e+04, -7.86403984375e+04, -8.10463984375e+04, -8.23290234375e+04, -8.30767890625e+04, -8.3870890625e+04, -8.560892187500001e+04, -8.841203906250001e+04, -9.070310156249999e+04, -9.10594609375e+04, -8.90284140625e+04, -8.72015078125e+04, -8.58303828125e+04, -8.4818703125e+04, -8.41146796875e+04, -8.381759375e+04, -8.3588015625e+04, -8.30149765625e+04, -8.1442625e+04, -7.485047656249993e+04, -6.444992578125009e+04, -5.366129296875009e+04, -4.591062890625e+04, -4.1914765625e+04, -3.9546546875e+04, -3.714631640625e+04, -3.304758984375e+04, -2.6495896484375e+04, -1.8754876953125e+04, -1.14808369140625e+04, 0e+00, 0e+00, 0e+00, 0e+00, 0e+00, 0e+00, 0e+00, 0e+00, 0e+00, 0e+00, 0e+00, 0e+00, 0e+00, 0e+00, 0e+00, 0e+00, 0e+00, 0e+00, 0e+00, 0e+00, 0e+00, 0e+00]
chiWSE.chiPar.chi[2].QEva_flow=[0e+00, 0e+00, 0e+00, 0e+00, 0e+00, 0e+00, 0e+00, 0e+00, 0e+00, 0e+00, 0e+00, 0e+00, 0e+00, 0e+00, 0e+00, 0e+00, 0e+00, 0e+00, 0e+00, 0e+00, 0e+00, 0e+00, 0e+00, 0e+00, 0e+00, 0e+00, 0e+00, 0e+00, 0e+00, 0e+00, 0e+00, 0e+00, 0e+00, 0e+00, 0e+00, 0e+00, 0e+00, 0e+00, 0e+00, 0e+00, 0e+00, 0e+00, 0e+00, 0e+00, 0e+00, 0e+00, 0e+00, 0e+00, 0e+00, 0e+00, 0e+00, 0e+00, 0e+00, 0e+00, 0e+00, 0e+00, 0e+00, 0e+00, 0e+00, 0e+00, 0e+00, 0e+00, 0e+00, 0e+00, 0e+00, 0e+00, 0e+00, 0e+00, 0e+00, 0e+00, 0e+00, 0e+00, 0e+00, 0e+00, 0e+00, 0e+00, 0e+00, 0e+00, 0e+00, 0e+00, 0e+00, 0e+00, 0e+00, 0e+00, 0e+00, 0e+00, 0e+00, 0e+00, 0e+00, 0e+00, 0e+00, 0e+00, 0e+00, 0e+00, 0e+00, 0e+00, 0e+00, 0e+00, 0e+00, 0e+00, 0e+00]
chiWSE.wse.heaExc.hex.Q2_flow=[-0e+00, -0e+00, -1.490749375e+05, -9.65517109375e+04, -7.7973546875e+04, -7.89339375e+04, -8.3088890625e+04, -8.952344531250001e+04, -9.75641015625e+04, -1.067388671875e+05, -1.16681390625e+05, -1.270005625e+05, -1.3740671875e+05, -1.55171125e+05, -1.75907140625e+05, -2.022763125e+05, -2.123716875e+05, -2.2326034375e+05, -2.348053125e+05, -2.46621140625e+05, -2.5826996875e+05, -2.650440625e+05, -2.7014190625e+05, -2.728435e+05, -2.873090625e+05, -3.020283125e+05, -3.1460696875e+05, -3.2466621875e+05, -3.344727500000001e+05, -3.4468434375e+05, -3.5912021875e+05, -3.7301625e+05, -3.8536203125e+05, -3.9661396875e+05, -4.080292187500001e+05, -4.194762187499999e+05, -4.3140440625e+05, -4.43639625e+05, -4.5592725e+05, -4.6824109375e+05, -3.9192890625e+05, -4.0138340625e+05, -4.1529646875e+05, -4.2253675e+05, -4.2897746875e+05, -4.331025e+05, -4.3364896875e+05, -4.31262875e+05, -4.2758375e+05, -4.2361015625e+05, -4.2034215625e+05, -4.183955e+05, -4.173699375e+05, -4.1674615625e+05, -4.159986875e+05, -4.1426915625e+05, -4.11462625e+05, -4.09167e+05, -4.0880915625e+05, -4.1083496875e+05, -4.1265440625e+05, -4.1401953125e+05, -4.15026375e+05, -4.15731875e+05, -4.160339375e+05, -4.162689375e+05, -4.168465625e+05, -4.184216875e+05, -4.250233125000001e+05, -4.354292812499999e+05, -4.462108437499999e+05, -4.53942875e+05, -4.5792553125e+05, -4.6029159375e+05, -4.626945e+05, -4.668013125e+05, -4.7335784375e+05, -4.8109778125e+05, -4.8836665625e+05, -5.0123534375e+05, -4.9792884375e+05, -4.8520421875e+05, -4.8350075e+05, -4.8715459375e+05, -4.9048090625e+05, -4.9332571875e+05, -4.95727e+05, -4.9762190625e+05, -4.9904196875e+05, -5.0000609375e+05, -5.0060659375e+05, -5.0092503125e+05, -5.0101671875e+05, -5.0099559375e+05, -5.0087640625e+05, -5.0072315625e+05, -5.00591125e+05, -5.003845625e+05, -5.0024053125e+05, -5.0012575e+05, -5.000385e+05]
ahu.cooCoi.Q2_flow=[-0e+00, -0e+00, -1.17221828125e+05, -8.94232265625e+04, -7.748815625e+04, -8.06859609375e+04, -8.63246953125e+04, -9.376928125000001e+04, -1.024667734375e+05, -1.120448359375e+05, -1.222165390625e+05, -1.32669515625e+05, -1.43172359375e+05, -1.6852034375e+05, -1.8553134375e+05, -2.05907421875e+05, -2.1569865625e+05, -2.26915734375e+05, -2.38583765625e+05, -2.50458671875e+05, -2.61281625e+05, -2.6678521875e+05, -2.7114234375e+05, -2.7332409375e+05, -2.8726034375e+05, -3.0154153125e+05, -3.141911875e+05, -3.2464421875e+05, -3.347536562500001e+05, -3.451036875e+05, -3.5913503125e+05, -3.726693125e+05, -3.850761875e+05, -3.9649596875e+05, -4.079719062500001e+05, -4.194858749999999e+05, -4.313799375e+05, -4.435295625e+05, -4.5573059375e+05, -4.679685e+05, -4.43979625e+05, -4.5840025e+05, -4.7456509375e+05, -4.80826e+05, -4.8617559375e+05, -4.9039478125e+05, -4.9354428125e+05, -4.95807125e+05, -4.9736259375e+05, -4.983885625e+05, -4.9904021875e+05, -4.9943703125e+05, -4.99666625e+05, -4.9978496875e+05, -4.9983753125e+05, -4.9985784375e+05, -4.99861875e+05, -4.998585e+05, -4.998524375e+05, -4.9984671875e+05, -4.998425625e+05, -4.9983921875e+05, -4.998364375e+05, -4.99838875e+05, -4.9984415625e+05, -4.9984890625e+05, -4.9985225e+05, -4.99847625e+05, -4.998393125e+05, -4.9983796875e+05, -4.99836125e+05, -4.9983340625e+05, -4.9982890625e+05, -4.998286875e+05, -4.998279375e+05, -4.99827125e+05, -4.998255625e+05, -4.9982334375e+05, -4.9982296875e+05, -5.038423125e+05, -5.0119740625e+05, -4.8958921875e+05, -4.8713053125e+05, -4.8948525e+05, -4.919631875e+05, -4.94201625e+05, -4.961330625e+05, -4.9768978125e+05, -4.9888371875e+05, -4.997184375e+05, -5.002596875e+05, -5.0056884375e+05, -5.0068628125e+05, -5.0070490625e+05, -5.006378125e+05, -5.00535625e+05, -5.00447375e+05, -5.0029784375e+05, -5.001794375e+05, -5.0008225e+05, -5.0000584375e+05]
=======
TCWSup.T=[2.931499938964844e+02, 2.73347900390625e+02, 2.747871398925781e+02, 2.755039672851562e+02, 2.76151611328125e+02, 2.761593627929688e+02, 2.762967834472656e+02, 2.765133056640625e+02, 2.767728576660156e+02, 2.770493774414062e+02, 2.773276977539062e+02, 2.776099853515625e+02, 2.779048767089844e+02, 2.782222595214844e+02, 2.785500183105469e+02, 2.789025573730469e+02, 2.791651306152344e+02, 2.785486450195312e+02, 2.784273376464844e+02, 2.782921142578125e+02, 2.781564636230469e+02, 2.780207214355469e+02, 2.77879638671875e+02, 2.777420959472656e+02, 2.776079711914062e+02, 2.774773559570312e+02, 2.773805236816406e+02, 2.772842712402344e+02, 2.772016296386719e+02, 2.772929077148438e+02, 2.773907165527344e+02, 2.773172302246094e+02, 2.771973571777344e+02, 2.771698913574219e+02, 2.773267211914062e+02, 2.775334167480469e+02, 2.777845153808594e+02, 2.780872802734375e+02, 2.784513854980469e+02, 2.788619689941406e+02, 2.791670837402344e+02, 2.794587707519531e+02, 2.795472717285156e+02, 2.795010375976562e+02, 2.794505615234375e+02, 2.794486083984375e+02, 2.795498046875e+02, 2.797344055175781e+02, 2.799428405761719e+02, 2.801422119140625e+02, 2.802986755371094e+02, 2.803916015625e+02, 2.804412231445312e+02, 2.804705505371094e+02, 2.805025939941406e+02, 2.805734252929688e+02, 2.806874694824219e+02, 2.80780517578125e+02, 2.807947998046875e+02, 2.807123107910156e+02, 2.806382446289062e+02, 2.805827026367188e+02, 2.805417175292969e+02, 2.805131225585938e+02, 2.805010375976562e+02, 2.804916687011719e+02, 2.804683227539062e+02, 2.804041748046875e+02, 2.801357421875e+02, 2.797130737304688e+02, 2.792751159667969e+02, 2.789609069824219e+02, 2.787990417480469e+02, 2.787029724121094e+02, 2.786053466796875e+02, 2.784385375976562e+02, 2.781723327636719e+02, 2.778578796386719e+02, 2.775626220703125e+02, 2.785971069335938e+02, 2.774493103027344e+02, 2.773978271484375e+02, 2.773322448730469e+02, 2.772449340820312e+02, 2.7714404296875e+02, 2.771065673828125e+02, 2.7710693359375e+02, 2.77109619140625e+02, 2.771113891601562e+02, 2.771095275878906e+02, 2.771097106933594e+02, 2.771117553710938e+02, 2.771170349121094e+02, 2.771269226074219e+02, 2.771316223144531e+02, 2.771307678222656e+02, 2.77122314453125e+02, 2.770916442871094e+02, 2.770777587890625e+02, 2.77085693359375e+02, 2.771094970703125e+02]
TCWRet.T=[2.931499938964844e+02, 2.733479309082031e+02, 2.754861145019531e+02, 2.758840637207031e+02, 2.764429321289062e+02, 2.764485168457031e+02, 2.76598388671875e+02, 2.768373413085938e+02, 2.771258850097656e+02, 2.774358520507812e+02, 2.777503967285156e+02, 2.780701293945312e+02, 2.784025573730469e+02, 2.787569885253906e+02, 2.791220092773438e+02, 2.795184631347656e+02, 2.798918151855469e+02, 2.793349609375e+02, 2.792512817382812e+02, 2.791570129394531e+02, 2.790623779296875e+02, 2.78967529296875e+02, 2.78867431640625e+02, 2.787705078125e+02, 2.786769409179688e+02, 2.785868530273438e+02, 2.785292358398438e+02, 2.784714965820312e+02, 2.784203796386719e+02, 2.78509521484375e+02, 2.786306457519531e+02, 2.785951843261719e+02, 2.785181579589844e+02, 2.785329284667969e+02, 2.787320861816406e+02, 2.789796142578125e+02, 2.792717895507812e+02, 2.796158447265625e+02, 2.800211791992188e+02, 2.804736022949219e+02, 2.808009033203125e+02, 2.811806335449219e+02, 2.813108825683594e+02, 2.812630310058594e+02, 2.812115478515625e+02, 2.812079467773438e+02, 2.813074951171875e+02, 2.814931640625e+02, 2.817037353515625e+02, 2.819059143066406e+02, 2.820654296875e+02, 2.821607055664062e+02, 2.822116088867188e+02, 2.822414855957031e+02, 2.822735900878906e+02, 2.823438720703125e+02, 2.824589233398438e+02, 2.825541381835938e+02, 2.825708923339844e+02, 2.82488525390625e+02, 2.824131774902344e+02, 2.823565979003906e+02, 2.823148498535156e+02, 2.822855834960938e+02, 2.822731323242188e+02, 2.822637329101562e+02, 2.822406005859375e+02, 2.82177978515625e+02, 2.819116516113281e+02, 2.814862670898438e+02, 2.810423889160156e+02, 2.807207946777344e+02, 2.805549011230469e+02, 2.804570007324219e+02, 2.803591003417969e+02, 2.801928100585938e+02, 2.79925048828125e+02, 2.796050415039062e+02, 2.793030395507812e+02, 2.803341979980469e+02, 2.792616577148438e+02, 2.792171325683594e+02, 2.791572570800781e+02, 2.790693359375e+02, 2.789686889648438e+02, 2.789308166503906e+02, 2.789310913085938e+02, 2.789335327148438e+02, 2.789351501464844e+02, 2.789334411621094e+02, 2.7893359375e+02, 2.789354553222656e+02, 2.789402465820312e+02, 2.789492797851562e+02, 2.7895361328125e+02, 2.789528198242188e+02, 2.789451293945312e+02, 2.78916748046875e+02, 2.789025268554688e+02, 2.789097290039062e+02, 2.789314270019531e+02]
TCWSupSet.y=[2.887099914550781e+02, 2.887099914550781e+02, 2.887099914550781e+02, 2.887099914550781e+02, 2.887099914550781e+02, 2.887099914550781e+02, 2.887099914550781e+02, 2.887099914550781e+02, 2.887099914550781e+02, 2.887099914550781e+02, 2.887099914550781e+02, 2.887099914550781e+02, 2.887099914550781e+02, 2.887099914550781e+02, 2.887099914550781e+02, 2.887099914550781e+02, 2.887099914550781e+02, 2.887099914550781e+02, 2.887099914550781e+02, 2.887099914550781e+02, 2.887099914550781e+02, 2.887099914550781e+02, 2.887099914550781e+02, 2.887099914550781e+02, 2.887099914550781e+02, 2.887099914550781e+02, 2.887099914550781e+02, 2.887099914550781e+02, 2.887099914550781e+02, 2.887099914550781e+02, 2.887099914550781e+02, 2.887099914550781e+02, 2.887099914550781e+02, 2.887099914550781e+02, 2.887099914550781e+02, 2.887099914550781e+02, 2.887099914550781e+02, 2.887099914550781e+02, 2.887099914550781e+02, 2.887099914550781e+02, 2.887099914550781e+02, 2.887099914550781e+02, 2.887099914550781e+02, 2.887099914550781e+02, 2.887099914550781e+02, 2.887099914550781e+02, 2.887099914550781e+02, 2.887099914550781e+02, 2.887099914550781e+02, 2.887099914550781e+02, 2.887099914550781e+02, 2.887099914550781e+02, 2.887099914550781e+02, 2.887099914550781e+02, 2.887099914550781e+02, 2.887099914550781e+02, 2.887099914550781e+02, 2.887099914550781e+02, 2.887099914550781e+02, 2.887099914550781e+02, 2.887099914550781e+02, 2.887099914550781e+02, 2.887099914550781e+02, 2.887099914550781e+02, 2.887099914550781e+02, 2.887099914550781e+02, 2.887099914550781e+02, 2.887099914550781e+02, 2.887099914550781e+02, 2.887099914550781e+02, 2.887099914550781e+02, 2.887099914550781e+02, 2.887099914550781e+02, 2.887099914550781e+02, 2.887099914550781e+02, 2.887099914550781e+02, 2.887099914550781e+02, 2.887099914550781e+02, 2.887099914550781e+02, 2.887099914550781e+02, 2.887099914550781e+02, 2.887099914550781e+02, 2.887099914550781e+02, 2.887099914550781e+02, 2.887099914550781e+02, 2.887099914550781e+02, 2.887099914550781e+02, 2.887099914550781e+02, 2.887099914550781e+02, 2.887099914550781e+02, 2.887099914550781e+02, 2.887099914550781e+02, 2.887099914550781e+02, 2.887099914550781e+02, 2.887099914550781e+02, 2.887099914550781e+02, 2.887099914550781e+02, 2.887099914550781e+02, 2.887099914550781e+02, 2.887099914550781e+02, 2.887099914550781e+02]
TCHWSup.T=[2.931499938964844e+02, 2.931499938964844e+02, 2.774885559082031e+02, 2.76724853515625e+02, 2.771204223632812e+02, 2.771187744140625e+02, 2.772961120605469e+02, 2.775862121582031e+02, 2.77941650390625e+02, 2.783289489746094e+02, 2.787274780273438e+02, 2.791340026855469e+02, 2.795534057617188e+02, 2.7999365234375e+02, 2.804451599121094e+02, 2.809407958984375e+02, 2.816110229492188e+02, 2.811595458984375e+02, 2.811631469726562e+02, 2.811639404296875e+02, 2.811644592285156e+02, 2.811646118164062e+02, 2.811595764160156e+02, 2.811569519042969e+02, 2.81157470703125e+02, 2.811613464355469e+02, 2.811945190429688e+02, 2.812262573242188e+02, 2.812479858398438e+02, 2.813306274414062e+02, 2.814208374023438e+02, 2.81358154296875e+02, 2.812613220214844e+02, 2.812373657226562e+02, 2.813586120605469e+02, 2.815187683105469e+02, 2.817137756347656e+02, 2.819492797851562e+02, 2.822326965332031e+02, 2.8255224609375e+02, 2.81138427734375e+02, 2.811500244140625e+02, 2.811500244140625e+02, 2.811500244140625e+02, 2.811500244140625e+02, 2.811500244140625e+02, 2.811500244140625e+02, 2.811500244140625e+02, 2.811500244140625e+02, 2.811500244140625e+02, 2.811500244140625e+02, 2.811500244140625e+02, 2.811500244140625e+02, 2.811500244140625e+02, 2.811500244140625e+02, 2.811500244140625e+02, 2.811500244140625e+02, 2.811500244140625e+02, 2.811500244140625e+02, 2.811500244140625e+02, 2.811500244140625e+02, 2.811500244140625e+02, 2.811500244140625e+02, 2.811500244140625e+02, 2.811500244140625e+02, 2.811500244140625e+02, 2.811500244140625e+02, 2.811500244140625e+02, 2.811500244140625e+02, 2.811500244140625e+02, 2.811500244140625e+02, 2.811500244140625e+02, 2.811500244140625e+02, 2.811500244140625e+02, 2.811500244140625e+02, 2.811500244140625e+02, 2.811500244140625e+02, 2.811500244140625e+02, 2.811500244140625e+02, 2.824219360351562e+02, 2.814011535644531e+02, 2.813653259277344e+02, 2.813122253417969e+02, 2.812432556152344e+02, 2.811641845703125e+02, 2.811352844238281e+02, 2.811353759765625e+02, 2.811375427246094e+02, 2.811389770507812e+02, 2.81137451171875e+02, 2.811375732421875e+02, 2.811391906738281e+02, 2.811433715820312e+02, 2.811513977050781e+02, 2.811552429199219e+02, 2.811545715332031e+02, 2.811478881835938e+02, 2.811230163574219e+02, 2.811121520996094e+02, 2.811183776855469e+02, 2.811375122070312e+02]
TCHWRet.T=[2.931499938964844e+02, 2.931499938964844e+02, 2.849426574707031e+02, 2.819413452148438e+02, 2.80988037109375e+02, 2.809596862792969e+02, 2.813036193847656e+02, 2.818920288085938e+02, 2.82633056640625e+02, 2.834642028808594e+02, 2.843438110351562e+02, 2.85247802734375e+02, 2.861664123535156e+02, 2.870992431640625e+02, 2.880460205078125e+02, 2.891254577636719e+02, 2.91137451171875e+02, 2.915988464355469e+02, 2.9210107421875e+02, 2.926456909179688e+02, 2.931908569335938e+02, 2.937343444824219e+02, 2.942734375e+02, 2.94810791015625e+02, 2.953499755859375e+02, 2.9589208984375e+02, 2.964469909667969e+02, 2.969910888671875e+02, 2.974288940429688e+02, 2.974927673339844e+02, 2.975439453125e+02, 2.975155639648438e+02, 2.975108642578125e+02, 2.975088500976562e+02, 2.974934692382812e+02, 2.974690856933594e+02, 2.974413146972656e+02, 2.974093627929688e+02, 2.973722839355469e+02, 2.973266296386719e+02, 2.974197082519531e+02, 2.974142456054688e+02, 2.974051513671875e+02, 2.973877258300781e+02, 2.973875427246094e+02, 2.973875122070312e+02, 2.973875122070312e+02, 2.973875122070312e+02, 2.973875122070312e+02, 2.973875122070312e+02, 2.973875122070312e+02, 2.973874816894531e+02, 2.973874816894531e+02, 2.973874816894531e+02, 2.973874816894531e+02, 2.973874816894531e+02, 2.973874816894531e+02, 2.973874816894531e+02, 2.973874816894531e+02, 2.973874816894531e+02, 2.97387451171875e+02, 2.97387451171875e+02, 2.97387451171875e+02, 2.97387451171875e+02, 2.97387451171875e+02, 2.97387451171875e+02, 2.97387451171875e+02, 2.97387451171875e+02, 2.97387451171875e+02, 2.973874206542969e+02, 2.973874206542969e+02, 2.973874206542969e+02, 2.973874206542969e+02, 2.973874206542969e+02, 2.973874206542969e+02, 2.973874206542969e+02, 2.973874206542969e+02, 2.973874206542969e+02, 2.973873901367188e+02, 2.974405517578125e+02, 2.97207763671875e+02, 2.972326049804688e+02, 2.972291870117188e+02, 2.972328796386719e+02, 2.972402038574219e+02, 2.972493896484375e+02, 2.972486572265625e+02, 2.972486267089844e+02, 2.972486877441406e+02, 2.9724853515625e+02, 2.972484436035156e+02, 2.972484436035156e+02, 2.972485656738281e+02, 2.972489624023438e+02, 2.972491455078125e+02, 2.972490539550781e+02, 2.972486572265625e+02, 2.972470397949219e+02, 2.972490844726562e+02, 2.972490844726562e+02, 2.9725e+02]
TCHWSupSet.y=[2.811499938964844e+02, 2.811499938964844e+02]
chiWSE.TCHWSupWSE=[2.931499938964844e+02, 2.931499938964844e+02, 2.768395385742188e+02, 2.767502746582031e+02, 2.771194458007812e+02, 2.771189270019531e+02, 2.772970275878906e+02, 2.775875854492188e+02, 2.779432373046875e+02, 2.783306579589844e+02, 2.78729248046875e+02, 2.791358032226562e+02, 2.795553283691406e+02, 2.799956665039062e+02, 2.804472045898438e+02, 2.809442138671875e+02, 2.815906982421875e+02, 2.811593322753906e+02, 2.811629333496094e+02, 2.811636962890625e+02, 2.811642456054688e+02, 2.811643676757812e+02, 2.811593017578125e+02, 2.811567077636719e+02, 2.811572265625e+02, 2.811611328125e+02, 2.811944580078125e+02, 2.812261657714844e+02, 2.812477111816406e+02, 2.813314208984375e+02, 2.814209289550781e+02, 2.813575439453125e+02, 2.812606811523438e+02, 2.812373657226562e+02, 2.813590393066406e+02, 2.815193481445312e+02, 2.817144775390625e+02, 2.819501037597656e+02, 2.822337341308594e+02, 2.8255322265625e+02, 2.828152465820312e+02, 2.830494689941406e+02, 2.831189575195312e+02, 2.830786437988281e+02, 2.830381164550781e+02, 2.830362243652344e+02, 2.831166381835938e+02, 2.832641296386719e+02, 2.834308471679688e+02, 2.835904541015625e+02, 2.837158813476562e+02, 2.837904968261719e+02, 2.83830322265625e+02, 2.838538208007812e+02, 2.8387939453125e+02, 2.83935791015625e+02, 2.840269470214844e+02, 2.841016235351562e+02, 2.84113525390625e+02, 2.840476989746094e+02, 2.839883728027344e+02, 2.8394384765625e+02, 2.839110107421875e+02, 2.838880920410156e+02, 2.838783569335938e+02, 2.838708801269531e+02, 2.83852294921875e+02, 2.838014526367188e+02, 2.835877075195312e+02, 2.832499694824219e+02, 2.828993530273438e+02, 2.826471862792969e+02, 2.825172424316406e+02, 2.824402160644531e+02, 2.823623046875e+02, 2.822293090820312e+02, 2.820166931152344e+02, 2.817651977539062e+02, 2.815287170410156e+02, 2.823994445800781e+02, 2.814010925292969e+02, 2.813650207519531e+02, 2.813119201660156e+02, 2.812428894042969e+02, 2.811637573242188e+02, 2.811351318359375e+02, 2.8113525390625e+02, 2.811374206542969e+02, 2.811388549804688e+02, 2.811373291015625e+02, 2.81137451171875e+02, 2.811390686035156e+02, 2.811432800292969e+02, 2.811513061523438e+02, 2.811551208496094e+02, 2.811544494628906e+02, 2.81147705078125e+02, 2.811228332519531e+02, 2.811120300292969e+02, 2.811183166503906e+02, 2.811374816894531e+02]
TAirSup.T=[2.931499938964844e+02, 2.935304260253906e+02, 2.823506774902344e+02, 2.805398559570312e+02, 2.800797424316406e+02, 2.800457458496094e+02, 2.803187255859375e+02, 2.80790771484375e+02, 2.813881225585938e+02, 2.820604553222656e+02, 2.827738952636719e+02, 2.835099487304688e+02, 2.842619934082031e+02, 2.850308227539062e+02, 2.858163757324219e+02, 2.870132446289062e+02, 2.880187377929688e+02, 2.879912109375e+02, 2.881242065429688e+02, 2.882681274414062e+02, 2.884188842773438e+02, 2.885794067382812e+02, 2.887498474121094e+02, 2.889339294433594e+02, 2.891341552734375e+02, 2.893514404296875e+02, 2.895987243652344e+02, 2.901694030761719e+02, 2.911499938964844e+02, 2.911499938964844e+02, 2.91234375e+02, 2.91187744140625e+02, 2.911770324707031e+02, 2.911890258789062e+02, 2.912005310058594e+02, 2.912035827636719e+02, 2.912059326171875e+02, 2.912090454101562e+02, 2.912144165039062e+02, 2.912151184082031e+02, 2.912339782714844e+02, 2.911502990722656e+02, 2.911498413085938e+02, 2.911499938964844e+02, 2.911499938964844e+02, 2.911499938964844e+02, 2.911499938964844e+02, 2.911499938964844e+02, 2.911499938964844e+02, 2.911499938964844e+02, 2.911499938964844e+02, 2.911499938964844e+02, 2.911499938964844e+02, 2.911499938964844e+02, 2.911499938964844e+02, 2.911499938964844e+02, 2.911499938964844e+02, 2.911499938964844e+02, 2.911499938964844e+02, 2.911499938964844e+02, 2.911499938964844e+02, 2.911499938964844e+02, 2.911499938964844e+02, 2.911499938964844e+02, 2.911499938964844e+02, 2.911499938964844e+02, 2.911499938964844e+02, 2.911499938964844e+02, 2.911499938964844e+02, 2.911499938964844e+02, 2.911499938964844e+02, 2.911499938964844e+02, 2.911499938964844e+02, 2.911499938964844e+02, 2.911499938964844e+02, 2.911499938964844e+02, 2.911499938964844e+02, 2.911499938964844e+02, 2.911499938964844e+02, 2.916245727539062e+02, 2.911500244140625e+02, 2.911499938964844e+02, 2.911499938964844e+02, 2.911446533203125e+02, 2.911417846679688e+02, 2.911499328613281e+02, 2.911499938964844e+02, 2.911499938964844e+02, 2.911499938964844e+02, 2.911499938964844e+02, 2.911499938964844e+02, 2.911499938964844e+02, 2.911499938964844e+02, 2.911499938964844e+02, 2.911499938964844e+02, 2.911499938964844e+02, 2.911499938964844e+02, 2.911482238769531e+02, 2.911499938964844e+02, 2.911499938964844e+02, 2.911499938964844e+02]
TAirSupSet.y=[2.911499938964844e+02, 2.911499938964844e+02]
chiWSE.chiPar.chi[1].P=[0e+00, 0e+00, 2.304571826243773e-04, 0e+00, 0e+00, 0e+00, 0e+00, 0e+00, 0e+00, 0e+00, 0e+00, 0e+00, 0e+00, 0e+00, 0e+00, 0e+00, 0e+00, 0e+00, 0e+00, 0e+00, 0e+00, 0e+00, 0e+00, 0e+00, 0e+00, 0e+00, 0e+00, 0e+00, 0e+00, 0e+00, 0e+00, 0e+00, 0e+00, 0e+00, 0e+00, 0e+00, 0e+00, 0e+00, 0e+00, 0e+00, 8.93672265625e+03, 9.9022998046875e+03, 1.0221791015625e+04, 1.00716025390625e+04, 9.9111083984375e+03, 9.9047900390625e+03, 1.022620703125e+04, 1.08165693359375e+04, 1.14887919921875e+04, 1.21371982421875e+04, 1.2649625e+04, 1.2955533203125e+04, 1.31192666015625e+04, 1.3216181640625e+04, 1.33221484375e+04, 1.3556703125e+04, 1.39358642578125e+04, 1.42466064453125e+04, 1.4294640625e+04, 1.40192333984375e+04, 1.37725625e+04, 1.35879013671875e+04, 1.3451892578125e+04, 1.33571953125e+04, 1.3317181640625e+04, 1.32861484375e+04, 1.32089794921875e+04, 1.2997501953125e+04, 1.211755078124999e+04, 1.074981542968751e+04, 9.357487304687511e+03, 8.374953125e+03, 7.87442822265625e+03, 7.57926708984375e+03, 7.28105615234375e+03, 6.7750693359375e+03, 5.7707890625e+03, 4.039093505859375e+03, 2.453758056640625e+03, 0e+00, 0e+00, 0e+00, 0e+00, 0e+00, 0e+00, 0e+00, 0e+00, 0e+00, 0e+00, 0e+00, 0e+00, 0e+00, 0e+00, 0e+00, 0e+00, 0e+00, 0e+00, 0e+00, 0e+00, 0e+00, 0e+00]
chiWSE.chiPar.chi[2].P=[0e+00, 0e+00, 0e+00, 0e+00, 0e+00, 0e+00, 0e+00, 0e+00, 0e+00, 0e+00, 0e+00, 0e+00, 0e+00, 0e+00, 0e+00, 0e+00, 0e+00, 0e+00, 0e+00, 0e+00, 0e+00, 0e+00, 0e+00, 0e+00, 0e+00, 0e+00, 0e+00, 0e+00, 0e+00, 0e+00, 0e+00, 0e+00, 0e+00, 0e+00, 0e+00, 0e+00, 0e+00, 0e+00, 0e+00, 0e+00, 0e+00, 0e+00, 0e+00, 0e+00, 0e+00, 0e+00, 0e+00, 0e+00, 0e+00, 0e+00, 0e+00, 0e+00, 0e+00, 0e+00, 0e+00, 0e+00, 0e+00, 0e+00, 0e+00, 0e+00, 0e+00, 0e+00, 0e+00, 0e+00, 0e+00, 0e+00, 0e+00, 0e+00, 0e+00, 0e+00, 0e+00, 0e+00, 0e+00, 0e+00, 0e+00, 0e+00, 0e+00, 0e+00, 0e+00, 0e+00, 0e+00, 0e+00, 0e+00, 0e+00, 0e+00, 0e+00, 0e+00, 0e+00, 0e+00, 0e+00, 0e+00, 0e+00, 0e+00, 0e+00, 0e+00, 0e+00, 0e+00, 0e+00, 0e+00, 0e+00, 0e+00]
chiWSE.chiPar.chi[1].COP=[0e+00, 0e+00, 8.207196593284607e-01, 0e+00, 0e+00, 0e+00, 0e+00, 0e+00, 0e+00, 0e+00, 0e+00, 0e+00, 0e+00, 0e+00, 0e+00, 0e+00, 0e+00, 0e+00, 0e+00, 0e+00, 0e+00, 0e+00, 0e+00, 0e+00, 0e+00, 0e+00, 0e+00, 0e+00, 0e+00, 0e+00, 0e+00, 0e+00, 0e+00, 0e+00, 0e+00, 0e+00, 0e+00, 0e+00, 0e+00, 0e+00, 5.374227523803711e+00, 5.787319183349609e+00, 5.945447444915771e+00, 5.91058874130249e+00, 5.880195140838623e+00, 5.878474712371826e+00, 5.937031269073486e+00, 6.034040927886963e+00, 6.128913879394531e+00, 6.207302570343018e+00, 6.26163387298584e+00, 6.291272640228271e+00, 6.306324005126953e+00, 6.314926147460938e+00, 6.324007987976074e+00, 6.343216896057129e+00, 6.372624397277832e+00, 6.395222187042236e+00, 6.399010181427002e+00, 6.379674911499023e+00, 6.361055850982666e+00, 6.346431255340576e+00, 6.335267066955566e+00, 6.32725715637207e+00, 6.323799133300781e+00, 6.321164131164551e+00, 6.314573764801025e+00, 6.29615592956543e+00, 6.207988739013671e+00, 6.027636528015138e+00, 5.768340110778811e+00, 5.51689338684082e+00, 5.358903408050537e+00, 5.254187107086182e+00, 5.138754844665527e+00, 4.915874481201172e+00, 4.633509635925293e+00, 4.698010921478271e+00, 4.760001659393311e+00, 0e+00, 0e+00, 0e+00, 0e+00, 0e+00, 0e+00, 0e+00, 0e+00, 0e+00, 0e+00, 0e+00, 0e+00, 0e+00, 0e+00, 0e+00, 0e+00, 0e+00, 0e+00, 0e+00, 0e+00, 0e+00, 0e+00]
chiWSE.chiPar.chi[2].COP=[0e+00, 0e+00, 0e+00, 0e+00, 0e+00, 0e+00, 0e+00, 0e+00, 0e+00, 0e+00, 0e+00, 0e+00, 0e+00, 0e+00, 0e+00, 0e+00, 0e+00, 0e+00, 0e+00, 0e+00, 0e+00, 0e+00, 0e+00, 0e+00, 0e+00, 0e+00, 0e+00, 0e+00, 0e+00, 0e+00, 0e+00, 0e+00, 0e+00, 0e+00, 0e+00, 0e+00, 0e+00, 0e+00, 0e+00, 0e+00, 0e+00, 0e+00, 0e+00, 0e+00, 0e+00, 0e+00, 0e+00, 0e+00, 0e+00, 0e+00, 0e+00, 0e+00, 0e+00, 0e+00, 0e+00, 0e+00, 0e+00, 0e+00, 0e+00, 0e+00, 0e+00, 0e+00, 0e+00, 0e+00, 0e+00, 0e+00, 0e+00, 0e+00, 0e+00, 0e+00, 0e+00, 0e+00, 0e+00, 0e+00, 0e+00, 0e+00, 0e+00, 0e+00, 0e+00, 0e+00, 0e+00, 0e+00, 0e+00, 0e+00, 0e+00, 0e+00, 0e+00, 0e+00, 0e+00, 0e+00, 0e+00, 0e+00, 0e+00, 0e+00, 0e+00, 0e+00, 0e+00, 0e+00, 0e+00, 0e+00, 0e+00]
chiWSE.chiPar.chi[1].QEva_flow=[0e+00, 0e+00, -1.055000000633299e-03, 0e+00, 0e+00, 0e+00, 0e+00, 0e+00, 0e+00, 0e+00, 0e+00, 0e+00, 0e+00, 0e+00, 0e+00, 0e+00, 0e+00, 0e+00, 0e+00, 0e+00, 0e+00, 0e+00, 0e+00, 0e+00, 0e+00, 0e+00, 0e+00, 0e+00, 0e+00, 0e+00, 0e+00, 0e+00, 0e+00, 0e+00, 0e+00, 0e+00, 0e+00, 0e+00, 0e+00, 0e+00, -4.802798828125e+04, -5.730778125e+04, -6.0773125e+04, -5.9529109375e+04, -5.82792578125e+04, -5.822506640625e+04, -6.071331640625e+04, -6.526762890625e+04, -7.04138203125e+04, -7.5339265625e+04, -7.9207328125e+04, -8.1506796875e+04, -8.27343515625e+04, -8.345921875e+04, -8.42493828125e+04, -8.599311718750003e+04, -8.880803906250003e+04, -9.111021874999999e+04, -9.14715625e+04, -8.943815625e+04, -8.7608046875e+04, -8.62346875e+04, -8.52213359375e+04, -8.45144140625e+04, -8.42151875e+04, -8.39839375e+04, -8.3409078125e+04, -8.18343046875e+04, -7.522562499999993e+04, -6.479598437500009e+04, -5.397717578125009e+04, -4.620373046875e+04, -4.21983046875e+04, -3.982289453125e+04, -3.741556640625e+04, -3.330539453125e+04, -2.673901171875e+04, -1.89757109375e+04, -1.16798974609375e+04, 0e+00, 0e+00, 0e+00, 0e+00, 0e+00, 0e+00, 0e+00, 0e+00, 0e+00, 0e+00, 0e+00, 0e+00, 0e+00, 0e+00, 0e+00, 0e+00, 0e+00, 0e+00, 0e+00, 0e+00, 0e+00, 0e+00]
chiWSE.chiPar.chi[2].QEva_flow=[0e+00, 0e+00, 0e+00, 0e+00, 0e+00, 0e+00, 0e+00, 0e+00, 0e+00, 0e+00, 0e+00, 0e+00, 0e+00, 0e+00, 0e+00, 0e+00, 0e+00, 0e+00, 0e+00, 0e+00, 0e+00, 0e+00, 0e+00, 0e+00, 0e+00, 0e+00, 0e+00, 0e+00, 0e+00, 0e+00, 0e+00, 0e+00, 0e+00, 0e+00, 0e+00, 0e+00, 0e+00, 0e+00, 0e+00, 0e+00, 0e+00, 0e+00, 0e+00, 0e+00, 0e+00, 0e+00, 0e+00, 0e+00, 0e+00, 0e+00, 0e+00, 0e+00, 0e+00, 0e+00, 0e+00, 0e+00, 0e+00, 0e+00, 0e+00, 0e+00, 0e+00, 0e+00, 0e+00, 0e+00, 0e+00, 0e+00, 0e+00, 0e+00, 0e+00, 0e+00, 0e+00, 0e+00, 0e+00, 0e+00, 0e+00, 0e+00, 0e+00, 0e+00, 0e+00, 0e+00, 0e+00, 0e+00, 0e+00, 0e+00, 0e+00, 0e+00, 0e+00, 0e+00, 0e+00, 0e+00, 0e+00, 0e+00, 0e+00, 0e+00, 0e+00, 0e+00, 0e+00, 0e+00, 0e+00, 0e+00, 0e+00]
chiWSE.wse.heaExc.hex.Q2_flow=[-0e+00, -0e+00, -1.7466378125e+05, -1.122746015625e+05, -8.4542015625e+04, -8.3975609375e+04, -8.7629875e+04, -9.416100000000001e+04, -1.025977578125e+05, -1.123065703125e+05, -1.22827140625e+05, -1.33701875e+05, -1.44612109375e+05, -1.55377375e+05, -1.6620471875e+05, -1.790179375e+05, -2.0954978125e+05, -2.2828740625e+05, -2.39207921875e+05, -2.51098046875e+05, -2.6300415625e+05, -2.74882875e+05, -2.8677703125e+05, -2.985801875e+05, -3.103556875e+05, -3.221210625e+05, -3.3352184375e+05, -3.447059375e+05, -3.5385103125e+05, -3.533326875e+05, -3.6007265625e+05, -3.7105265625e+05, -3.8348875e+05, -3.958013125e+05, -4.081385937500001e+05, -4.200165624999999e+05, -4.319568125e+05, -4.4396325e+05, -4.5595928125e+05, -4.68105875e+05, -4.2089909375e+05, -4.3331784375e+05, -4.4093403125e+05, -4.4166553125e+05, -4.4290834375e+05, -4.429556875e+05, -4.404570625e+05, -4.3589909375e+05, -4.3075203125e+05, -4.258285625e+05, -4.2196540625e+05, -4.1967053125e+05, -4.1844553125e+05, -4.1772128125e+05, -4.169298125e+05, -4.151806875e+05, -4.1236465625e+05, -4.10066625e+05, -4.097140625e+05, -4.1175096875e+05, -4.1357928125e+05, -4.14951125e+05, -4.159633125e+05, -4.1666878125e+05, -4.1696696875e+05, -4.171985625e+05, -4.177751875e+05, -4.1935909375e+05, -4.259867187500001e+05, -4.364236562499999e+05, -4.472379374999999e+05, -4.54996e+05, -4.589929375e+05, -4.6136553125e+05, -4.6377575e+05, -4.678945625e+05, -4.7446746875e+05, -4.8223221875e+05, -4.8952303125e+05, -5.0218e+05, -5.26239375e+05, -5.282369375e+05, -5.2989225e+05, -5.29708e+05, -5.29769625e+05, -5.296948125e+05, -5.296661875e+05, -5.29594e+05, -5.295496875e+05, -5.29594375e+05, -5.295878125e+05, -5.295340625e+05, -5.293983125e+05, -5.291485e+05, -5.2902925e+05, -5.290498125e+05, -5.29261125e+05, -5.29933e+05, -5.29837375e+05, -5.29625e+05, -5.2902425e+05]
ahu.cooCoi.Q2_flow=[-0e+00, -0e+00, -1.38591375e+05, -1.014480625e+05, -8.30799765625e+04, -8.496453125e+04, -9.02338671875e+04, -9.779645312500001e+04, -1.068588828125e+05, -1.169209296875e+05, -1.27619859375e+05, -1.3858896875e+05, -1.49572140625e+05, -1.60420859375e+05, -1.71309328125e+05, -1.88005828125e+05, -2.15348203125e+05, -2.30558828125e+05, -2.42072828125e+05, -2.5399565625e+05, -2.658933125e+05, -2.7776021875e+05, -2.896276875e+05, -3.014358125e+05, -3.1322503125e+05, -3.25008375e+05, -3.365370625e+05, -3.4715365625e+05, -3.554355e+05, -3.5357621875e+05, -3.601235e+05, -3.711975625e+05, -3.83511875e+05, -3.957444375e+05, -4.079873437500001e+05, -4.198864687499999e+05, -4.318224375e+05, -4.4380615625e+05, -4.55776375e+05, -4.6787428125e+05, -4.7244215625e+05, -4.9078578125e+05, -5.012215625e+05, -5.01182375e+05, -5.011805625e+05, -5.0118021875e+05, -5.01180125e+05, -5.0118e+05, -5.0117990625e+05, -5.0117978125e+05, -5.011796875e+05, -5.011795625e+05, -5.0117946875e+05, -5.0117934375e+05, -5.0117925e+05, -5.01179125e+05, -5.0117903125e+05, -5.0117890625e+05, -5.011788125e+05, -5.0117871875e+05, -5.0117859375e+05, -5.011785e+05, -5.0117840625e+05, -5.0117828125e+05, -5.011781875e+05, -5.0117809375e+05, -5.0117796875e+05, -5.01177875e+05, -5.0117778125e+05, -5.011776875e+05, -5.0117759375e+05, -5.011775e+05, -5.0117740625e+05, -5.011773125e+05, -5.0117721875e+05, -5.0117709375e+05, -5.01177e+05, -5.0117690625e+05, -5.011768125e+05, -5.0359853125e+05, -5.27149625e+05, -5.28208e+05, -5.298646875e+05, -5.297669375e+05, -5.298099375e+05, -5.296856875e+05, -5.296613125e+05, -5.2959075e+05, -5.29544875e+05, -5.295898125e+05, -5.295839375e+05, -5.2953075e+05, -5.293973125e+05, -5.29147e+05, -5.290259375e+05, -5.290445e+05, -5.292506875e+05, -5.299115625e+05, -5.2983275e+05, -5.296254375e+05, -5.29029875e+05]
>>>>>>> master
