<<<<<<< HEAD
last-generated=2022-08-05
=======
last-generated=2024-09-13
>>>>>>> master
statistics-initialization=
{
  "nonlinear": "5, 10, 0, 0",
  "numerical Jacobians": "0"
}
statistics-simulation=
{
  "linear": "0, 0, 0, 0, 0, 0, 0",
  "nonlinear": "10, 0",
  "number of continuous time states": "27",
  "numerical Jacobians": "0"
}
time=[0e+00, 1.728e+05]
vol.T_start=[2.931499938964844e+02, 2.931499938964844e+02]
<<<<<<< HEAD
vol.T=[2.931499938964844e+02, 2.834424438476562e+02, 2.87975830078125e+02, 2.904375915527344e+02, 2.917437744140625e+02, 2.922463684082031e+02, 2.922637939453125e+02, 2.922633666992188e+02, 2.922630920410156e+02, 2.922547302246094e+02, 2.922603759765625e+02, 2.922633666992188e+02, 2.922631530761719e+02, 2.92262939453125e+02, 2.922693481445312e+02, 2.922631530761719e+02, 2.922631530761719e+02, 2.922323608398438e+02, 2.925197143554688e+02, 2.92611572265625e+02, 2.925764465332031e+02, 2.925880432128906e+02, 2.925780334472656e+02, 2.925487060546875e+02, 2.926047058105469e+02, 2.925747680664062e+02, 2.925934753417969e+02, 2.92576904296875e+02, 2.925494995117188e+02, 2.926019287109375e+02, 2.925724487304688e+02, 2.925982360839844e+02, 2.925763244628906e+02, 2.925514831542969e+02, 2.925987548828125e+02, 2.925695495605469e+02, 2.926022644042969e+02, 2.925763244628906e+02, 2.92360107421875e+02, 2.922590637207031e+02, 2.922630004882812e+02, 2.922630004882812e+02, 2.922637634277344e+02, 2.922639465332031e+02, 2.922631530761719e+02, 2.922630004882812e+02, 2.922543640136719e+02, 2.922632141113281e+02, 2.922632751464844e+02, 2.922630310058594e+02, 2.922839050292969e+02, 2.922629699707031e+02, 2.922632141113281e+02, 2.922630615234375e+02, 2.922412109375e+02, 2.922655334472656e+02, 2.922632751464844e+02, 2.922630920410156e+02, 2.922297668457031e+02, 2.922609558105469e+02, 2.922635192871094e+02, 2.922631225585938e+02, 2.92262939453125e+02, 2.922648315429688e+02, 2.922630615234375e+02, 2.922631530761719e+02, 2.922629699707031e+02, 2.922689208984375e+02, 2.925298156738281e+02, 2.92608642578125e+02, 2.925738830566406e+02, 2.925951843261719e+02, 2.925766296386719e+02, 2.925500793457031e+02, 2.92600830078125e+02, 2.925715026855469e+02, 2.925997619628906e+02, 2.925762634277344e+02, 2.925524291992188e+02, 2.925975646972656e+02, 2.92568359375e+02, 2.92603515625e+02, 2.925764465332031e+02, 2.92555908203125e+02, 2.925941467285156e+02, 2.92564697265625e+02, 2.926063842773438e+02, 2.925770568847656e+02, 2.923649291992188e+02, 2.922583312988281e+02, 2.922630004882812e+02, 2.922630004882812e+02, 2.922687683105469e+02, 2.922630920410156e+02, 2.922631530761719e+02, 2.922629699707031e+02, 2.922615356445312e+02, 2.922640075683594e+02, 2.922631530761719e+02, 2.922630004882812e+02, 2.922565612792969e+02]
TOut.T=[2.631499938964844e+02, 2.631499938964844e+02]
boi.vol.T=[2.931499938964844e+02, 3.432238464355469e+02, 3.432101440429688e+02, 3.432014770507812e+02, 3.431956481933594e+02, 3.441291198730469e+02, 3.487716369628906e+02, 3.537099609375e+02, 3.586436157226562e+02, 3.4892529296875e+02, 3.480600891113281e+02, 3.529177856445312e+02, 3.5785400390625e+02, 3.627994384765625e+02, 3.472210388183594e+02, 3.521420288085938e+02, 3.570642395019531e+02, 3.437579650878902e+02, 3.463758544921875e+02, 3.56116455078125e+02, 3.502173461914062e+02, 3.509793701171875e+02, 3.618900146484375e+02, 3.46979736328125e+02, 3.569051513671875e+02, 3.484671325683594e+02, 3.514957580566406e+02, 3.623726501464844e+02, 3.47388153076172e+02, 3.574933776855469e+02, 3.466920776367188e+02, 3.520322570800781e+02, 3.628507690429688e+02, 3.477938537597656e+02, 3.580711059570314e+02, 3.449271545410162e+02, 3.525875854492188e+02, 3.620626831054688e+02, 3.472239074707031e+02, 3.523981323242188e+02, 3.572032775878906e+02, 3.62154296875e+02, 3.464366149902344e+02, 3.514956665039062e+02, 3.564223937988281e+02, 3.613634033203125e+02, 3.460184631347656e+02, 3.5069580078125e+02, 3.556327209472656e+02, 3.6057275390625e+02, 3.4491552734375e+02, 3.499472045898438e+02, 3.548437194824219e+02, 3.597820129394531e+02, 3.438866271972656e+02, 3.491156311035157e+02, 3.540593261718751e+02, 3.589917297363281e+02, 3.442456970214844e+02, 3.483418579101562e+02, 3.532662048339844e+02, 3.582022094726562e+02, 3.631483764648438e+02, 3.476452941894531e+02, 3.524827880859375e+02, 3.574119873046875e+02, 3.623568115234375e+02, 3.466910400390625e+02, 3.467760314941409e+02, 3.569418334960934e+02, 3.478081665039073e+02, 3.516821899414062e+02, 3.625423889160156e+02, 3.4753271484375e+02, 3.5769921875e+02, 3.460662536621094e+02, 3.522269287109375e+02, 3.630194091796875e+02, 3.479353637695312e+02, 3.582729187011719e+02, 3.443026428222656e+02, 3.527882995605469e+02, 3.611705322265625e+02, 3.48334716796875e+02, 3.588339233398438e+02, 3.437230834960938e+02, 3.533651428222656e+02, 3.591260986328125e+02, 3.480292053222656e+02, 3.531039733886719e+02, 3.579050903320312e+02, 3.628589477539062e+02, 3.472991638183594e+02, 3.52200927734375e+02, 3.571239013671875e+02, 3.620680236816406e+02, 3.463624572753906e+02, 3.514066467285156e+02, 3.563357849121094e+02, 3.61276611328125e+02, 3.459657287597656e+02]
temSup.T=[2.931499938964844e+02, 3.091199951171875e+02, 3.158226928710938e+02, 3.193419189453125e+02, 3.212030944824219e+02, 3.217143859863281e+02, 3.215343627929688e+02, 3.215324096679688e+02, 3.215332641601562e+02, 3.21085205078125e+02, 3.21568115234375e+02, 3.215348205566406e+02, 3.215323791503906e+02, 3.215325622558594e+02, 3.214640502929688e+02, 3.215343933105469e+02, 3.215325012207031e+02, 3.196226806640625e+02, 3.177442626953125e+02, 3.166663513183594e+02, 3.166170959472656e+02, 3.170332946777344e+02, 3.170291442871094e+02, 3.172931823730469e+02, 3.167246704101562e+02, 3.166212158203125e+02, 3.169676513671875e+02, 3.17049560546875e+02, 3.172968139648438e+02, 3.167472839355469e+02, 3.165915222167969e+02, 3.169064636230469e+02, 3.170634155273438e+02, 3.17325439453125e+02, 3.167762451171875e+02, 3.165716857910156e+02, 3.168516540527344e+02, 3.170704040527344e+02, 3.203414001464844e+02, 3.215726928710938e+02, 3.215357055664062e+02, 3.215338745117188e+02, 3.215552673339844e+02, 3.215266723632812e+02, 3.215322875976562e+02, 3.215317687988281e+02, 3.216222839355469e+02, 3.215384826660156e+02, 3.215325927734375e+02, 3.215337219238281e+02, 3.212975158691406e+02, 3.215375061035156e+02, 3.215338745117188e+02, 3.215318603515625e+02, 3.218207092285156e+02, 3.2151318359375e+02, 3.215328369140625e+02, 3.215325927734375e+02, 3.215358276367188e+02, 3.215687866210938e+02, 3.215313110351562e+02, 3.215327453613281e+02, 3.215322875976562e+02, 3.215084838867188e+02, 3.215386352539062e+02, 3.215325927734375e+02, 3.215330200195312e+02, 3.194620666503906e+02, 3.176977844238281e+02, 3.166809387207031e+02, 3.166126403808594e+02, 3.169461364746094e+02, 3.1705517578125e+02, 3.17304443359375e+02, 3.167563781738281e+02, 3.165804138183594e+02, 3.168863525390625e+02, 3.170667419433594e+02, 3.173338928222656e+02, 3.167878723144531e+02, 3.165730590820312e+02, 3.168337097167969e+02, 3.17064697265625e+02, 3.173247680664062e+02, 3.168236999511719e+02, 3.16582275390625e+02, 3.167879943847656e+02, 3.16921142578125e+02, 3.202586364746094e+02, 3.215790100097656e+02, 3.215347595214844e+02, 3.215314025878906e+02, 3.214691772460938e+02, 3.21536376953125e+02, 3.215332336425781e+02, 3.215322875976562e+02, 3.215809631347656e+02, 3.215258483886719e+02, 3.21533203125e+02, 3.215327453613281e+02, 3.215897827148438e+02]
temRet.T=[2.931499938964844e+02, 3.331857299804688e+02, 3.331723022460938e+02, 3.331642456054688e+02, 3.331573181152344e+02, 3.340659484863281e+02, 3.389299926757812e+02, 3.438696594238281e+02, 3.488027954101562e+02, 3.429994201660156e+02, 3.381848449707031e+02, 3.430753173828125e+02, 3.480139465332031e+02, 3.5295947265625e+02, 3.374441528320312e+02, 3.422996520996094e+02, 3.4722412109375e+02, 3.360430603027339e+02, 3.370530090332031e+02, 3.477565002441406e+02, 3.45381591796875e+02, 3.423105163574219e+02, 3.531741027832031e+02, 3.38049072265625e+02, 3.484804077148438e+02, 3.436245727539062e+02, 3.428868713378906e+02, 3.536407470703125e+02, 3.384632568359377e+02, 3.490430297851562e+02, 3.418783874511719e+02, 3.434782409667969e+02, 3.541091918945312e+02, 3.388474731445312e+02, 3.49590057373047e+02, 3.401309204101566e+02, 3.440816040039062e+02, 3.5457861328125e+02, 3.385020446777344e+02, 3.425165100097656e+02, 3.473603820800781e+02, 3.5231298828125e+02, 3.365792846679688e+02, 3.416606750488281e+02, 3.465824584960938e+02, 3.51524169921875e+02, 3.360878601074219e+02, 3.4085009765625e+02, 3.457923278808594e+02, 3.507315979003906e+02, 3.352991333007812e+02, 3.401012573242188e+02, 3.45002197265625e+02, 3.49942626953125e+02, 3.33809326171875e+02, 3.392939147949219e+02, 3.442185974121094e+02, 3.491515808105468e+02, 3.343067626953125e+02, 3.384680480957031e+02, 3.434270935058594e+02, 3.483618774414062e+02, 3.533086853027344e+02, 3.37824462890625e+02, 3.426366882324219e+02, 3.475717163085938e+02, 3.52516357421875e+02, 3.391351013183594e+02, 3.375020446777347e+02, 3.48560150146484e+02, 3.429735412597664e+02, 3.430927124023438e+02, 3.53806396484375e+02, 3.38603271484375e+02, 3.492389831542969e+02, 3.412627868652344e+02, 3.43690673828125e+02, 3.542759399414062e+02, 3.389817504882812e+02, 3.497799377441406e+02, 3.39504638671875e+02, 3.442978210449219e+02, 3.546878356933594e+02, 3.393913269042969e+02, 3.503050842285156e+02, 3.377322692871094e+02, 3.449132385253906e+02, 3.540463256835938e+02, 3.393753051757812e+02, 3.432162475585938e+02, 3.480631408691406e+02, 3.530201110839844e+02, 3.375168762207031e+02, 3.423569030761719e+02, 3.472830810546875e+02, 3.522283020019531e+02, 3.364809265136719e+02, 3.415722961425781e+02, 3.464947509765625e+02, 3.514363708496094e+02, 3.360642700195312e+02]
=======
vol.T=[2.931499938964844e+02, 2.834354248046875e+02, 2.879717712402344e+02, 2.904354858398438e+02, 2.9174267578125e+02, 2.922487487792969e+02, 2.922635498046875e+02, 2.922633361816406e+02, 2.922630920410156e+02, 2.922577209472656e+02, 2.922620544433594e+02, 2.922633056640625e+02, 2.922631225585938e+02, 2.922629699707031e+02, 2.922676696777344e+02, 2.922633056640625e+02, 2.922631530761719e+02, 2.9228515625e+02, 2.925320129394531e+02, 2.926033020019531e+02, 2.925704650878906e+02, 2.925985412597656e+02, 2.925786743164062e+02, 2.925573425292969e+02, 2.925936584472656e+02, 2.925604553222656e+02, 2.926056823730469e+02, 2.925785522460938e+02, 2.9257080078125e+02, 2.925859069824219e+02, 2.925517883300781e+02, 2.926061401367188e+02, 2.925763244628906e+02, 2.92586181640625e+02, 2.925805358886719e+02, 2.925504150390625e+02, 2.926011962890625e+02, 2.92570068359375e+02, 2.923551940917969e+02, 2.922599487304688e+02, 2.922628479003906e+02, 2.922639770507812e+02, 2.922637023925781e+02, 2.9226318359375e+02, 2.922630004882812e+02, 2.922550048828125e+02, 2.922634582519531e+02, 2.922632141113281e+02, 2.922630004882812e+02, 2.922725219726562e+02, 2.92262939453125e+02, 2.922632446289062e+02, 2.922630310058594e+02, 2.92274658203125e+02, 2.922642517089844e+02, 2.922632446289062e+02, 2.922630615234375e+02, 2.922259216308594e+02, 2.922642211914062e+02, 2.922633666992188e+02, 2.922630920410156e+02, 2.922372436523438e+02, 2.92261474609375e+02, 2.922633972167969e+02, 2.922631225585938e+02, 2.922629089355469e+02, 2.922646179199219e+02, 2.923041381835938e+02, 2.925347900390625e+02, 2.926017761230469e+02, 2.925685119628906e+02, 2.926007080078125e+02, 2.925786437988281e+02, 2.925599670410156e+02, 2.925918273925781e+02, 2.9255810546875e+02, 2.926063537597656e+02, 2.925783386230469e+02, 2.925742797851562e+02, 2.925844421386719e+02, 2.925507202148438e+02, 2.926054382324219e+02, 2.925752868652344e+02, 2.925894165039062e+02, 2.925798034667969e+02, 2.925513305664062e+02, 2.925995788574219e+02, 2.925680847167969e+02, 2.923546752929688e+02, 2.922598571777344e+02, 2.922628479003906e+02, 2.922679138183594e+02, 2.922634887695312e+02, 2.922631530761719e+02, 2.922629699707031e+02, 2.922577514648438e+02, 2.922637329101562e+02, 2.922632141113281e+02, 2.922630004882812e+02, 2.922605285644531e+02, 2.922630615234375e+02]
TOut.T=[2.631499938964844e+02, 2.631499938964844e+02]
boi.vol.T=[2.931499938964844e+02, 3.432243347167969e+02, 3.43210205078125e+02, 3.432014770507812e+02, 3.4319580078125e+02, 3.441199645996094e+02, 3.487748413085938e+02, 3.537034606933594e+02, 3.58637451171875e+02, 3.490130004882812e+02, 3.481771240234375e+02, 3.530438537597656e+02, 3.579773864746094e+02, 3.629228820800781e+02, 3.474725036621094e+02, 3.523904724121094e+02, 3.573169555664062e+02, 3.434297180175781e+02, 3.474353332519531e+02, 3.578296508789062e+02, 3.444281311035156e+02, 3.529772644042969e+02, 3.597702941894531e+02, 3.489180297851562e+02, 3.595120849609375e+02, 3.451519470214844e+02, 3.546056823730469e+02, 3.545046691894531e+02, 3.501510620117189e+02, 3.610328369140625e+02, 3.465444030761719e+02, 3.5628955078125e+02, 3.493494567871094e+02, 3.515149841308594e+02, 3.62476776123047e+02, 3.477787170410155e+02, 3.5795947265625e+02, 3.442629699707031e+02, 3.525530395507812e+02, 3.574292602539062e+02, 3.622850646972656e+02, 3.467362976074219e+02, 3.517554321289062e+02, 3.566834411621094e+02, 3.616258239746094e+02, 3.462915954589844e+02, 3.510905456542969e+02, 3.560236206054688e+02, 3.609640502929688e+02, 3.456781616210938e+02, 3.504484558105469e+02, 3.553637390136719e+02, 3.603031311035156e+02, 3.4448681640625e+02, 3.497915954589844e+02, 3.547055053710938e+02, 3.596419372558594e+02, 3.442183532714843e+02, 3.491004333496094e+02, 3.540467529296875e+02, 3.589810180664062e+02, 3.442681579589844e+02, 3.484804382324219e+02, 3.533857116699219e+02, 3.583207397460938e+02, 3.587031860351562e+02, 3.478655090332031e+02, 3.451781921386719e+02, 3.47669860839844e+02, 3.582055969238278e+02, 3.432872924804698e+02, 3.533358764648438e+02, 3.585591735839844e+02, 3.491876525878906e+02, 3.598624572753906e+02, 3.454793395996094e+02, 3.5498291015625e+02, 3.533341369628906e+02, 3.504453735351562e+02, 3.613640747070312e+02, 3.468338012695312e+02, 3.566693725585938e+02, 3.481989440917969e+02, 3.518435974121094e+02, 3.627946166992188e+02, 3.480448608398438e+02, 3.583280639648438e+02, 3.431802368164062e+02, 3.529063720703125e+02, 3.577623901367188e+02, 3.626194763183594e+02, 3.471006164550781e+02, 3.520878295898438e+02, 3.570132751464844e+02, 3.619568786621094e+02, 3.464732666015625e+02, 3.514214172363281e+02, 3.563537292480469e+02, 3.612948913574219e+02, 3.460731201171875e+02, 3.507669982910156e+02]
temSup.T=[2.931499938964844e+02, 3.091083984375e+02, 3.158170471191406e+02, 3.193389892578125e+02, 3.212013549804688e+02, 3.216796569824219e+02, 3.215358276367188e+02, 3.215327758789062e+02, 3.215326232910156e+02, 3.211589660644531e+02, 3.215477905273438e+02, 3.215340576171875e+02, 3.215326232910156e+02, 3.215323486328125e+02, 3.21487548828125e+02, 3.215340576171875e+02, 3.215327453613281e+02, 3.191990661621093e+02, 3.17555908203125e+02, 3.167596435546875e+02, 3.166121520996094e+02, 3.168853454589844e+02, 3.169859008789062e+02, 3.172790222167969e+02, 3.1684814453125e+02, 3.167922973632812e+02, 3.167825622558594e+02, 3.1678271484375e+02, 3.171808776855469e+02, 3.169333190917969e+02, 3.171121520996094e+02, 3.167475891113281e+02, 3.166632080078125e+02, 3.170289306640625e+02, 3.170016784667969e+02, 3.1726904296875e+02, 3.167776489257812e+02, 3.166132507324219e+02, 3.204086608886719e+02, 3.215620422363281e+02, 3.215342712402344e+02, 3.215428161621094e+02, 3.215300598144531e+02, 3.215328674316406e+02, 3.215323181152344e+02, 3.216269836425781e+02, 3.215343322753906e+02, 3.215326232910156e+02, 3.215325012207031e+02, 3.214167175292969e+02, 3.215393371582031e+02, 3.215329284667969e+02, 3.215326232910156e+02, 3.21439208984375e+02, 3.215244445800781e+02, 3.215333557128906e+02, 3.21532470703125e+02, 3.219090881347656e+02, 3.215292663574219e+02, 3.215323791503906e+02, 3.215326843261719e+02, 3.212796020507812e+02, 3.215583190917969e+02, 3.215327453613281e+02, 3.215326843261719e+02, 3.214558715820312e+02, 3.215176086425781e+02, 3.1905810546875e+02, 3.175430908203124e+02, 3.167720947265625e+02, 3.166083679199219e+02, 3.168570251464844e+02, 3.169317016601562e+02, 3.172647094726562e+02, 3.168674011230469e+02, 3.168805541992188e+02, 3.167684936523438e+02, 3.167492065429688e+02, 3.17149169921875e+02, 3.169511108398438e+02, 3.171614685058594e+02, 3.167492065429688e+02, 3.166463928222656e+02, 3.169933471679688e+02, 3.170125732421875e+02, 3.172828674316406e+02, 3.167914733886719e+02, 3.166097106933594e+02, 3.204106140136719e+02, 3.215628967285156e+02, 3.215341796875e+02, 3.214923095703125e+02, 3.215320434570312e+02, 3.215328369140625e+02, 3.215324401855469e+02, 3.216096496582031e+02, 3.215305480957031e+02, 3.215327453613281e+02, 3.215323791503906e+02, 3.215506896972656e+02, 3.215387878417969e+02]
temRet.T=[2.931499938964844e+02, 3.331850280761719e+02, 3.331715698242188e+02, 3.331629638671875e+02, 3.331573791503906e+02, 3.340829772949219e+02, 3.389314880371094e+02, 3.438628845214844e+02, 3.487971801757812e+02, 3.430349426269531e+02, 3.383205261230469e+02, 3.432020874023438e+02, 3.481371459960938e+02, 3.530831298828125e+02, 3.376747436523438e+02, 3.425484924316406e+02, 3.474765930175781e+02, 3.347615356445312e+02, 3.382713928222656e+02, 3.493782348632812e+02, 3.396006774902344e+02, 3.444403381347656e+02, 3.54436279296875e+02, 3.400115966796875e+02, 3.509655151367188e+02, 3.365336303710938e+02, 3.461556701660156e+02, 3.495435791015625e+02, 3.413400878906252e+02, 3.524039001464844e+02, 3.377500610351562e+02, 3.478589172363281e+02, 3.444789428710938e+02, 3.428470458984375e+02, 3.537870483398439e+02, 3.388709106445312e+02, 3.494874877929688e+02, 3.394345703125e+02, 3.437693481445312e+02, 3.475579223632812e+02, 3.524436645507812e+02, 3.368891906738281e+02, 3.419173278808594e+02, 3.468429260253906e+02, 3.517860412597656e+02, 3.363580017089844e+02, 3.412485961914062e+02, 3.461832885742188e+02, 3.511240539550781e+02, 3.359442443847656e+02, 3.406012268066406e+02, 3.455231018066406e+02, 3.504630126953125e+02, 3.347529602050781e+02, 3.399584655761719e+02, 3.448644104003907e+02, 3.498019409179688e+02, 3.340545959472658e+02, 3.392638244628906e+02, 3.4420654296875e+02, 3.491407775878906e+02, 3.345238952636719e+02, 3.386150817871094e+02, 3.435451965332031e+02, 3.484804382324219e+02, 3.524263305664062e+02, 3.380373840332031e+02, 3.37945556640625e+02, 3.385202636718753e+02, 3.497398071289059e+02, 3.384635314941415e+02, 3.448238830566406e+02, 3.535355834960938e+02, 3.402957153320312e+02, 3.512967224121094e+02, 3.368088073730469e+02, 3.465433044433594e+02, 3.483975830078125e+02, 3.416645202636719e+02, 3.527187805175781e+02, 3.380034484863281e+02, 3.482340393066406e+02, 3.433420715332031e+02, 3.432086181640625e+02, 3.54095947265625e+02, 3.391278686523438e+02, 3.498406677246094e+02, 3.382961730957031e+02, 3.441192626953125e+02, 3.478902587890625e+02, 3.527781677246094e+02, 3.373005676269531e+02, 3.422477416992188e+02, 3.471727905273438e+02, 3.52116943359375e+02, 3.365605163574219e+02, 3.415830078125e+02, 3.465132751464844e+02, 3.514550476074219e+02, 3.36208984375e+02, 3.40920654296875e+02]
>>>>>>> master
